Joueur,Note,Note 1 an,j1,j2,j3,j4,j5,j6,j7,j8,j9,j10,j11,j12,j13,j14,j15,j16,j17,j18,j20,j21,j22,j23,j24,j25,j26,j27,j28,j29,j30,j31,j32,j33,j34,j35,j36,j37,j38,j19,prediction_label,Poste,Championnat,Terrain
Lafont Alban,5.56,5.62,7.5,6.0,6.0,5.5,4.5,5.0,4.0,6.0,3.5,3.0,5.0,4.0,5.56,8.0,4.5,6.0,7.5,7.0,6.0,5.0,6.0,5.0,6.5,9.0,5.5,6.0,5.0,5.5,5.0,6.5,5.0,4.5,7.0,4.0,6.0,3.5,5.5,7.0,6.9474354,G,Ligue 1,G
Diouf Yehvann,6.04,6.04,6.04,6.04,6.04,6.04,6.04,6.04,6.04,6.0,4.0,6.5,6.5,5.0,7.0,6.5,6.5,6.0,6.0,6.0,6.04,6.04,6.04,6.04,6.04,6.04,6.04,6.04,6.04,6.04,6.04,6.04,6.04,6.04,6.04,6.04,6.04,6.04,6.04,6.5,6.434873,G,Ligue 1,G
Sels Matz,5.29,5.33,7.0,5.5,6.0,5.0,5.0,5.0,6.0,5.0,4.0,6.0,4.5,5.5,4.0,4.0,4.5,5.5,4.0,7.0,5.29,6.0,3.5,6.0,6.0,4.5,5.5,4.5,6.0,6.0,6.0,5.0,5.5,5.5,5.0,4.5,6.5,6.0,4.0,7.0,6.4232907,G,Ligue 1,G
Quilichini Ghjuvanni,6.0,6.0,6.0,6.0,6.0,6.0,6.0,6.0,6.0,6.0,6.0,6.0,6.0,6.0,6.0,6.0,6.0,6.0,6.0,6.0,6.0,6.0,6.0,6.0,6.0,6.0,6.0,6.0,6.0,6.0,6.0,6.0,6.0,6.0,6.0,6.0,6.0,6.0,6.0,6.0,6.029889,G,Ligue 1,G
Descamps Rémy,6.0,6.0,6.0,6.0,6.0,6.0,6.0,6.0,6.0,6.0,6.0,6.0,6.0,6.0,6.0,6.0,6.0,6.0,6.0,6.0,6.0,6.0,6.0,6.0,6.0,6.0,6.0,6.0,6.0,6.0,6.0,6.0,6.0,6.0,6.0,6.0,6.0,6.0,6.0,6.0,6.029889,G,Ligue 1,G
Blázquez Joaquín,6.0,6.0,6.0,6.0,6.0,6.0,6.0,6.0,6.0,6.0,6.0,6.0,6.0,6.0,6.0,6.0,6.0,6.0,6.0,6.0,6.0,6.0,6.0,6.0,6.0,6.0,6.0,6.0,6.0,6.0,6.0,6.0,6.0,6.0,6.0,6.0,6.0,6.0,6.0,6.0,6.029889,G,Ligue 1,G
Bizot Marco,5.19,5.3,4.5,5.0,6.0,1.0,5.5,5.5,5.5,5.0,5.0,5.5,4.0,6.0,5.19,7.0,5.5,4.0,6.0,6.5,3.0,6.0,7.5,6.0,5.0,4.5,7.0,7.0,3.0,5.5,5.0,5.5,4.5,6.0,5.5,8.5,6.0,4.5,2.5,6.0,6.000186,G,Ligue 1,G
Donnarumma Gianluigi,5.79,5.7,5.5,5.0,8.0,5.0,7.0,5.5,7.5,6.5,4.5,7.0,7.0,6.0,4.5,4.5,6.0,6.0,3.0,5.5,5.79,6.0,5.79,6.5,5.79,5.79,6.5,5.79,5.79,5.0,5.5,6.0,4.5,5.79,5.79,4.0,5.79,5.5,5.79,6.0,5.868135,G,Ligue 1,G
Mandanda Steve,5.35,5.43,5.0,6.0,5.35,5.35,5.0,4.0,7.0,5.5,5.5,6.5,4.0,5.0,6.0,5.5,6.0,3.5,5.5,5.0,5.35,5.35,5.35,5.35,5.35,5.35,5.35,5.35,5.35,5.35,5.35,6.0,5.35,5.35,6.0,5.35,5.5,4.5,6.5,6.0,5.853891,G,Ligue 1,G
Riou Rémy,5.25,5.5,6.0,5.25,4.5,5.5,5.0,5.25,5.25,5.25,5.25,5.25,5.25,5.25,5.25,5.25,5.25,5.25,5.25,5.25,4.0,5.0,6.0,6.0,5.25,5.0,5.5,5.5,6.5,6.0,6.0,4.5,6.5,5.25,4.5,5.25,5.25,7.0,5.25,5.25,5.569784,G,Ligue 1,G
Samba Brice,5.76,5.76,5.0,6.0,6.0,6.0,4.5,5.5,6.0,6.5,6.0,6.0,5.5,6.5,5.5,5.5,5.5,7.0,5.5,5.5,5.76,5.76,5.76,5.76,5.76,5.76,5.76,5.76,5.76,5.76,5.76,5.76,5.76,5.76,5.76,5.76,5.76,5.76,5.76,5.5,5.502545,G,Ligue 1,G
Schmeichel Kasper,5.38,5.59,5.38,6.0,4.5,3.0,6.0,4.5,6.0,5.38,4.0,6.0,5.0,5.5,7.0,6.0,5.5,6.5,5.0,5.0,8.0,7.0,6.5,5.5,7.0,4.0,4.0,7.0,8.0,6.0,6.5,6.0,7.0,5.5,6.0,4.5,5.0,5.38,5.5,6.0,5.4467826,G,Ligue 1,G
Mvogo Yvon,5.43,5.43,8.0,7.0,6.0,5.5,2.5,6.0,5.5,4.5,6.0,6.0,6.0,4.5,5.0,3.5,5.43,5.43,5.43,5.43,5.43,5.43,5.43,5.43,5.43,5.43,5.43,5.43,5.43,5.43,5.43,5.43,5.43,5.43,5.43,5.43,5.43,5.43,5.43,5.43,5.3717213,G,Ligue 1,G
Blanco Rubén,5.33,5.33,6.0,6.0,5.33,5.33,5.33,5.33,5.33,5.33,5.33,4.0,5.33,5.33,5.33,5.33,5.33,5.33,5.33,5.33,5.33,5.33,5.33,5.33,5.33,5.33,5.33,5.33,5.33,5.33,5.33,5.33,5.33,5.33,5.33,5.33,5.33,5.33,5.33,5.33,5.329893,G,Ligue 1,G
Costil Benoît,4.82,4.46,3.0,4.0,7.0,7.0,5.5,5.0,3.0,4.0,5.5,5.0,4.5,7.0,6.0,6.0,2.5,4.0,5.0,2.5,5.0,2.5,4.82,4.82,4.82,4.82,4.82,4.82,4.82,3.5,4.82,4.82,4.82,4.82,2.5,4.5,2.5,4.82,4.82,5.0,5.201628,G,Ligue 1,G
Bulka Marcin,5.0,5.33,5.0,5.0,5.0,5.0,5.0,5.0,5.0,5.0,5.0,5.0,5.0,5.0,5.0,5.0,5.0,5.0,5.0,5.0,5.0,5.0,5.0,6.0,5.0,5.0,5.0,5.0,5.0,5.0,5.0,5.0,5.0,5.0,5.0,5.0,5.0,5.0,5.0,5.0,5.173588,G,Ligue 1,G
Dupé Maxime,5.58,5.54,5.5,6.0,6.5,4.5,7.0,4.0,5.5,4.5,6.0,7.0,5.0,6.5,6.0,6.0,6.0,2.5,5.5,7.0,6.0,5.0,6.0,5.0,5.0,5.5,5.58,6.0,3.5,5.5,6.0,5.0,6.0,6.0,5.0,6.0,5.0,5.5,7.0,5.0,5.1606708,G,Ligue 1,G
Diaw Mory,5.58,5.58,4.0,5.5,7.0,6.5,8.0,7.0,6.5,3.5,5.0,5.0,7.0,6.0,5.5,5.0,4.5,4.0,6.0,5.0,5.58,5.58,5.58,5.58,5.58,5.58,5.58,5.58,5.58,5.58,5.58,5.58,5.58,5.58,5.58,5.58,5.58,5.58,5.58,5.0,5.148529,G,Ligue 1,G
Fofana Yahia,5.0,5.0,5.0,5.0,5.0,5.0,5.0,5.0,5.0,7.0,4.0,4.0,4.0,5.0,6.5,4.5,5.0,5.0,5.0,5.0,5.0,4.0,6.0,6.0,2.5,3.0,6.0,6.0,4.5,4.5,4.5,4.0,7.0,6.0,5.0,5.0,5.5,5.5,5.0,5.0,5.1177044,G,Ligue 1,G
Chevalier Lucas,5.5,5.42,5.5,5.5,5.5,5.5,5.5,5.5,5.0,6.0,4.0,8.0,6.0,4.0,5.0,5.0,6.0,6.0,6.0,5.5,5.5,5.5,5.0,7.0,4.0,5.0,7.0,5.0,5.5,6.0,5.5,4.0,6.0,5.0,3.0,6.0,5.5,6.5,5.0,5.0,5.066936,G,Ligue 1,G
Nübel Alexander,5.79,5.77,7.0,7.0,3.5,6.0,5.0,7.5,7.0,6.0,5.5,6.0,6.0,4.0,6.0,7.0,3.5,6.0,7.0,5.0,7.0,5.5,4.5,6.5,5.5,5.5,6.0,6.0,5.0,7.0,5.5,4.5,5.0,5.5,6.0,6.0,6.0,5.5,6.5,5.0,5.0577626,G,Ligue 1,G
López Pau,5.91,5.39,5.91,5.91,5.5,6.0,5.5,6.0,5.5,6.0,7.0,5.91,7.0,6.0,6.0,7.0,6.0,6.0,4.0,6.0,6.0,6.0,6.0,4.0,5.5,4.0,5.0,5.5,5.0,5.5,3.5,5.91,4.5,4.5,5.91,3.5,5.91,5.91,5.91,5.0,4.954757,G,Ligue 1,G
Kamara Bingourou,4.9,4.9,4.9,4.9,4.9,4.9,4.9,4.9,4.5,4.9,3.0,4.9,4.9,6.0,3.5,7.5,4.9,4.9,4.9,4.9,4.9,4.9,4.9,4.9,4.9,4.9,4.9,4.9,4.9,4.9,4.9,4.9,4.9,4.9,4.9,4.9,4.9,4.9,4.9,4.9,4.934313,G,Ligue 1,G
Bernardoni Paul,4.86,4.9,6.0,4.5,4.5,6.5,3.5,2.0,4.86,4.86,4.86,4.86,4.86,5.0,4.86,4.86,4.86,4.5,6.0,6.0,4.86,5.0,6.0,5.0,5.5,5.0,4.0,6.0,6.0,6.0,5.0,3.0,6.0,5.5,3.5,4.0,3.0,6.0,6.0,5.0,4.9164467,G,Ligue 1,G
Alemdar Dogan,4.83,5.23,4.83,3.5,6.5,4.5,4.83,4.83,4.83,4.83,4.83,4.83,4.83,4.83,4.83,4.83,4.83,4.83,4.83,4.83,5.5,5.5,5.0,5.5,4.0,4.83,4.83,4.83,4.83,4.5,5.5,7.5,4.0,5.0,6.0,6.0,4.83,4.83,4.83,4.83,4.853847,G,Ligue 1,G
Gallon Gauthier,4.83,5.07,4.0,3.5,4.5,5.0,6.0,6.0,5.0,5.0,4.0,5.0,4.83,4.83,5.5,4.5,4.83,4.83,4.83,4.83,4.83,7.0,4.83,5.5,2.0,4.0,5.5,7.0,6.0,5.5,7.0,4.83,4.83,4.83,4.83,4.83,4.83,4.0,4.83,4.83,4.8016744,G,Ligue 1,G
Matis Carvalho Matis,4.75,4.75,4.75,4.75,4.75,4.75,5.5,4.0,4.75,4.75,4.75,4.75,4.75,4.75,4.75,4.75,4.75,4.75,4.75,4.75,4.75,4.75,4.75,4.75,4.75,4.75,4.75,4.75,4.75,4.75,4.75,4.75,4.75,4.75,4.75,4.75,4.75,4.75,4.75,4.75,4.741578,G,Ligue 1,G
Pentz Patrick,4.57,4.57,3.0,3.0,5.0,5.5,5.0,5.5,5.0,4.57,4.57,4.57,4.57,4.57,4.57,4.57,4.57,4.57,4.57,4.57,4.57,4.57,4.57,4.57,4.57,4.57,4.57,4.57,4.57,4.57,4.57,4.57,4.57,4.57,4.57,4.57,4.57,4.57,4.57,4.57,4.585005,G,Ligue 1,G
Léo Jardim,4.17,5.21,5.5,4.5,2.0,5.0,4.0,4.0,4.17,4.17,4.17,4.17,4.17,4.17,4.17,4.17,4.17,4.17,4.17,4.17,4.17,4.17,4.17,4.17,7.0,5.0,8.0,6.0,6.0,6.0,5.5,5.5,5.5,5.0,7.0,4.0,4.0,6.0,4.0,4.17,4.424086,G,Ligue 1,G
Lis Mateusz,5.5,5.5,5.5,5.5,5.5,5.5,5.5,5.5,5.5,5.5,5.5,5.5,7.5,4.5,5.5,5.5,5.5,7.0,6.0,4.0,5.5,5.5,5.5,5.5,5.5,5.5,5.5,5.5,5.5,5.5,5.5,5.5,5.5,5.5,5.5,5.5,5.5,5.5,5.5,4.0,4.405623,G,Ligue 1,G
Omlin Jonas,5.29,5.21,7.5,6.0,4.0,6.0,3.5,5.29,5.29,5.5,5.29,5.0,6.0,6.0,5.29,5.29,6.0,6.5,6.0,2.0,5.29,4.5,6.0,6.0,6.0,7.0,4.0,4.0,5.5,9.0,5.0,3.0,5.29,4.0,4.0,5.29,5.29,5.29,4.0,4.0,4.330446,G,Ligue 1,G
Anthony Lopes,5.25,5.32,3.0,3.5,5.25,5.25,5.25,6.0,4.0,6.5,7.0,5.0,4.0,6.0,7.5,4.5,5.5,5.5,5.0,7.0,5.0,6.0,6.0,4.5,6.5,6.0,4.5,6.5,2.5,6.0,5.5,4.0,5.25,5.25,5.25,6.5,5.0,6.0,7.0,4.0,4.2835946,G,Ligue 1,G
Sollacaro François-Joseph,3.0,4.92,3.0,3.0,3.0,3.0,3.0,3.0,3.0,3.0,3.0,3.0,3.0,3.0,3.0,3.0,3.0,3.0,3.0,3.0,3.0,3.0,3.0,3.0,4.0,7.0,3.0,3.0,3.0,3.0,3.0,3.0,3.0,3.0,3.0,3.0,5.5,4.0,6.0,3.0,3.8861008,G,Ligue 1,G
Mannone Vito,5.25,5.25,5.25,5.25,5.25,5.25,5.25,5.25,5.25,5.25,5.25,5.25,5.25,5.25,5.25,6.0,6.0,5.0,7.0,4.5,5.25,5.25,5.25,5.25,5.25,5.25,5.25,5.25,5.25,5.25,5.25,5.25,5.25,5.25,5.25,5.25,5.25,5.25,5.25,3.0,3.622456,G,Ligue 1,G
Leroy Benjamin,5.03,5.13,6.0,6.5,6.0,3.5,4.5,5.5,5.0,5.0,5.03,5.5,5.0,4.0,6.0,5.0,5.0,7.5,4.0,4.5,7.0,5.5,4.0,3.5,5.5,5.03,5.0,6.0,4.0,5.5,6.0,6.0,5.0,6.0,4.5,6.0,4.5,5.03,5.03,2.0,2.519561,G,Ligue 1,G
