Joueur,Note,Note 1 an,j1,j2,j3,j4,j5,j6,j7,j8,j9,j10,j11,j12,j13,j14,j15,j16,j17,j18,j20,j21,j22,j23,j24,j25,j26,j27,j28,j29,j30,j31,j32,j33,j34,j35,j36,j37,j38,j19,prediction_label,Poste,Championnat,Terrain
David Jonathan,5.89,5.3,8.5,7.0,4.0,4.5,5.0,8.0,4.0,6.0,7.0,6.0,7.5,6.5,5.0,5.0,4.5,5.5,6.0,4.0,5.89,5.0,5.0,3.0,5.0,3.5,4.0,7.5,4.0,5.0,4.5,4.0,3.0,4.5,4.5,3.5,3.5,8.0,5.0,8.0,7.424075,A,Ligue 1,A
Bayo Mohamed,4.83,4.93,5.0,4.0,4.83,4.83,4.0,4.83,5.0,4.0,4.5,4.83,4.83,4.5,4.5,4.83,4.5,6.0,4.83,4.0,4.83,4.83,4.83,4.5,4.0,6.5,4.0,4.83,4.0,4.5,5.0,3.0,5.0,6.0,7.0,4.0,7.0,5.0,5.5,8.0,7.2714815,A,Ligue 1,A
Ben Yedder Wissam,5.63,5.76,5.63,4.5,4.5,4.0,4.5,5.63,4.5,7.0,8.5,6.0,4.0,7.0,5.5,5.0,6.0,5.0,5.63,6.0,5.63,8.0,6.0,7.5,4.0,5.0,6.0,5.0,4.5,7.5,6.0,4.0,6.0,5.0,6.0,6.0,5.0,8.0,6.0,8.0,7.224812,A,Ligue 1,A
Diallo Habib,5.16,4.97,6.0,5.0,4.5,4.0,6.0,5.0,4.5,6.0,6.5,6.0,3.0,4.0,4.0,5.0,6.0,4.0,7.0,4.5,5.16,5.16,5.16,5.16,4.5,6.0,5.0,4.0,4.5,4.0,4.5,5.16,5.0,6.0,4.0,4.5,5.0,4.5,4.5,7.0,6.733491,A,Ligue 1,A
Embolo Breel,5.5,5.5,6.0,7.5,3.0,4.0,4.0,6.5,4.0,7.0,7.0,7.0,6.0,4.0,6.5,7.0,4.0,4.0,4.0,6.0,5.5,5.5,5.5,5.5,5.5,5.5,5.5,5.5,5.5,5.5,5.5,5.5,5.5,5.5,5.5,5.5,5.5,5.5,5.5,7.0,6.7234206,A,Ligue 1,A
Zhegrova Edon,5.33,5.16,4.5,5.33,4.0,6.0,6.0,5.5,5.33,5.33,5.33,5.33,4.5,5.33,5.33,5.33,5.33,5.5,5.0,5.33,5.33,5.33,5.33,4.5,5.33,2.0,5.33,6.0,4.5,5.33,5.5,6.5,6.0,6.0,5.5,4.5,5.0,5.0,4.5,7.0,6.4782205,A,Ligue 1,A
Mounié Steve,5.17,4.92,5.17,5.17,5.17,5.17,5.17,5.17,5.17,4.5,5.17,5.17,5.17,5.17,5.17,5.17,6.0,6.0,4.0,4.0,3.0,4.5,6.0,3.5,6.5,4.5,4.0,5.0,4.5,4.0,4.5,4.0,5.0,6.0,4.0,8.0,4.5,4.5,6.0,6.5,6.474347,A,Ligue 1,A
Kyei Grejohn,4.67,4.5,4.67,4.0,4.5,4.0,4.0,5.0,4.5,4.5,6.0,7.0,4.0,4.0,4.0,2.5,4.0,4.0,5.0,6.0,4.67,4.67,4.67,4.5,4.0,4.5,4.67,3.5,4.0,4.5,4.0,4.5,5.5,4.5,3.5,4.5,4.0,4.5,4.67,7.0,6.3999453,A,Ligue 1,A
Sánchez Alexis,5.41,5.16,5.41,4.5,5.0,8.0,4.0,6.5,6.0,4.5,5.41,4.0,4.5,5.0,5.41,5.0,7.0,5.0,6.0,5.0,5.0,5.0,4.0,5.0,4.5,4.5,4.5,4.5,5.41,6.0,4.5,5.41,5.41,6.5,4.5,5.0,6.0,4.0,5.41,6.5,6.23818,A,Ligue 1,A
Volland Kevin,5.92,5.63,5.92,5.92,5.92,7.0,5.92,5.92,5.92,5.92,6.0,5.92,5.92,5.0,5.0,6.0,6.5,5.92,5.92,5.92,4.0,6.0,5.92,5.5,4.5,4.5,3.0,5.0,3.5,7.0,5.92,6.0,7.0,5.5,7.0,6.5,5.0,7.0,6.0,5.92,6.214336,A,Ligue 1,A
Moffi Terem,5.58,5.31,5.0,7.0,3.0,7.0,7.0,4.5,4.5,6.5,5.0,8.0,4.5,5.58,4.5,7.0,6.0,4.0,5.0,6.0,5.58,5.0,6.0,5.58,4.5,4.5,5.0,5.5,4.5,4.0,6.0,8.0,4.0,4.5,4.5,6.5,4.0,4.0,5.0,6.0,5.933853,A,Ligue 1,A
Belaïli Youcef,5.63,5.46,4.0,5.5,7.0,3.5,5.0,5.0,5.63,5.63,5.63,5.63,6.0,5.0,5.5,8.0,8.0,7.0,4.0,5.0,5.63,5.63,5.63,5.0,7.0,3.5,4.5,5.63,3.5,4.5,5.63,5.0,4.5,5.63,7.0,7.0,5.0,6.0,6.0,6.0,5.8988338,A,Ligue 1,A
Mostafa Mohamed,5.34,5.34,4.5,5.0,6.0,7.0,6.5,5.0,4.5,5.0,5.0,4.5,7.0,5.0,6.0,4.5,6.0,5.0,5.0,4.0,5.34,5.34,5.34,5.34,5.34,5.34,5.34,5.34,5.34,5.34,5.34,5.34,5.34,5.34,5.34,5.34,5.34,5.34,5.34,6.0,5.7827344,A,Ligue 1,A
Del Castillo Romain,5.55,5.46,6.0,5.55,5.55,5.55,5.55,5.55,5.55,5.0,4.5,7.0,4.5,8.0,5.0,4.0,6.5,6.0,4.5,5.55,5.55,5.55,5.55,4.0,6.5,6.0,5.5,5.5,6.0,4.0,7.5,5.5,4.5,5.55,5.55,3.5,5.55,5.55,6.0,5.55,5.591441,A,Ligue 1,A
Virginius Alan,4.63,4.88,4.63,4.63,4.5,4.63,4.0,4.63,4.5,4.5,4.63,4.63,4.63,4.63,4.63,4.5,4.63,5.0,4.0,4.63,4.5,6.5,5.0,5.0,6.0,4.0,4.63,7.0,5.0,4.5,4.5,4.5,4.5,7.0,4.5,4.5,4.0,4.5,4.5,6.0,5.5895023,A,Ligue 1,A
Sotoca Florian,6.08,5.86,8.0,5.0,7.0,7.0,8.0,6.0,6.0,4.5,7.5,3.5,5.5,5.0,6.0,7.0,6.0,6.0,6.0,6.5,4.5,6.5,4.0,6.08,5.0,6.0,6.0,5.0,5.0,7.0,6.08,6.0,5.5,5.5,6.0,5.0,6.5,6.5,5.5,5.0,5.453153,A,Ligue 1,A
Healey Rhys,5.17,5.44,4.0,6.5,5.0,5.17,5.17,5.17,5.17,5.17,5.17,5.17,5.17,5.17,5.17,5.17,5.17,5.17,5.17,5.17,5.0,4.5,4.0,5.17,5.17,5.5,5.17,5.5,3.5,8.0,4.5,6.0,9.0,7.0,4.5,4.5,5.17,5.17,5.17,5.17,5.3496146,A,Ligue 1,A
Weah Timothy,4.9,5.06,4.9,4.9,4.9,4.9,4.9,4.9,4.9,4.9,4.9,4.0,6.5,4.5,4.5,5.0,5.5,4.5,4.5,4.5,4.9,4.9,4.5,3.5,5.0,5.0,4.0,4.9,4.5,4.5,4.9,4.9,4.0,5.0,7.0,4.5,5.0,8.0,8.0,5.5,5.348149,A,Ligue 1,A
van Bergen Mitchell,4.97,4.83,5.0,3.5,4.97,4.5,4.97,4.5,5.0,4.97,5.0,5.0,4.5,6.0,5.0,6.0,6.0,4.5,5.5,4.0,4.97,4.97,4.97,6.0,4.5,4.5,5.0,4.97,3.5,4.97,4.5,5.0,4.0,4.97,4.5,4.97,4.97,5.0,4.5,5.5,5.3247905,A,Ligue 1,A
Messi Lionel,7.03,6.68,9.0,7.0,8.0,5.0,8.0,8.0,7.5,8.0,7.0,7.03,5.5,8.0,7.0,7.03,5.5,7.03,7.03,7.0,7.03,7.03,5.5,8.0,6.0,6.0,7.5,4.0,6.0,7.03,6.5,8.0,4.5,7.03,7.0,5.5,5.0,8.0,8.0,5.0,5.310888,A,Ligue 1,A
Kalimuendo Arnaud,5.29,5.23,5.29,4.5,5.0,5.29,5.29,5.29,5.29,4.5,7.5,5.0,5.0,4.5,7.0,4.0,6.0,4.5,5.5,6.0,5.0,4.0,5.29,5.29,6.0,6.0,4.5,4.0,4.0,4.0,4.0,8.0,6.0,5.0,5.0,5.5,5.0,7.0,4.5,5.0,5.310209,A,Ligue 1,A
Toko Ekambi Karl,5.29,5.58,5.0,4.5,6.0,4.0,7.5,7.5,6.0,5.0,5.0,6.0,4.5,5.0,4.0,4.0,5.0,7.0,4.5,5.0,5.29,5.29,5.29,5.29,7.0,6.0,5.5,6.5,4.5,5.5,5.29,7.0,7.5,5.29,8.0,7.0,5.0,4.5,5.0,5.0,5.29371,A,Ligue 1,A
Diarra Stéphane,5.31,5.26,5.0,5.5,5.0,5.0,4.5,5.5,6.0,6.0,5.5,5.5,5.0,7.0,5.0,5.0,5.31,5.0,5.31,4.5,5.31,5.31,4.5,5.31,5.31,5.31,5.31,5.31,5.5,5.31,5.31,5.31,5.31,5.31,5.31,5.0,5.31,5.31,5.31,5.31,5.261839,A,Ligue 1,A
Ripart Renaud,5.12,5.16,5.0,4.5,5.0,7.0,5.0,4.5,4.5,7.0,5.0,4.5,5.5,5.12,5.5,5.0,4.0,4.5,6.5,4.0,5.12,5.0,5.12,5.12,5.12,5.12,5.12,5.12,5.0,5.12,6.0,4.5,5.5,5.0,5.0,5.5,5.5,4.0,6.5,5.12,5.257008,A,Ligue 1,A
Le Douaron Jérémy,4.71,4.56,4.5,4.0,7.5,4.0,4.71,4.71,4.71,4.71,5.0,4.0,4.5,6.5,4.5,3.5,4.0,4.71,4.0,4.5,4.5,4.5,5.0,3.5,4.5,4.5,4.5,5.0,3.0,5.0,4.71,4.0,4.71,4.71,4.71,4.71,4.71,4.5,4.5,5.5,5.219342,A,Ligue 1,A
Ito Junya,5.66,5.66,5.66,4.0,5.5,7.0,7.0,4.5,5.0,6.0,6.0,5.66,5.66,7.0,6.0,5.5,5.5,5.5,5.5,5.5,5.66,5.66,5.66,5.66,5.66,5.66,5.66,5.66,5.66,5.66,5.66,5.66,5.66,5.66,5.66,5.66,5.66,5.66,5.66,5.0,5.1869645,A,Ligue 1,A
Ouattara Dango,6.31,5.68,5.5,8.0,6.5,7.0,6.0,6.5,8.0,7.0,5.0,6.31,6.0,5.0,6.0,6.5,6.0,5.5,6.0,8.0,6.31,6.31,6.31,6.31,4.5,4.5,6.0,3.5,4.5,4.5,3.5,6.0,4.5,6.0,4.5,6.31,5.0,4.5,6.0,5.0,5.124266,A,Ligue 1,A
Neymar,6.38,6.31,9.0,7.5,9.0,6.5,6.5,6.0,6.5,6.0,5.0,4.5,6.5,6.38,7.5,7.5,5.5,6.0,6.38,4.5,6.38,6.38,6.38,6.38,6.38,4.5,5.5,4.5,6.0,4.0,8.0,9.0,7.0,6.38,6.0,6.5,6.5,6.38,7.0,4.5,5.1230984,A,Ligue 1,A
El Idrissy Mounaïm,4.74,4.76,6.0,5.0,6.0,4.0,4.74,4.0,4.5,5.0,4.5,4.0,7.0,3.0,4.0,7.0,4.0,4.5,4.0,4.0,4.0,4.5,4.0,4.5,4.5,6.5,5.0,4.5,5.0,4.0,4.5,6.5,5.0,4.5,4.74,4.74,4.74,4.5,5.0,4.74,5.1133766,A,Ligue 1,A
Gameiro Kevin,5.26,5.3,4.5,6.5,5.0,4.0,4.5,4.5,5.0,4.5,6.0,6.5,4.0,5.5,7.0,6.5,6.0,4.5,4.5,6.0,4.0,7.0,7.5,5.26,6.0,5.0,5.0,4.5,5.5,4.5,5.0,5.5,6.0,6.0,4.0,6.5,6.0,4.5,3.0,5.0,5.0759935,A,Ligue 1,A
Dallinga Thijs,4.92,4.92,6.5,6.0,7.0,4.0,4.0,4.0,4.5,6.0,5.0,4.0,4.5,4.92,3.0,4.5,6.0,4.5,4.0,6.0,4.92,4.92,4.92,4.92,4.92,4.92,4.92,4.92,4.92,4.92,4.92,4.92,4.92,4.92,4.92,4.92,4.92,4.92,4.92,5.0,5.018441,A,Ligue 1,A
Nuno da Costa,5.09,5.21,5.09,5.5,6.0,5.09,4.0,5.0,5.09,5.5,6.0,4.5,6.0,5.0,5.0,4.5,5.0,6.0,4.0,4.5,4.0,6.0,5.09,5.09,7.0,4.0,7.5,4.0,8.0,6.5,7.0,3.5,6.0,4.0,3.5,4.5,4.5,6.0,4.5,5.0,5.0085464,A,Ligue 1,A
Mbappé Kylian,6.12,6.37,6.12,7.0,9.0,4.5,6.5,7.5,5.0,5.0,6.0,5.0,7.0,8.0,6.0,5.0,6.5,6.5,5.0,6.12,5.0,7.0,6.5,6.5,6.0,5.0,8.0,6.12,7.0,3.5,9.0,9.0,5.0,7.0,4.0,8.0,6.0,8.0,8.5,4.5,5.004976,A,Ligue 1,A
Delort Andy,5.04,5.15,4.0,6.0,5.0,3.5,6.0,4.0,6.0,4.0,4.5,6.0,6.0,5.04,5.04,4.5,5.04,4.0,5.04,7.0,6.0,5.0,5.04,3.5,4.0,4.5,5.0,6.5,5.0,3.5,6.0,4.0,7.5,4.5,4.0,6.5,8.0,4.0,8.0,5.04,4.996629,A,Ligue 1,A
Mavididi Stephy,4.94,4.95,4.5,4.94,4.94,4.94,4.94,4.94,4.94,4.94,5.0,4.5,4.5,5.0,4.94,4.94,5.0,7.0,5.0,4.0,4.94,5.0,8.0,4.94,4.94,4.94,4.94,4.94,4.94,4.5,4.5,4.5,5.0,4.0,5.0,3.5,3.5,4.0,4.94,4.94,4.9881496,A,Ligue 1,A
Birmancevic Veljko,4.92,4.92,4.92,4.92,4.92,4.92,4.92,4.5,5.0,5.0,4.92,4.92,5.0,5.0,4.5,4.0,5.0,6.0,5.0,5.0,4.92,4.92,4.92,4.92,4.92,4.92,4.92,4.92,4.92,4.92,4.92,4.92,4.92,4.92,4.92,4.92,4.92,4.92,4.92,5.0,4.968203,A,Ligue 1,A
Barcola Bradley,4.39,4.55,4.0,4.0,4.39,4.5,4.5,4.5,4.39,4.5,4.0,4.39,4.39,4.39,4.39,4.39,4.39,4.39,4.5,4.39,4.39,4.39,4.39,4.5,4.39,4.39,4.5,4.39,4.39,4.5,4.39,4.5,6.0,4.5,4.5,5.5,4.39,3.0,5.5,5.0,4.9464693,A,Ligue 1,A
Dembélé Moussa,4.61,5.24,4.61,5.0,4.61,6.0,4.5,6.0,4.0,4.0,4.61,4.0,3.5,5.0,5.0,3.5,5.0,4.5,4.5,4.61,4.0,5.5,5.5,4.0,6.0,4.61,3.5,7.5,6.0,4.0,7.0,4.0,8.0,5.5,7.0,7.0,7.0,6.0,7.0,4.61,4.93768,A,Ligue 1,A
Allevinah Jim,4.94,4.92,4.5,5.5,5.5,5.5,5.0,5.5,5.0,4.94,4.94,4.0,4.5,6.0,4.0,5.0,4.5,5.0,5.0,4.5,4.94,4.94,4.94,6.0,4.5,6.0,4.5,4.94,4.5,4.94,3.5,5.0,4.5,5.0,6.0,5.0,5.0,4.5,4.5,5.0,4.917338,A,Ligue 1,A
Arconte Taïryk,5.0,4.82,5.0,5.0,5.0,5.0,5.0,5.0,5.0,5.0,5.0,5.0,5.0,5.0,5.0,5.0,5.0,5.0,5.0,5.0,5.0,5.0,4.5,4.5,4.5,4.5,4.5,4.0,5.0,5.0,5.0,5.0,5.0,6.0,5.0,4.5,5.0,6.0,5.0,5.0,4.9022055,A,Ligue 1,A
Ilie Rares,4.88,4.88,5.0,5.5,4.88,4.0,4.88,4.88,5.0,4.88,4.88,4.88,4.88,4.88,4.88,4.88,4.88,4.88,4.88,4.88,4.88,4.88,4.88,4.88,4.88,4.88,4.88,4.88,4.88,4.88,4.88,4.88,4.88,4.88,4.88,4.88,4.88,4.88,4.88,4.88,4.901212,A,Ligue 1,A
Brahimi Billal,4.71,4.73,6.0,4.5,4.0,4.5,4.5,4.71,4.71,4.5,4.71,4.71,4.71,4.5,5.5,4.5,4.5,4.71,4.5,4.71,4.71,5.0,4.71,4.5,4.5,4.71,4.71,4.71,4.5,4.71,4.71,5.0,4.5,5.5,5.0,4.5,5.0,4.0,5.0,5.0,4.891809,A,Ligue 1,A
Moussiti-Oko Bevic,4.66,4.55,4.5,5.0,4.66,4.5,4.0,4.0,4.5,4.66,4.0,7.0,6.0,4.5,4.0,4.66,4.0,4.0,4.5,5.0,4.66,4.66,4.66,4.66,4.66,4.66,4.66,4.66,4.66,4.66,4.66,4.66,4.0,4.66,4.5,4.0,4.5,4.0,4.5,5.0,4.874607,A,Ligue 1,A
Thioub Sada,4.91,4.83,5.5,6.5,4.5,4.0,4.0,4.5,5.0,4.5,5.0,5.0,5.0,5.0,4.91,5.0,5.0,5.0,4.91,5.0,4.91,5.0,5.0,5.0,6.0,4.0,5.0,6.0,5.0,4.5,4.0,3.0,5.0,4.0,4.91,5.0,5.0,4.91,4.5,4.91,4.872515,A,Ligue 1,A
Lacazette Alexandre,5.76,5.33,6.0,7.0,7.0,4.5,5.5,6.5,5.0,5.0,4.0,6.0,7.0,8.0,6.5,4.0,6.0,7.5,4.0,5.0,6.5,4.5,4.0,4.5,5.5,4.0,5.5,4.5,6.5,6.0,4.5,3.0,4.0,5.76,5.76,5.76,4.5,4.5,4.0,5.0,4.8341246,A,Ligue 1,A
Dong Kyliane,4.83,4.83,4.5,5.0,5.0,4.83,4.83,4.83,4.83,4.83,4.83,4.83,4.83,4.83,4.83,4.83,4.83,4.83,4.83,4.83,4.83,4.83,4.83,4.83,4.83,4.83,4.83,4.83,4.83,4.83,4.83,4.83,4.83,4.83,4.83,4.83,4.83,4.83,4.83,4.83,4.8199506,A,Ligue 1,A
Boadu Myron,4.63,4.69,4.63,4.63,4.63,4.63,4.63,4.63,4.63,4.63,4.63,6.0,4.63,4.63,4.63,4.63,4.63,4.63,4.0,4.0,4.0,4.63,4.63,4.63,4.63,4.63,4.63,4.5,4.5,4.0,6.0,4.0,6.0,4.0,6.0,4.5,5.0,4.5,4.5,4.5,4.8063765,A,Ligue 1,A
Ganago Ignatius,4.97,4.88,4.0,4.5,4.5,4.5,4.97,4.5,7.0,4.0,3.0,4.5,8.0,6.0,6.0,4.0,4.5,4.0,7.0,4.5,4.97,4.97,4.97,4.97,4.5,4.5,4.0,5.0,4.0,5.0,4.0,5.0,4.5,6.0,4.5,4.5,6.0,4.5,6.0,4.97,4.782439,A,Ligue 1,A
Doucouré Siriné,4.75,4.75,4.75,4.75,4.75,4.75,4.75,4.5,4.75,4.75,4.75,4.5,4.75,5.5,4.75,4.75,4.75,4.75,4.5,4.75,4.75,4.75,4.75,4.75,4.75,4.75,4.75,4.75,4.75,4.75,4.75,4.75,4.75,4.75,4.75,4.75,4.75,4.75,4.75,4.75,4.7189245,A,Ligue 1,A
Gouiri Amine,5.5,5.3,5.0,5.5,5.0,5.5,5.5,5.0,7.0,4.5,7.0,7.0,6.5,6.0,6.5,5.0,5.0,4.5,5.0,4.0,8.0,6.0,6.5,4.0,4.0,4.5,5.5,5.5,5.0,4.0,5.5,4.5,4.0,5.0,4.5,5.0,6.0,5.0,5.0,5.0,4.6386275,A,Ligue 1,A
Hunou Adrien,5.06,5.06,6.0,5.0,4.5,5.06,6.0,4.0,7.0,5.0,4.0,6.5,4.5,6.5,4.0,3.5,5.5,5.5,4.0,5.0,5.06,5.06,5.06,5.06,5.06,5.06,5.06,5.06,5.06,5.06,5.06,5.06,5.06,5.06,5.06,5.06,5.06,5.06,5.06,4.5,4.5957236,A,Ligue 1,A
Ugbo Iké,4.57,4.68,4.57,4.5,3.5,4.5,4.5,6.5,4.5,4.5,4.0,5.5,4.57,4.5,5.0,4.5,4.0,4.57,4.0,4.57,4.57,4.57,4.57,4.57,3.0,6.0,4.0,4.0,6.5,4.5,4.57,6.0,4.0,4.0,4.5,6.0,6.0,4.0,4.5,4.57,4.5859914,A,Ligue 1,A
Mbuku Nathanaël,4.58,4.74,4.58,4.58,4.58,4.58,4.58,4.58,4.5,5.0,4.58,4.5,4.5,4.5,4.5,4.58,4.58,4.58,4.58,4.58,4.58,4.5,5.0,6.0,5.0,5.5,6.5,4.5,4.5,4.58,5.0,4.0,4.58,4.5,3.0,5.0,5.0,4.58,4.58,4.58,4.579645,A,Ligue 1,A
Dieng Bamba,4.85,4.8,4.85,4.85,4.85,4.85,4.85,4.85,4.85,4.85,4.5,4.0,4.5,4.5,6.5,4.85,4.5,6.0,4.5,5.0,4.85,4.85,4.85,4.85,4.0,4.5,3.5,4.5,4.85,4.85,6.5,7.0,4.5,4.85,5.0,4.5,7.0,4.0,4.85,4.5,4.57958,A,Ligue 1,A
Begraoui Yanis,4.5,4.57,4.5,4.5,4.5,5.0,4.5,4.5,4.5,4.5,4.5,4.5,4.5,4.5,4.5,4.5,4.5,4.0,4.5,4.5,4.0,4.5,4.5,4.5,4.5,4.5,4.5,4.5,4.5,6.0,4.5,4.5,4.5,5.5,4.5,4.5,4.0,4.5,4.0,4.5,4.5350943,A,Ligue 1,A
Sinayoko Lassine,5.0,5.14,5.0,3.5,5.0,5.5,5.0,4.5,4.0,4.0,6.0,4.5,6.0,5.0,6.0,6.5,5.5,6.0,5.0,3.5,5.0,5.0,5.0,6.5,4.5,4.5,5.0,5.0,4.5,5.5,4.0,5.0,5.0,7.0,4.5,6.5,4.5,6.5,6.0,4.5,4.534566,A,Ligue 1,A
Rafael Ratão,5.4,5.48,5.5,7.0,7.0,5.0,4.5,5.0,5.4,5.4,5.4,6.5,5.5,5.0,5.4,4.5,4.5,3.0,8.0,6.0,6.0,3.5,5.0,7.0,7.0,5.5,5.4,6.0,6.5,5.4,4.0,4.0,7.5,6.0,5.0,6.0,4.0,6.0,5.4,4.0,4.534354,A,Ligue 1,A
Grbic Adrian,4.5,4.5,4.5,4.5,4.5,4.5,4.5,4.5,4.5,4.5,4.5,4.5,4.5,4.5,4.5,4.5,4.5,4.5,4.5,4.5,4.5,4.5,4.5,4.5,4.5,4.5,4.5,4.5,4.5,4.5,4.5,4.5,4.5,4.5,4.5,4.5,4.5,4.5,4.5,4.5,4.490743,A,Ligue 1,A
Onaiwu Ado,4.56,4.81,4.56,5.0,4.0,4.0,5.0,4.5,4.0,4.5,4.5,4.56,4.56,4.5,4.5,5.0,4.5,4.5,5.0,5.0,5.5,3.5,4.5,7.0,4.5,5.0,4.56,4.5,4.5,6.0,4.5,4.0,6.0,5.0,4.5,6.5,4.5,7.0,3.5,4.5,4.478832,A,Ligue 1,A
Makouana Béni,4.5,4.42,4.5,4.5,4.0,4.5,4.5,4.5,4.5,4.5,4.5,4.5,4.5,4.5,4.5,4.5,4.5,4.0,5.5,4.5,4.5,4.5,4.5,4.5,4.5,4.5,4.5,4.0,4.0,4.5,4.5,4.5,4.5,4.5,4.5,4.5,4.5,4.5,4.0,4.5,4.477044,A,Ligue 1,A
Andric Komnen,4.89,4.89,3.5,7.0,6.0,6.0,4.0,4.0,4.0,4.0,5.0,4.5,6.5,4.5,4.5,6.5,3.5,4.5,5.0,5.5,4.89,4.89,4.89,4.89,4.89,4.89,4.89,4.89,4.89,4.89,4.89,4.89,4.89,4.89,4.89,4.89,4.89,4.89,4.89,4.5,4.4723544,A,Ligue 1,A
Laborde Gaëtan,5.42,5.32,4.5,6.5,5.0,6.5,5.42,5.0,6.0,4.5,6.0,4.5,4.5,5.0,7.0,7.0,5.0,5.5,4.0,7.0,4.0,8.0,4.0,6.5,4.5,6.0,6.0,7.5,6.5,4.5,5.0,6.0,4.0,3.5,6.0,4.5,3.5,5.0,4.0,4.0,4.449979,A,Ligue 1,A
Jakolis Marin,4.5,4.45,4.5,4.5,4.5,4.5,4.5,4.5,4.5,4.5,4.5,4.5,4.5,4.5,4.5,4.5,4.5,4.5,4.5,4.5,4.5,4.5,4.5,4.5,4.5,4.5,4.5,3.5,5.0,4.5,4.5,4.5,4.5,5.0,4.5,4.0,5.0,4.0,4.5,4.5,4.44078,A,Ligue 1,A
Dugimont Rémy,4.6,4.8,4.6,4.6,5.0,5.0,4.5,4.6,4.5,4.5,4.5,4.5,4.5,4.5,4.6,4.5,4.6,4.6,4.6,4.6,6.0,4.5,4.5,4.6,5.0,4.6,6.0,4.5,4.6,5.0,6.0,4.0,4.5,5.0,4.5,4.6,5.0,4.6,4.6,4.6,4.438676,A,Ligue 1,A
Abline Matthis,4.69,4.76,4.69,4.69,4.5,5.0,4.5,4.0,6.0,4.69,5.0,4.5,4.5,6.0,4.5,4.69,4.69,4.5,4.69,3.5,4.69,4.69,4.69,4.0,6.0,2.5,5.0,7.0,4.0,4.5,6.0,6.5,4.5,6.5,6.0,3.5,6.0,4.69,5.0,4.5,4.431979,A,Ligue 1,A
Cardona Irvin,4.35,4.48,4.0,5.0,4.5,4.35,4.35,4.0,4.5,4.5,4.0,4.35,4.5,4.5,4.35,4.0,4.35,4.35,4.35,4.35,4.5,4.0,4.0,4.0,4.35,4.5,4.35,4.35,6.0,3.5,4.35,4.35,4.5,6.0,6.0,5.0,4.0,4.0,4.0,4.35,4.429143,A,Ligue 1,A
Holm Noah,4.44,4.44,4.44,4.44,4.44,4.44,4.44,4.44,4.44,4.5,4.5,4.44,4.44,4.5,4.5,4.0,5.0,4.5,4.0,4.44,4.44,4.44,4.44,4.44,4.44,4.44,4.44,4.44,4.44,4.44,4.44,4.44,4.44,4.44,4.44,4.44,4.44,4.44,4.44,4.44,4.425622,A,Ligue 1,A
Openda Loïs,5.37,5.37,5.5,4.5,7.0,7.0,6.0,6.5,4.5,4.0,5.5,4.5,4.0,4.5,8.0,4.5,4.5,4.0,7.5,6.0,5.37,5.37,5.37,5.37,5.37,5.37,5.37,5.37,5.37,5.37,5.37,5.37,5.37,5.37,5.37,5.37,5.37,5.37,5.37,4.0,4.4057407,A,Ligue 1,A
Ajorque Ludovic,4.65,4.81,4.5,4.0,5.0,4.5,4.0,6.0,4.5,4.65,4.65,4.65,4.65,4.65,4.5,4.0,4.5,5.0,4.0,6.0,7.0,4.65,3.5,4.5,4.5,5.0,5.0,5.0,4.5,4.0,6.0,6.0,4.5,7.5,5.0,4.0,4.5,4.5,3.5,4.65,4.3996253,A,Ligue 1,A
Koné Ibrahima,4.61,4.71,4.5,4.5,5.5,4.5,4.5,4.5,6.0,4.5,4.0,4.0,4.5,4.5,4.5,4.5,4.61,4.0,5.5,4.5,4.61,4.61,4.61,4.61,4.0,4.5,6.5,5.0,6.5,4.5,3.0,8.0,4.0,6.0,2.5,5.0,4.0,4.0,5.0,4.5,4.3807,A,Ligue 1,A
Diony Lois,4.44,4.44,4.5,6.0,4.0,5.5,4.0,3.0,4.5,4.0,4.44,4.44,4.44,4.44,4.44,4.44,4.44,4.44,4.44,4.44,4.44,4.44,4.44,4.44,4.44,4.44,4.44,4.44,4.44,4.44,4.44,4.44,4.44,4.44,4.44,4.44,4.44,4.44,4.44,4.44,4.3646793,A,Ligue 1,A
Touzghar Yoann,4.31,4.55,4.31,4.31,4.31,4.31,4.5,4.5,4.5,4.0,4.0,4.31,4.31,4.31,4.31,4.5,4.31,4.5,4.0,4.31,4.31,4.31,4.31,4.0,5.0,4.5,6.0,4.31,4.31,4.5,4.5,4.5,4.5,4.5,4.0,4.5,4.31,4.0,6.5,4.31,4.2609997,A,Ligue 1,A
Guessand Evann,4.89,4.81,4.5,4.0,4.5,7.5,6.0,5.0,4.5,4.0,3.5,4.5,5.0,4.89,4.5,4.5,5.5,4.5,6.0,6.0,4.89,4.5,5.5,5.0,4.0,4.89,4.5,4.89,4.5,4.5,4.5,4.5,4.89,4.89,6.0,4.89,4.5,4.5,4.5,4.0,4.23526,A,Ligue 1,A
Germain Valère,4.71,4.63,4.71,4.5,5.0,7.5,5.5,3.5,4.71,6.0,4.5,4.5,4.5,4.5,4.0,4.5,4.5,4.5,4.5,4.0,4.71,4.5,5.0,4.0,4.5,4.5,4.0,4.5,5.0,5.5,3.5,4.5,4.5,4.0,4.0,4.5,4.5,4.5,5.0,4.0,4.153207,A,Ligue 1,A
Sima Abdallah,4.41,4.41,4.41,4.41,4.41,4.5,4.5,4.5,4.5,5.0,3.5,4.0,5.0,4.5,4.0,4.5,4.0,5.5,5.0,3.5,4.41,4.41,4.41,4.41,4.41,4.41,4.41,4.41,4.41,4.41,4.41,4.41,4.41,4.41,4.41,4.41,4.41,4.41,4.41,4.0,4.1525636,A,Ligue 1,A
Ben Seghir Salim,4.0,4.25,4.0,4.0,4.0,4.0,4.0,4.0,4.0,4.0,4.0,4.0,4.0,4.0,4.0,4.0,4.0,4.0,4.0,4.0,4.0,4.0,4.0,4.0,4.0,4.0,4.0,4.0,4.0,4.0,4.0,4.5,4.0,4.0,4.0,4.0,4.0,4.0,4.0,4.0,4.1092334,A,Ligue 1,A
Mothiba Lebo,4.67,4.65,4.67,4.67,4.5,4.67,4.67,4.67,4.5,4.5,4.67,4.67,4.67,6.0,6.0,4.5,4.0,4.67,4.67,4.0,4.67,4.67,4.67,4.5,3.5,4.5,5.0,6.0,5.0,6.0,4.5,4.5,4.67,5.0,3.5,4.0,4.67,4.5,4.67,4.0,4.078427,A,Ligue 1,A
Slimani Islam,4.2,4.25,4.2,4.2,4.2,4.0,4.0,5.5,3.0,3.5,6.0,3.5,3.0,4.5,4.5,4.2,5.0,4.5,4.0,4.0,4.2,4.2,4.2,4.2,4.2,4.2,4.2,4.2,4.2,4.2,4.2,4.2,4.2,4.2,4.2,4.2,4.2,4.2,4.2,4.0,4.064879,A,Ligue 1,A
Saïd Wesley,5.0,4.88,4.0,4.5,6.5,4.5,6.5,5.0,5.0,5.0,4.5,4.5,6.0,4.5,5.0,5.5,6.0,4.5,4.5,5.0,6.5,5.0,4.5,5.0,5.0,5.0,5.0,5.0,5.0,4.5,4.0,5.0,4.5,4.0,4.5,6.0,4.5,5.0,4.0,4.0,4.039045,A,Ligue 1,A
Balogun Folarin,5.42,5.42,6.0,6.5,7.0,4.0,7.0,6.0,4.5,4.0,6.0,5.0,3.0,7.0,4.5,6.0,4.5,8.0,5.42,5.0,5.42,5.42,5.42,5.42,5.42,5.42,5.42,5.42,5.42,5.42,5.42,5.42,5.42,5.42,5.42,5.42,5.42,5.42,5.42,3.5,4.002273,A,Ligue 1,A
Salama Amine,4.74,4.48,5.0,6.5,6.0,4.0,4.0,4.5,4.74,4.74,4.5,4.5,6.5,6.0,4.0,4.0,4.0,4.0,4.5,4.5,4.74,4.74,4.74,4.74,4.74,4.74,4.74,4.74,4.74,4.74,4.74,6.0,4.0,3.0,4.74,5.5,5.0,3.5,4.74,4.0,3.9986053,A,Ligue 1,A
Sierhuis Kaj,4.0,4.0,4.0,4.0,4.0,4.0,4.0,4.0,4.0,4.0,4.0,4.0,4.0,4.0,4.0,4.0,4.0,4.0,4.0,4.0,4.0,4.0,4.0,4.0,4.0,4.0,4.0,4.0,4.0,4.0,4.0,4.0,4.0,4.0,4.0,4.0,4.0,4.0,4.0,4.0,3.9776874,A,Ligue 1,A
Buksa Adam,4.0,4.0,4.0,4.0,4.0,4.0,4.0,4.0,4.0,4.0,4.0,4.0,4.0,4.0,4.0,4.0,4.0,4.0,4.0,4.0,4.0,4.0,4.0,4.0,4.0,4.0,4.0,4.0,4.0,4.0,4.0,4.0,4.0,4.0,4.0,4.0,4.0,4.0,4.0,4.0,3.9776874,A,Ligue 1,A
Niang M'Baye,3.96,4.26,3.96,3.96,2.0,3.96,3.96,4.5,2.5,4.5,5.5,3.5,4.5,6.0,2.5,3.96,4.5,5.0,4.0,2.5,4.5,4.5,3.96,4.0,5.0,3.96,4.0,4.0,5.0,4.5,3.96,7.0,4.0,4.5,6.0,4.0,2.5,3.96,3.96,4.0,3.8306518,A,Ligue 1,A
Wahi Elye,4.94,5.0,5.0,4.0,4.5,8.0,7.0,6.0,4.5,5.0,6.0,4.0,3.5,6.0,4.94,4.0,5.0,7.0,4.0,2.5,4.94,2.0,6.5,5.5,4.0,4.5,6.0,4.0,5.5,6.5,6.0,4.5,5.0,4.0,6.0,6.0,4.94,4.94,4.94,3.0,3.5696473,A,Ligue 1,A
