Joueur,Note,Note 1 an,j1,j2,j3,j4,j5,j6,j7,j8,j9,j10,j11,j12,j13,j14,j15,j16,j17,j18,j20,j21,j22,j23,j24,j25,j26,j27,j28,j29,j30,j31,j32,j33,j34,j35,j36,j37,j38,j19,prediction_label,Poste,Championnat
Chirivella Pedro,5.29,5.39,5.5,6.0,4.5,5.5,5.29,5.5,4.5,5.5,4.0,3.5,5.0,5.5,5.0,5.0,5.0,6.0,5.29,6.0,7.0,5.0,5.5,4.0,7.5,6.0,6.0,6.0,5.5,4.5,7.0,4.5,4.5,5.29,5.29,4.5,5.29,5.29,5.29,8.0,7.160428,MD,Ligue 1
Palaversa Ante,7.0,7.0,7.0,7.0,7.0,7.0,7.0,7.0,7.0,7.0,7.0,7.0,7.0,7.0,7.0,7.0,7.0,7.0,7.0,7.0,7.0,7.0,7.0,7.0,7.0,7.0,7.0,7.0,7.0,7.0,7.0,7.0,7.0,7.0,7.0,7.0,7.0,7.0,7.0,7.0,7.055981,MD,Ligue 1
Veretout Jordan,5.68,5.49,5.0,5.0,6.0,6.0,5.5,6.5,5.0,5.0,6.0,5.0,5.0,5.0,5.5,6.5,7.0,5.0,5.5,7.0,4.5,5.0,6.0,5.0,5.5,6.0,5.68,6.0,5.0,4.5,4.5,5.68,6.0,5.5,4.5,5.0,5.0,4.5,7.0,6.5,6.529034,MD,Ligue 1
Prcic Sanjin,5.38,5.41,5.0,5.0,5.0,5.0,6.5,3.5,5.38,5.38,5.5,6.0,5.0,5.0,5.5,4.5,5.0,5.5,5.5,7.0,5.5,6.0,5.0,5.5,5.5,5.0,5.5,6.0,6.0,5.0,5.38,5.38,5.5,5.0,5.0,5.0,6.0,7.0,3.5,7.0,6.5103984,MD,Ligue 1
Aholou Jean-Eudes,5.03,5.12,5.0,5.0,5.0,5.5,5.0,5.5,3.5,4.5,5.03,5.03,5.0,5.0,5.0,5.03,4.5,5.5,5.0,4.5,7.0,5.0,4.0,5.03,5.03,5.03,5.03,5.03,5.0,4.5,5.5,5.0,6.0,5.5,5.03,5.0,5.0,4.5,4.0,7.0,6.3683505,MD,Ligue 1
Bentaleb Nabil,5.63,5.47,5.63,5.0,5.63,5.63,4.0,4.5,5.5,7.5,4.0,5.5,7.0,5.5,6.0,7.0,6.0,5.63,5.5,5.0,5.63,5.5,5.63,4.5,6.0,6.0,5.0,4.5,5.5,6.0,5.63,5.5,5.5,3.5,6.0,5.0,6.0,5.0,5.5,6.5,6.32031,MD,Ligue 1
Guendouzi Mattéo,5.68,5.78,6.5,4.5,4.5,7.0,5.5,6.0,5.5,6.0,6.5,5.68,5.5,5.0,6.0,5.5,4.5,5.68,5.0,6.5,6.0,5.5,7.5,6.0,5.5,5.0,7.0,5.5,6.0,5.5,7.0,6.0,5.0,5.5,6.5,4.5,7.5,4.0,6.0,6.5,6.279157,MD,Ligue 1
Magnetti Hugo,5.47,5.33,5.5,6.0,6.5,4.5,5.5,6.0,5.0,5.0,5.47,5.5,5.0,5.0,5.5,5.47,5.47,5.0,5.5,5.47,5.47,6.0,7.0,4.5,6.5,5.0,5.5,4.5,3.0,5.47,5.47,5.0,5.0,5.0,5.5,5.0,5.47,6.0,4.5,6.5,6.1961145,MD,Ligue 1
Sissoko Moussa,5.23,5.1,5.0,5.23,5.23,5.23,5.23,5.23,5.5,5.23,3.5,3.5,6.5,5.5,5.5,5.5,4.5,5.5,5.0,6.0,4.0,6.0,4.5,4.0,5.0,3.5,6.0,6.5,6.0,6.5,6.5,5.0,3.5,5.5,4.0,5.5,5.0,3.5,5.0,6.5,6.1429644,MD,Ligue 1
André Benjamin,5.83,5.49,7.5,6.0,4.0,6.0,5.5,7.0,5.0,6.5,4.5,7.5,6.0,5.83,5.5,5.5,5.0,6.0,5.5,6.0,5.83,3.0,4.5,3.0,6.5,5.0,5.83,7.0,5.83,6.5,5.0,5.0,5.5,4.0,6.0,4.0,5.0,5.83,5.0,6.0,6.1276503,MD,Ligue 1
Ruiz-Atil Kays,6.0,6.0,6.0,6.0,6.0,6.0,6.0,6.0,6.0,6.0,6.0,6.0,6.0,6.0,6.0,6.0,6.0,6.0,6.0,6.0,6.0,6.0,6.0,6.0,6.0,6.0,6.0,6.0,6.0,6.0,6.0,6.0,6.0,6.0,6.0,6.0,6.0,6.0,6.0,6.0,6.029889,MD,Ligue 1
Matusiwa Azor,5.81,5.69,3.5,5.0,5.81,5.81,5.81,5.81,5.81,5.81,6.0,6.0,6.0,5.5,6.0,8.0,6.0,6.5,5.0,6.0,5.81,5.81,4.5,8.0,6.0,6.5,6.0,5.0,6.0,5.5,3.5,5.81,6.0,6.0,5.0,5.5,5.0,6.5,4.5,6.0,5.977363,MD,Ligue 1
Fofana Youssouf,5.22,5.2,5.0,3.5,5.22,6.5,4.5,5.0,5.5,6.5,5.5,5.0,5.0,5.0,6.0,6.5,5.0,3.5,5.0,5.0,5.22,4.5,4.5,4.5,5.22,5.0,5.0,5.5,4.0,7.0,5.5,5.5,5.5,5.0,5.0,6.5,4.5,6.0,4.5,6.0,5.9172125,MD,Ligue 1
Thuram Khéphren,5.42,5.38,5.5,4.5,4.5,5.5,4.5,4.5,6.5,5.0,6.0,6.0,6.0,4.5,5.0,5.0,5.5,6.0,4.5,8.0,4.5,6.0,7.0,4.5,4.0,5.5,5.5,5.5,5.5,5.5,5.5,5.0,5.0,5.5,6.0,5.0,5.42,4.5,6.0,6.0,5.8495336,MD,Ligue 1
Fofana Seko,5.79,5.58,7.0,5.0,7.5,7.0,5.79,5.79,5.5,5.0,5.0,5.5,4.5,7.0,5.5,5.0,5.5,5.5,7.0,5.0,5.5,6.5,4.0,5.79,4.5,5.0,5.0,4.0,4.5,5.0,5.0,7.0,6.5,5.0,7.0,6.0,6.0,6.0,5.0,6.0,5.8389454,MD,Ligue 1
Ugochukwu Lesley,5.18,5.03,5.18,5.18,3.5,5.18,5.18,5.18,6.5,5.5,6.0,4.5,5.18,5.18,5.0,5.5,5.0,4.5,5.18,5.0,5.18,5.18,4.5,5.18,5.18,5.18,5.18,5.18,5.18,4.5,5.18,5.0,5.18,5.18,5.0,5.18,4.5,5.0,5.0,6.0,5.828396,MD,Ligue 1
Camara Mahdi,5.14,5.19,5.14,5.14,5.14,4.0,5.0,5.14,5.0,4.5,5.14,5.5,4.5,6.0,5.5,5.0,5.5,4.5,5.5,5.5,5.14,5.0,5.5,5.14,7.0,5.5,3.5,5.5,6.0,6.0,4.0,5.14,7.0,4.0,4.0,6.0,5.5,4.5,5.5,6.0,5.8008504,MD,Ligue 1
Rongier Valentin,5.69,5.39,6.0,5.0,5.5,7.0,5.0,6.0,5.69,6.0,5.0,4.0,4.5,4.5,5.0,6.0,6.5,7.5,6.0,7.0,5.69,5.5,6.5,5.0,5.69,4.5,4.5,4.5,5.0,4.5,5.0,6.0,4.0,4.5,6.0,5.0,5.5,4.0,7.5,6.0,5.7801156,MD,Ligue 1
Carlos Baleba,4.88,4.88,5.0,4.88,4.88,4.88,4.88,4.88,4.88,4.88,4.88,5.0,4.0,5.0,4.88,5.0,4.0,4.88,4.88,5.0,4.88,4.88,4.88,4.88,4.88,4.88,4.88,4.88,4.88,4.88,4.88,4.88,4.88,4.88,4.88,4.88,4.88,4.88,4.88,6.0,5.762383,MD,Ligue 1
Kouamé Rominigue,5.62,5.64,5.5,4.0,4.5,8.0,6.5,6.0,5.0,7.0,5.5,5.5,5.62,5.0,5.5,6.0,6.0,6.0,5.0,4.5,5.62,5.62,5.62,5.0,5.0,4.0,6.0,7.0,7.0,4.5,6.0,6.0,5.5,5.62,6.0,6.5,5.5,5.0,6.0,5.62,5.757625,MD,Ligue 1
Abdul Samed Salis,5.58,5.34,4.5,6.0,5.5,5.0,7.0,5.5,6.0,5.5,6.0,5.5,5.5,5.5,5.5,4.5,5.0,6.0,6.5,5.58,5.58,4.0,4.5,6.0,4.5,7.0,5.0,3.5,5.58,5.58,6.0,5.58,6.0,5.5,4.0,4.5,5.5,5.58,5.58,5.5,5.6559453,MD,Ligue 1
Verratti Marco,5.78,6.05,6.5,6.5,5.0,5.5,7.5,5.5,5.5,6.0,5.78,5.5,5.5,7.0,6.5,5.5,6.0,4.0,4.5,5.78,6.5,7.0,8.5,7.0,5.5,6.0,5.78,7.0,5.78,6.0,5.78,7.0,6.0,5.78,6.0,4.0,4.5,7.0,7.0,5.78,5.6134324,MD,Ligue 1
Gastien Johan,5.53,5.31,3.0,7.0,5.5,5.5,5.0,6.5,6.5,6.0,6.0,5.0,5.53,5.0,6.0,6.0,5.0,4.5,5.5,6.0,5.53,5.53,4.0,5.5,5.0,7.0,6.5,3.5,5.0,4.0,5.53,3.5,5.0,5.53,6.0,5.0,5.5,5.5,5.5,5.5,5.59357,MD,Ligue 1
Agoumé Lucien,5.33,5.18,5.33,5.33,5.33,5.33,5.33,5.33,5.0,6.0,5.0,5.33,5.33,5.33,5.33,5.33,5.33,5.33,5.33,5.33,3.5,4.5,6.5,5.33,7.5,4.5,6.0,6.0,4.5,4.5,5.0,5.33,4.5,5.33,5.5,5.33,4.5,5.0,5.33,5.33,5.58886,MD,Ligue 1
Magnin Yohann,5.18,5.03,5.0,5.5,5.0,5.0,4.5,5.5,6.5,5.5,5.0,6.0,5.5,3.5,5.0,5.0,5.5,4.5,5.5,5.0,5.18,3.5,5.5,6.0,5.0,6.0,5.0,4.5,4.0,5.5,4.5,3.5,5.5,6.0,4.5,4.0,5.0,4.5,5.0,5.5,5.5681973,MD,Ligue 1
Magassa Soungoutou,5.5,5.5,5.5,5.5,5.5,5.5,5.5,5.5,5.5,5.5,5.5,5.5,5.5,5.5,5.5,5.5,5.5,5.5,5.5,5.5,5.5,5.5,5.5,5.5,5.5,5.5,5.5,5.5,5.5,5.5,5.5,5.5,5.5,5.5,5.5,5.5,5.5,5.5,5.5,5.5,5.5168357,MD,Ligue 1
Lepenant Johann,5.46,5.5,6.0,5.0,5.5,5.5,6.0,5.46,5.5,5.0,6.0,4.5,5.46,5.46,5.0,5.5,5.5,5.5,5.46,6.0,5.0,5.46,6.0,5.0,8.0,5.5,4.0,5.46,5.5,6.5,4.5,6.5,6.5,4.0,5.0,5.0,5.5,6.0,5.46,5.46,5.492395,MD,Ligue 1
M'Changama Youssouf,4.9,5.5,3.5,5.0,5.0,5.0,4.5,5.0,5.0,5.5,5.0,5.0,4.9,4.9,4.9,4.9,4.5,5.0,4.5,5.5,4.9,4.9,4.9,5.0,6.0,4.9,5.5,5.0,5.5,7.0,8.5,6.5,5.5,5.0,6.0,7.0,5.0,7.0,7.0,5.5,5.4919596,MD,Ligue 1
Xeka,5.38,5.33,5.38,5.38,5.38,5.38,5.38,5.38,5.38,5.38,5.38,6.0,5.5,5.0,5.5,5.5,4.5,5.0,6.0,5.38,5.38,5.0,5.38,5.38,7.0,4.0,5.5,6.0,5.5,4.5,5.38,5.0,5.5,5.38,5.38,5.38,5.38,5.38,5.38,5.38,5.4610906,MD,Ligue 1
Moutoussamy Samuel,5.06,5.03,5.0,4.5,5.0,5.0,5.5,5.0,5.06,6.0,5.06,3.5,5.5,5.5,5.0,4.5,5.0,5.0,5.5,5.06,5.5,4.0,6.0,5.5,5.06,5.06,5.5,5.5,5.5,4.5,5.06,5.06,5.06,4.0,5.5,4.0,5.0,5.06,4.5,5.5,5.4535756,MD,Ligue 1
Clauss Jonathan,5.63,5.53,5.5,6.5,6.5,6.5,4.5,5.0,5.0,5.0,8.0,5.63,5.0,4.5,6.0,6.0,5.0,6.0,5.0,5.63,7.0,5.5,5.0,5.63,4.0,6.5,7.0,4.5,5.0,6.0,4.5,4.5,5.5,6.0,5.0,4.5,5.5,8.5,5.0,5.63,5.3610983,MD,Ligue 1
Munetsi Marshall,5.34,5.47,4.0,4.5,4.5,6.0,7.0,5.0,4.5,4.5,5.34,6.0,5.5,5.34,5.34,5.0,6.5,6.0,4.0,7.0,5.34,5.34,5.34,7.5,5.5,4.5,6.0,4.5,6.0,4.0,5.34,5.5,5.5,6.5,5.0,5.34,6.0,8.0,4.0,5.5,5.3431935,MD,Ligue 1
Santamaría Baptiste,5.43,5.54,5.0,6.5,5.0,4.5,5.5,6.5,5.0,5.43,5.43,5.43,5.43,5.43,5.43,5.43,5.43,5.43,5.43,5.43,5.0,7.0,6.0,6.5,5.0,5.0,6.0,6.0,7.0,5.5,5.0,6.0,3.0,5.0,7.0,6.0,4.0,6.0,5.5,5.43,5.2900524,MD,Ligue 1
Gonalons Maxime,5.2,5.26,2.5,5.2,6.0,5.0,5.2,7.0,5.2,5.0,6.0,5.5,5.2,5.0,5.2,5.2,5.0,5.0,5.2,5.2,5.2,5.2,5.0,5.2,5.5,5.0,5.2,5.2,5.2,5.2,5.2,5.2,5.2,5.2,5.0,5.5,6.0,5.0,5.0,5.2,5.24695,MD,Ligue 1
Cajuste Jens,5.5,5.33,5.5,5.5,5.0,5.5,7.0,5.5,5.0,4.5,6.0,5.5,5.5,5.0,4.5,5.5,5.5,5.5,6.5,6.5,5.5,4.0,3.5,5.5,5.5,5.5,5.5,6.0,5.5,5.5,5.0,7.0,5.5,5.0,5.5,5.5,5.5,5.5,4.5,5.0,5.233933,MD,Ligue 1
Caqueret Maxence,5.44,5.39,5.44,4.0,5.0,5.5,5.5,6.0,5.0,5.0,6.0,5.0,5.0,7.0,6.0,6.0,5.0,7.0,5.0,4.5,6.0,6.5,6.0,5.5,6.0,4.5,4.0,6.5,3.5,5.5,5.44,5.44,5.44,5.44,5.44,5.44,5.44,5.0,6.0,5.44,5.232882,MD,Ligue 1
Lopy Dion,5.0,5.02,5.0,4.5,5.5,5.0,5.0,5.5,5.0,5.5,5.0,5.0,3.0,5.5,5.5,5.0,5.0,5.0,5.0,5.0,5.0,4.5,4.0,5.0,5.0,6.0,5.0,5.0,5.0,5.5,5.5,4.0,6.0,5.0,5.5,6.0,4.0,5.0,4.0,5.0,5.2313685,MD,Ligue 1
Coutadeur Mathieu,5.25,5.21,5.0,5.25,5.0,5.25,5.0,5.25,5.0,6.0,5.0,6.5,5.0,4.5,5.0,5.5,5.0,6.5,4.5,5.25,6.0,5.25,5.5,4.5,5.0,5.0,5.5,6.0,4.0,5.0,5.0,5.25,5.25,5.25,5.25,5.25,5.25,5.25,5.25,5.25,5.1489906,MD,Ligue 1
Tolisso Corentin,5.35,5.35,5.0,5.0,5.5,5.0,4.5,6.5,6.0,5.0,5.35,5.5,6.0,5.35,5.35,5.35,5.35,5.0,5.35,5.5,5.35,5.35,5.35,5.35,5.35,5.35,5.35,5.35,5.35,5.35,5.35,5.35,5.35,5.35,5.35,5.35,5.35,5.35,5.35,5.0,5.148177,MD,Ligue 1
Merlin Quentin,5.0,5.16,5.0,5.0,4.5,5.0,5.0,5.0,4.5,6.0,3.5,4.0,5.5,5.0,5.0,5.5,4.5,6.5,5.0,5.5,5.0,6.0,5.0,5.0,5.5,7.0,5.0,6.0,5.0,4.5,6.0,5.0,5.5,4.5,4.5,5.5,4.5,6.0,5.0,5.0,5.127885,MD,Ligue 1
Innocent Bonke,5.24,5.18,5.5,6.5,5.24,4.5,4.5,5.0,5.5,5.0,5.0,5.0,5.24,6.0,5.0,5.5,5.5,5.5,5.0,5.0,5.24,5.24,5.24,5.24,5.5,5.5,5.0,4.0,6.0,5.0,5.24,5.24,6.0,5.5,4.5,4.0,5.0,5.24,5.24,5.0,5.1259313,MD,Ligue 1
Spierings Stijn,5.58,5.69,5.5,7.0,4.5,5.0,4.5,5.0,6.5,6.0,7.0,6.0,6.5,5.5,3.5,4.5,5.5,4.0,7.0,7.0,8.0,6.5,5.5,5.5,5.5,7.0,5.58,5.5,4.5,6.5,5.5,5.58,6.0,6.0,5.0,6.0,5.0,6.0,5.0,5.5,5.1252522,MD,Ligue 1
Belkebla Haris,5.08,5.23,5.5,6.0,5.0,3.5,5.0,5.5,5.5,5.0,7.0,5.0,4.0,4.5,5.0,5.0,5.0,4.5,5.0,5.5,5.08,5.08,5.08,4.0,5.08,5.08,5.0,6.0,5.0,6.0,6.0,4.5,5.0,7.0,5.0,7.0,5.5,5.5,4.5,5.0,5.11115,MD,Ligue 1
Ben Seghir Eliesse,5.5,5.5,5.5,5.5,5.5,5.5,5.5,5.5,5.5,5.5,5.5,5.5,5.5,5.5,5.5,5.5,5.5,7.5,4.5,5.0,5.5,5.5,5.5,5.5,5.5,5.5,5.5,5.5,5.5,5.5,5.5,5.5,5.5,5.5,5.5,5.5,5.5,5.5,5.5,5.0,5.11089,MD,Ligue 1
Matazo Eliot,4.83,4.81,4.5,4.83,4.5,4.83,4.83,4.83,4.83,5.0,4.5,4.83,5.5,4.5,5.5,4.83,4.83,4.5,4.83,4.83,4.0,4.83,4.5,4.5,4.5,4.83,4.5,4.83,4.83,4.83,4.83,4.83,4.83,4.83,4.5,6.0,4.83,4.83,4.5,5.0,5.0807753,MD,Ligue 1
Sissoko Ibrahima,5.0,5.1,5.0,5.0,5.0,5.0,5.0,5.0,4.5,5.5,4.0,4.5,5.5,5.0,5.0,5.0,5.0,5.0,5.5,5.0,6.0,7.0,3.0,6.0,5.5,5.0,5.0,5.0,6.0,5.5,4.5,6.0,4.5,4.5,4.5,5.0,5.0,5.0,4.0,5.5,5.057527,MD,Ligue 1
David Costa,5.47,5.53,5.0,5.0,7.0,5.0,7.0,5.0,6.0,5.0,5.5,5.0,5.0,6.5,5.5,5.5,5.0,5.47,5.47,5.0,5.5,5.5,5.0,5.47,4.5,5.0,5.0,5.0,5.0,5.0,5.0,7.5,6.0,7.0,5.5,5.5,7.0,5.5,6.5,5.0,5.0564737,MD,Ligue 1
Chotard Joris,5.25,5.18,4.5,4.0,5.25,8.0,6.5,5.0,4.5,5.5,6.5,5.5,5.0,4.5,4.0,5.5,5.25,5.0,5.0,5.25,5.25,5.0,6.0,4.5,5.5,5.0,5.0,5.0,5.5,7.0,5.5,5.25,5.0,5.0,3.5,4.5,6.0,3.5,4.0,5.0,5.044502,MD,Ligue 1
Ounahi Azzedine,5.17,4.9,6.0,5.0,5.0,5.5,4.5,3.5,6.5,7.0,4.0,4.5,5.5,5.5,5.0,5.0,5.17,5.17,5.17,5.17,5.17,5.17,5.17,3.5,4.0,5.0,5.0,4.5,5.17,5.17,4.5,5.0,6.0,3.5,5.0,4.0,5.0,5.0,5.5,5.0,5.0352044,MD,Ligue 1
Marchetti Vincent,5.0,5.06,5.5,5.5,4.0,5.0,4.5,5.0,4.5,5.0,4.0,7.0,4.5,4.5,4.0,6.0,6.0,5.5,4.5,5.0,5.5,4.5,5.0,5.0,4.5,5.0,4.5,5.0,4.0,5.0,5.0,5.0,5.5,5.5,7.0,4.5,5.5,5.0,6.0,5.0,5.005934,MD,Ligue 1
Poreba Lukasz,5.0,5.0,5.0,5.0,5.0,5.0,5.5,5.5,4.5,5.0,5.0,5.0,5.0,5.0,5.0,5.0,5.0,5.0,4.5,5.0,5.0,5.0,5.0,5.0,5.0,5.0,5.0,5.0,5.0,5.0,5.0,5.0,5.0,5.0,5.0,5.0,5.0,5.0,5.0,5.0,5.0045443,MD,Ligue 1
Achi Mohamed,5.0,5.0,5.0,5.0,5.0,5.0,5.0,5.0,5.0,5.0,5.0,5.0,5.0,5.0,5.0,5.0,5.0,5.0,5.0,5.0,5.0,5.0,5.0,5.0,5.0,5.0,5.0,5.0,5.0,5.0,5.0,5.0,5.0,5.0,5.0,5.0,5.0,5.0,5.0,5.0,5.003771,MD,Ligue 1
Doucet Lohann,5.0,5.0,5.0,5.0,5.0,5.0,5.0,5.0,5.0,5.0,5.0,5.0,5.0,5.0,5.0,5.0,5.0,5.0,5.0,5.0,5.0,5.0,5.0,5.0,5.0,5.0,5.0,5.0,5.0,5.0,5.0,5.0,5.0,5.0,5.0,5.0,5.0,5.0,5.0,5.0,5.003771,MD,Ligue 1
André Gomes,5.04,4.72,5.04,5.04,5.04,5.04,5.04,5.0,4.5,4.0,6.0,5.0,6.0,5.0,4.0,5.5,5.04,5.5,5.0,5.0,5.0,5.0,4.0,4.0,4.0,5.04,3.5,5.04,5.04,5.04,5.04,5.04,5.04,4.0,5.04,5.04,5.04,4.5,5.04,5.04,4.984968,MD,Ligue 1
Gueye Pape,5.15,5.27,5.15,5.15,5.15,5.0,7.0,5.0,4.5,4.5,5.15,4.0,5.0,5.0,5.15,5.15,5.0,7.0,5.5,4.5,5.15,5.15,5.15,5.15,5.0,5.15,5.0,5.15,6.0,5.5,5.0,6.0,5.5,4.5,6.0,4.0,7.0,3.5,7.0,5.0,4.975598,MD,Ligue 1
Onana Jean,5.05,4.92,5.05,5.05,5.05,5.05,5.05,5.5,5.05,5.05,5.5,5.05,4.5,5.5,5.5,4.5,5.0,5.0,5.0,4.5,5.05,5.05,5.05,5.05,6.0,7.0,5.5,4.5,3.5,5.05,5.0,6.0,2.5,6.0,4.5,4.5,3.0,5.05,5.05,5.05,4.9746575,MD,Ligue 1
Diarra Habib,5.0,4.97,5.0,5.0,5.0,5.0,4.5,5.5,6.0,5.5,4.5,4.5,5.0,5.0,5.0,5.0,5.0,5.5,4.0,5.0,5.0,5.0,5.0,5.0,5.0,5.0,5.0,5.0,5.0,5.0,4.5,5.0,5.0,5.0,5.0,5.0,5.0,5.0,5.0,5.0,4.969842,MD,Ligue 1
Martin Jonas,4.94,5.17,4.94,5.0,5.0,5.0,4.94,4.94,4.94,5.5,4.0,5.0,5.0,4.94,4.94,4.94,5.0,4.94,4.94,4.94,4.5,7.0,4.0,7.0,5.0,4.94,5.0,6.0,6.0,5.0,5.0,5.0,5.5,5.0,5.0,6.0,4.5,4.5,4.5,4.94,4.9680552,MD,Ligue 1
Doumbia Kamory,5.31,5.13,5.0,6.5,5.0,4.5,5.5,6.0,4.5,5.31,5.0,5.0,5.5,5.5,5.5,6.0,6.0,4.5,5.31,5.31,5.31,5.31,5.31,5.31,5.31,5.0,5.31,5.31,5.31,5.0,5.31,5.31,5.31,5.31,5.31,6.0,4.5,6.0,6.5,5.0,4.956893,MD,Ligue 1
Bellegarde Jean-Ricner,5.39,5.51,4.5,5.5,5.5,5.0,5.5,5.5,6.5,3.0,5.0,6.5,4.0,4.0,6.5,6.0,6.5,6.5,6.0,5.5,6.5,5.0,5.39,5.0,5.5,5.0,5.5,7.0,6.0,5.5,6.0,5.0,5.0,7.0,5.0,5.5,6.0,5.5,5.5,5.0,4.948151,MD,Ligue 1
Spadanuda Kevin,4.95,4.95,4.5,5.0,4.5,5.5,4.5,5.0,5.5,4.95,5.0,4.95,5.0,4.95,5.0,4.95,4.95,4.95,4.95,4.95,4.95,4.95,4.95,4.95,4.95,4.95,4.95,4.95,4.95,4.95,4.95,4.95,4.95,4.95,4.95,4.95,4.95,4.95,4.95,4.95,4.9396687,MD,Ligue 1
Ruiz Fabián,5.45,5.65,5.45,5.45,5.45,5.45,5.45,5.45,5.5,5.5,4.5,5.5,6.0,7.0,5.0,5.45,5.45,6.0,4.0,6.0,5.45,5.0,5.45,6.0,7.0,5.0,5.0,7.0,4.5,6.5,5.0,5.0,4.5,5.5,5.0,7.5,7.0,7.0,5.45,5.0,4.929542,MD,Ligue 1
Fayad Khalil,4.8,4.8,4.8,6.0,3.0,4.8,4.8,4.5,4.8,4.5,4.8,5.5,5.0,4.5,4.8,5.0,5.0,4.8,4.8,4.8,4.8,4.8,4.8,4.8,4.8,4.8,4.8,4.8,4.8,4.8,4.8,4.8,4.8,4.8,4.8,4.8,4.8,4.8,4.8,5.0,4.9167786,MD,Ligue 1
Camara Mohamed,5.6,5.6,5.6,5.6,5.0,5.5,4.0,6.5,5.5,6.0,6.5,7.0,3.5,5.6,5.6,7.5,5.5,5.0,6.0,6.0,5.6,5.6,5.6,5.6,5.6,5.6,5.6,5.6,5.6,5.6,5.6,5.6,5.6,5.6,5.6,5.6,5.6,5.6,5.6,4.5,4.8766384,MD,Ligue 1
Baiye Brandon,4.86,4.86,4.5,5.0,4.86,4.86,5.0,4.86,4.86,4.86,5.0,5.0,4.86,4.86,4.86,4.86,4.5,4.86,5.0,4.86,4.86,4.86,4.86,4.86,4.86,4.86,4.86,4.86,4.86,4.86,4.86,4.86,4.86,4.86,4.86,4.86,4.86,4.86,4.86,4.86,4.875094,MD,Ligue 1
Danilo Pereira,5.61,5.91,5.61,5.61,5.0,5.0,5.5,7.0,6.0,5.5,4.5,6.0,5.0,5.61,5.61,6.5,7.0,5.61,5.0,6.0,5.61,5.5,8.0,8.0,5.61,5.61,7.5,4.5,6.0,5.0,7.0,6.0,5.0,7.0,5.0,5.5,5.5,5.61,7.5,4.5,4.854132,MD,Ligue 1
Labeau Lascary Rémy,4.75,4.75,4.75,4.75,4.75,4.75,4.75,4.75,4.75,4.75,4.75,4.75,4.75,4.75,4.75,4.75,4.75,5.0,4.75,4.5,4.75,4.75,4.75,4.75,4.75,4.75,4.75,4.75,4.75,4.75,4.75,4.75,4.75,4.75,4.75,4.75,4.75,4.75,4.75,4.75,4.7482576,MD,Ligue 1
Jean Lucas,5.0,5.12,5.5,5.5,4.0,5.0,5.0,5.0,5.0,5.0,5.0,5.0,5.0,5.0,5.0,5.0,5.0,5.0,5.0,5.0,5.0,7.0,4.5,6.5,5.5,3.5,5.0,5.0,4.0,6.5,5.0,5.0,5.0,5.0,5.0,5.0,5.0,5.0,5.0,5.0,4.7148876,MD,Ligue 1
Amadou Ibrahim,4.25,4.69,4.25,4.25,4.25,4.25,4.25,4.25,4.25,4.25,5.0,5.5,3.5,4.0,3.5,4.0,4.25,4.25,4.25,4.25,4.25,4.25,4.0,5.0,4.0,6.0,4.5,6.0,4.25,4.0,7.0,4.25,5.0,4.0,4.25,4.25,4.25,4.25,4.25,4.25,4.680667,MD,Ligue 1
Raveloson Rayan,4.78,4.78,4.78,4.78,4.5,5.0,5.5,4.5,3.5,5.0,5.5,5.0,5.0,5.0,6.0,5.5,3.0,5.0,4.78,4.0,4.78,4.78,4.78,4.78,4.78,4.78,4.78,4.78,4.78,4.78,4.78,4.78,4.78,4.78,4.78,4.78,4.78,4.78,4.78,4.5,4.5644245,MD,Ligue 1
Rosario Pablo,4.73,5.02,5.0,5.0,4.0,4.0,4.5,5.5,4.73,4.73,5.0,4.5,4.0,4.73,5.5,4.73,4.73,5.5,4.0,5.0,7.0,5.0,5.0,4.73,4.0,6.0,5.0,5.5,6.0,5.0,6.5,3.5,4.5,5.0,6.0,6.0,5.0,3.5,5.0,4.73,4.555704,MD,Ligue 1
Abergel Laurent,5.43,5.33,6.0,6.0,5.5,5.5,4.0,5.5,6.5,6.0,5.5,6.0,5.43,5.43,5.43,5.43,5.43,4.0,5.0,6.0,5.43,6.0,5.5,5.43,5.43,6.0,6.5,5.0,5.43,6.0,3.5,6.5,5.0,6.0,3.5,5.5,3.5,5.0,5.5,4.5,4.5456195,MD,Ligue 1
Jean Dany,4.5,4.5,4.5,4.5,4.5,4.5,4.5,4.5,4.5,4.5,4.5,4.5,4.5,4.5,4.5,4.5,4.5,4.5,4.5,4.5,4.5,4.5,4.5,4.5,4.5,4.5,4.5,4.5,4.5,4.5,4.5,4.5,4.5,4.5,4.5,4.5,4.5,4.5,4.5,4.5,4.490743,MD,Ligue 1
Meïté Bamo,4.5,4.5,4.5,4.5,4.5,4.5,4.5,4.5,4.5,4.5,4.5,4.5,4.5,4.5,4.5,4.5,4.5,4.5,4.5,4.5,4.5,4.5,4.5,4.5,4.5,4.5,4.5,4.5,4.5,4.5,4.5,4.5,4.5,4.5,4.5,4.5,4.5,4.5,4.5,4.5,4.490743,MD,Ligue 1
Tardieu Florian,5.57,5.6,6.0,5.0,6.0,6.5,7.0,6.0,5.0,5.0,6.0,5.5,5.5,5.57,5.57,5.57,5.57,5.57,5.0,5.5,5.57,5.5,5.57,5.0,3.0,4.0,5.0,5.57,6.5,6.0,6.0,5.5,7.5,5.0,5.5,8.5,7.0,5.0,5.0,4.0,4.4130783,MD,Ligue 1
Ferri Jordan,5.03,5.0,5.03,3.0,5.0,7.0,6.5,4.5,4.5,6.0,4.0,4.5,5.03,7.0,6.0,4.5,5.5,6.5,4.5,2.5,5.03,4.5,5.0,5.0,4.5,6.0,4.0,3.5,6.0,7.0,5.5,3.5,7.0,4.5,4.0,5.03,5.03,3.5,4.5,4.0,4.3800235,MD,Ligue 1
Chavalerin Xavier,5.26,5.16,5.5,5.0,5.5,5.0,6.0,5.5,5.26,4.5,5.26,6.0,4.5,6.0,4.5,5.5,5.5,6.0,6.0,4.5,5.26,5.0,5.26,5.5,4.5,3.5,4.5,5.5,6.5,5.0,6.0,5.0,5.0,4.5,4.5,6.0,5.5,4.5,5.0,4.0,4.2915764,MD,Ligue 1
Camara Ousmane,3.75,5.1,3.75,3.75,3.75,4.0,3.5,3.75,3.75,3.75,3.75,3.75,3.75,3.75,3.75,3.75,3.75,3.75,3.75,3.75,5.5,4.0,5.5,6.0,6.5,3.75,6.0,3.75,3.75,3.75,5.5,3.75,3.75,5.5,5.5,3.5,4.5,5.5,5.5,3.75,3.8714108,MD,Ligue 1
Zaïre-Emery Warren,4.64,4.64,5.0,4.64,4.64,4.64,5.0,4.64,4.64,4.64,4.64,4.64,4.64,5.0,4.64,4.64,4.5,4.64,4.5,5.0,4.64,4.64,4.64,4.64,4.64,4.64,4.64,4.64,4.64,4.64,4.64,4.64,4.64,4.64,4.64,4.64,4.64,4.64,4.64,3.5,3.74352,MD,Ligue 1
Touré Birama,4.87,5.26,4.0,6.0,5.5,7.0,5.5,5.5,3.5,5.0,5.5,5.0,5.0,4.5,6.0,5.0,3.0,5.5,4.5,3.0,6.0,5.5,6.0,5.5,4.5,5.5,6.5,6.0,5.5,5.5,5.0,5.5,6.5,5.5,5.0,5.0,6.5,6.0,6.0,3.5,3.6141849,MD,Ligue 1
Mangani Thomas,4.78,4.88,6.0,5.5,5.5,4.0,4.78,5.5,4.78,5.0,4.5,5.0,5.0,5.0,4.5,5.0,4.5,4.78,5.0,4.5,4.78,5.5,4.78,3.5,4.78,4.78,5.0,4.0,4.5,4.5,5.0,4.78,5.0,5.0,4.5,5.5,5.5,5.0,7.5,2.0,2.5717046,MD,Ligue 1
