Joueur,Note,Note 1 an,j1,j2,j3,j4,j5,j6,j7,j8,j9,j10,j11,j12,j13,j14,j15,j16,j17,j18,j20,j21,j22,j23,j24,j25,j26,j27,j28,j29,j30,j31,j32,j33,j34,j35,j36,j37,j38,j19,prediction_label,Poste,Championnat
Disasi Axel,5.45,5.4,5.5,6.0,3.5,5.5,4.5,6.0,6.0,7.5,5.5,6.0,6.0,4.0,5.0,7.0,3.5,5.0,6.0,4.0,5.45,6.0,3.5,7.0,5.0,6.0,4.5,6.0,5.0,6.0,5.5,5.0,5.5,5.5,6.0,5.45,5.45,4.5,5.0,7.0,6.824543,DC,Ligue 1
Andrei Girotto,5.47,5.54,6.0,5.5,4.0,6.0,4.5,4.5,4.5,6.0,3.0,5.47,6.0,6.5,5.5,6.5,4.5,6.5,6.0,5.5,5.5,7.0,6.5,5.5,4.5,7.0,6.0,6.0,4.0,5.5,4.5,5.5,5.0,7.0,5.5,5.47,5.47,4.0,5.0,7.5,6.791869,DC,Ligue 1
Mbemba Chancel,5.79,5.79,5.5,4.5,7.0,6.0,6.0,7.0,5.0,5.5,6.0,4.5,5.5,5.5,4.5,5.5,5.5,7.0,6.0,7.5,5.79,5.79,5.79,5.79,5.79,5.79,5.79,5.79,5.79,5.79,5.79,5.79,5.79,5.79,5.79,5.79,5.79,5.79,5.79,6.0,5.9855275,DC,Ligue 1
Danso Kevin,5.61,5.61,4.5,5.5,5.0,5.0,5.0,5.0,7.5,6.0,6.0,6.5,6.0,6.0,6.0,6.0,5.5,4.5,6.5,4.0,5.5,5.5,4.5,5.61,4.5,5.5,7.0,5.5,5.5,7.0,5.61,6.0,5.5,6.0,3.5,5.61,6.0,7.0,5.5,6.0,5.9254127,DC,Ligue 1
Gigot Samuel,5.5,5.5,6.0,6.0,4.0,5.5,5.5,5.5,6.0,5.5,5.0,4.0,3.5,5.5,5.5,7.0,5.0,7.5,5.5,6.0,5.5,5.5,5.5,5.5,5.5,5.5,5.5,5.5,5.5,5.5,5.5,5.5,5.5,5.5,5.5,5.5,5.5,5.5,5.5,6.0,5.9179626,DC,Ligue 1
Yoro Leny,5.63,5.5,5.63,5.63,5.63,5.0,5.63,5.63,5.63,6.0,5.63,5.63,5.63,5.63,5.63,5.63,5.63,5.63,5.63,5.5,5.63,5.63,5.63,5.63,5.63,5.63,5.63,5.63,5.63,5.63,5.63,5.63,5.63,5.63,5.63,5.63,5.63,5.0,5.63,6.0,5.9058948,DC,Ligue 1
Wooh Christopher,5.44,5.56,5.44,5.44,5.44,5.44,5.0,5.44,5.44,5.44,5.44,5.44,4.5,6.0,6.5,6.0,5.5,5.44,4.5,5.0,5.44,5.44,5.44,5.44,6.0,5.0,5.44,5.44,5.44,5.44,6.0,5.44,5.44,6.0,6.0,5.5,5.44,5.44,5.44,6.0,5.902338,DC,Ligue 1
Theate Arthur,5.05,5.03,3.5,5.5,6.0,4.5,4.5,5.0,5.5,5.5,5.5,5.5,4.5,4.5,6.0,5.5,5.0,4.0,5.5,4.0,5.5,5.05,5.05,4.5,6.0,4.0,4.5,5.0,5.0,5.05,6.0,5.0,7.0,5.0,4.5,5.0,4.0,4.0,5.05,6.0,5.897867,DC,Ligue 1
Rodon Joe,5.35,5.29,4.5,5.0,5.35,3.5,7.0,5.0,6.0,6.0,5.0,5.5,5.35,5.35,5.35,5.35,5.35,5.35,5.35,5.35,5.35,5.35,5.0,5.35,5.35,5.35,5.35,5.35,5.35,5.35,5.35,5.35,5.35,5.35,5.35,5.35,5.35,5.0,5.35,6.0,5.893629,DC,Ligue 1
Nicolaisen Rasmus,5.17,5.36,5.0,6.0,5.5,3.5,6.0,5.0,7.5,4.5,6.0,5.0,4.5,4.5,5.17,4.0,6.0,2.0,6.0,6.0,6.0,6.0,5.0,7.0,5.0,7.5,5.17,6.0,3.5,6.0,6.0,4.5,5.5,6.5,6.0,6.0,3.5,5.0,5.0,6.0,5.875498,DC,Ligue 1
Agbadou Emmanuel,5.19,5.19,4.0,3.5,5.19,4.5,5.0,6.5,5.0,3.5,5.0,6.0,5.5,5.19,5.19,7.0,5.5,6.0,4.0,6.0,5.19,5.19,5.19,5.19,5.19,5.19,5.19,5.19,5.19,5.19,5.19,5.19,5.19,5.19,5.19,5.19,5.19,5.19,5.19,6.0,5.8575625,DC,Ligue 1
Djiku Alexander,5.0,5.02,4.0,5.0,6.0,5.0,5.5,5.5,6.0,4.5,4.0,5.5,4.0,5.0,5.0,5.0,5.0,6.0,3.0,5.0,5.0,5.0,5.0,5.0,6.0,4.0,6.0,5.5,7.5,5.0,5.0,4.5,5.5,4.0,5.5,3.0,5.0,6.5,2.5,6.0,5.7748623,DC,Ligue 1
Seidu Alidu,5.33,5.05,4.0,6.5,6.0,5.0,4.5,6.0,6.5,3.5,5.5,7.0,5.5,4.5,5.33,5.5,4.5,4.5,5.5,5.5,5.33,5.33,6.0,6.0,3.5,6.5,5.33,4.0,4.5,4.0,4.0,3.0,5.33,4.0,5.33,5.5,5.5,5.0,4.5,6.0,5.7631354,DC,Ligue 1
Maripán Guillermo,5.25,5.25,5.0,5.5,5.25,4.0,4.0,5.25,7.0,5.25,5.0,5.25,5.5,5.25,6.0,6.0,4.0,5.0,5.5,5.0,5.5,7.0,3.5,6.0,5.5,6.0,4.5,5.25,5.25,5.0,5.0,5.25,5.25,5.25,5.0,6.0,4.5,5.25,5.0,6.0,5.748478,DC,Ligue 1
Hérelle Christophe,5.0,4.96,4.0,5.0,5.0,5.0,5.0,6.0,5.0,5.0,4.0,5.0,5.0,5.0,5.0,5.0,5.0,5.0,4.5,6.0,4.5,4.5,5.0,4.0,5.0,5.5,5.0,5.5,5.0,5.0,7.0,5.0,5.0,5.0,6.0,6.5,4.5,4.0,2.0,5.5,5.685563,DC,Ligue 1
Todibo Jean-Clair,5.24,5.24,6.0,6.0,3.5,5.24,5.5,5.0,5.0,4.0,5.24,5.0,5.0,4.5,5.5,6.0,4.0,5.5,6.0,6.5,7.0,5.5,6.0,5.24,3.5,5.5,5.24,5.5,6.0,4.0,4.5,4.5,6.0,5.0,6.5,7.0,4.5,3.5,5.0,6.0,5.684451,DC,Ligue 1
Perrin Lucas,4.81,5.0,5.0,5.0,5.5,4.81,4.81,4.81,4.81,5.0,5.0,4.0,4.81,4.5,4.0,5.0,4.81,5.0,4.5,4.0,6.0,5.5,3.5,5.5,5.0,6.0,5.0,5.0,6.0,5.0,4.81,5.0,4.5,6.0,4.5,5.5,4.81,4.81,2.5,6.0,5.6483126,DC,Ligue 1
Jeanvier Julian,4.46,4.46,3.0,6.0,5.5,4.46,4.46,4.46,4.46,4.46,3.5,4.46,5.0,4.5,6.0,5.5,2.0,4.0,4.0,3.0,4.46,4.46,4.46,4.46,4.46,4.46,4.46,4.46,4.46,4.46,4.46,4.46,4.46,4.46,4.46,4.46,4.46,4.46,4.46,6.0,5.6151905,DC,Ligue 1
Diakité Bafodé,4.86,4.98,5.0,5.0,3.0,4.5,6.0,5.0,4.5,3.5,4.5,5.0,4.86,4.5,4.5,5.0,5.0,5.5,5.5,5.5,6.0,5.0,4.86,5.5,5.0,6.5,4.86,5.0,3.0,5.0,5.0,7.0,5.0,4.86,4.86,4.86,4.5,4.86,4.5,6.0,5.5872,DC,Ligue 1
Castelletto Jean-Charles,5.0,5.07,5.0,5.5,4.5,6.0,6.0,5.5,3.5,6.0,3.5,3.0,5.0,4.0,5.0,5.5,5.5,4.5,6.0,5.5,5.0,5.0,5.0,5.0,6.0,6.0,5.0,6.0,5.0,3.5,5.0,4.5,4.5,5.0,4.5,5.0,6.0,5.0,5.0,5.5,5.5429897,DC,Ligue 1
Balerdi Leonardo,5.32,5.3,5.5,5.5,6.0,6.0,5.0,5.5,4.5,5.0,7.0,4.0,5.0,4.5,5.0,6.0,4.5,5.5,5.0,6.0,5.5,5.32,5.0,5.0,5.0,5.32,5.32,5.32,6.0,5.0,5.32,5.32,5.32,5.32,5.32,5.32,5.32,5.32,5.32,5.5,5.5345993,DC,Ligue 1
Zeze Nathan,5.5,5.5,5.5,5.5,5.5,5.5,5.5,5.5,5.5,5.5,5.5,5.5,5.5,5.5,5.5,5.5,5.5,5.5,5.5,5.5,5.5,5.5,5.5,5.5,5.5,5.5,5.5,5.5,5.5,5.5,5.5,5.5,5.5,5.5,5.5,5.5,5.5,5.5,5.5,5.5,5.5168357,DC,Ligue 1
Brassier Lilian,4.74,4.92,3.0,5.0,5.0,3.5,4.5,5.0,5.0,4.5,5.5,4.74,3.5,5.5,6.0,5.0,5.5,3.5,4.74,5.0,4.74,5.0,6.5,4.74,5.5,5.5,5.0,6.5,3.0,4.74,5.5,5.0,5.0,5.0,5.0,8.0,5.0,3.5,3.0,5.5,5.4897113,DC,Ligue 1
Tiago Djaló,5.42,5.27,5.0,5.0,5.0,7.5,4.0,7.0,4.5,5.42,4.0,6.0,6.0,4.0,4.5,5.0,7.5,5.5,5.5,6.0,5.42,5.42,4.0,5.42,6.5,4.5,6.0,6.0,5.0,6.0,6.0,4.5,4.0,5.42,5.42,5.0,4.5,5.5,4.5,5.5,5.449189,DC,Ligue 1
Dante,5.22,5.13,4.5,5.0,4.5,3.0,6.0,5.0,6.0,5.5,3.0,5.0,5.22,5.5,6.5,6.0,6.0,5.5,4.5,7.0,6.5,5.0,7.0,4.5,4.5,6.0,3.5,6.0,3.0,5.22,5.5,4.0,5.22,5.22,6.0,6.0,5.0,3.5,4.0,5.5,5.4019475,DC,Ligue 1
Wieteska Mateusz,5.05,5.05,3.0,7.0,5.5,4.5,5.0,6.0,4.5,3.0,6.5,5.5,5.0,4.0,5.5,6.0,5.0,4.0,5.5,5.0,5.05,5.05,5.05,5.05,5.05,5.05,5.05,5.05,5.05,5.05,5.05,5.05,5.05,5.05,5.05,5.05,5.05,5.05,5.05,5.5,5.373415,DC,Ligue 1
Bailly Eric,5.33,5.29,5.33,5.33,5.33,5.5,5.5,5.33,5.5,5.33,5.33,5.33,5.5,5.33,5.33,5.33,5.33,5.0,5.0,5.33,5.0,5.33,5.33,5.33,5.33,5.33,5.33,5.33,5.33,5.33,5.33,5.33,5.33,5.33,5.33,5.33,5.33,5.33,5.33,5.33,5.3525634,DC,Ligue 1
Le Marchand Maxime,4.8,5.0,4.5,5.0,5.5,5.0,4.8,5.0,5.0,4.8,5.0,5.5,3.5,4.5,4.5,3.0,5.0,4.8,4.8,5.5,4.8,4.8,4.8,4.8,4.8,4.8,4.8,4.8,4.8,4.8,4.8,4.8,4.8,4.8,5.0,5.0,6.0,7.0,4.8,5.5,5.3054605,DC,Ligue 1
Thiago Mendes,5.28,5.32,6.5,3.0,6.0,5.0,5.0,7.0,4.5,5.0,4.0,5.0,5.28,5.0,6.0,5.5,5.5,5.0,6.0,6.0,5.28,5.28,6.0,3.5,7.0,5.5,5.0,6.0,3.0,6.0,6.0,5.28,6.5,5.5,6.0,6.0,4.0,5.28,5.28,5.0,5.2829633,DC,Ligue 1
Abdelhamid Yunis,4.89,4.84,2.0,3.0,4.5,5.0,5.0,5.0,4.5,3.5,5.0,6.0,5.5,6.5,5.0,6.0,6.0,5.0,4.0,6.0,4.89,4.5,3.5,6.0,3.5,4.89,4.89,4.0,6.5,5.5,4.5,3.5,4.89,6.0,4.5,5.0,5.0,5.5,3.5,5.5,5.218636,DC,Ligue 1
Bitshiabu El Chadaille,5.17,5.13,5.17,5.17,5.17,5.17,5.17,5.17,5.17,5.17,5.17,5.17,5.17,5.0,5.17,5.17,5.17,5.0,5.17,5.5,5.17,5.17,5.17,5.17,5.17,5.17,5.17,5.17,5.17,5.17,5.17,5.17,5.17,5.0,5.17,5.17,5.17,5.17,5.17,5.17,5.168615,DC,Ligue 1
Nyamsi Gerzino,4.38,4.89,4.0,4.5,4.38,4.38,4.38,4.38,4.38,4.38,4.0,4.38,4.0,5.0,4.5,4.0,5.5,4.0,3.5,4.0,5.5,5.5,3.0,6.0,6.0,5.0,5.0,5.0,5.5,5.5,6.0,5.5,5.5,5.5,5.5,4.0,5.5,6.0,3.0,5.5,5.1479473,DC,Ligue 1
Caufriez Maximiliano,5.17,5.17,5.17,5.17,5.17,5.17,5.17,6.0,5.0,4.0,6.0,5.5,5.5,4.0,5.5,5.17,4.5,5.5,5.17,5.5,5.17,5.17,5.17,5.17,5.17,5.17,5.17,5.17,5.17,5.17,5.17,5.17,5.17,5.17,5.17,5.17,5.17,5.17,5.17,5.0,5.084179,DC,Ligue 1
Porozo Jackson,4.96,4.96,4.0,3.5,4.96,4.96,5.5,5.0,5.5,5.5,6.0,4.96,5.5,4.5,4.0,5.5,4.96,5.0,4.96,4.96,4.96,4.96,4.96,4.96,4.96,4.96,4.96,4.96,4.96,4.96,4.96,4.96,4.96,4.96,4.96,4.96,4.96,4.96,4.96,4.96,5.0458612,DC,Ligue 1
Gravillon Andreaw,4.85,4.8,3.5,3.5,5.0,5.0,5.5,6.0,4.5,4.5,4.5,5.0,6.0,4.85,5.0,4.85,4.85,4.85,5.0,4.85,4.85,4.0,3.5,4.85,4.85,4.85,4.85,4.85,4.85,4.85,4.85,4.85,5.5,5.5,4.5,5.5,4.0,5.0,4.85,4.85,5.0189714,DC,Ligue 1
Kimpembe Presnel,4.94,5.15,5.0,5.0,6.0,4.0,4.94,5.5,4.0,4.94,4.94,4.94,4.94,4.94,5.0,4.94,5.0,4.94,4.94,4.94,5.0,6.0,4.94,7.5,6.0,4.0,5.5,4.94,7.0,3.0,5.0,5.5,5.0,4.94,5.5,4.0,4.0,4.94,5.5,4.94,5.0059767,DC,Ligue 1
Cissé Souleymane,5.0,5.0,5.0,5.0,5.0,5.0,5.0,5.0,5.0,5.0,5.0,5.0,5.0,5.0,5.0,5.0,5.0,5.0,5.0,5.0,5.0,5.0,5.0,5.0,5.0,5.0,5.0,5.0,5.0,5.0,5.0,5.0,5.0,5.0,5.0,5.0,5.0,5.0,5.0,5.0,5.003771,DC,Ligue 1
Steven Fortès,5.0,5.0,5.0,5.0,5.0,5.0,5.0,5.0,5.0,5.0,5.0,5.0,5.0,5.0,5.0,5.0,5.0,5.0,5.0,5.0,5.0,5.0,5.0,5.0,5.0,5.0,5.0,5.0,5.0,5.0,5.0,5.0,5.0,5.0,5.0,5.0,5.0,5.0,5.0,5.0,5.003771,DC,Ligue 1
Ramos Sergio,5.26,5.34,6.0,5.0,5.5,5.0,6.0,4.0,6.0,6.0,5.5,4.5,5.26,5.26,5.0,6.0,6.0,4.0,4.0,6.0,5.26,5.0,7.5,5.26,5.26,5.26,5.26,5.26,5.26,5.26,5.0,6.0,5.0,7.0,4.5,4.0,5.26,7.0,5.5,5.0,5.000642,DC,Ligue 1
Ogier Florent,4.91,4.67,2.5,6.0,6.0,4.5,6.0,4.91,4.91,5.0,4.91,5.0,4.91,4.91,4.0,4.5,4.91,4.91,5.5,5.0,4.91,3.5,4.91,4.91,4.91,4.91,5.5,4.91,4.91,3.5,4.5,5.0,5.0,5.5,4.0,3.5,5.5,4.91,4.0,4.91,4.997942,DC,Ligue 1
da Silva Damien,4.93,5.08,4.93,4.5,4.93,4.93,4.93,5.0,4.93,4.93,4.93,4.93,4.5,5.0,5.5,4.93,4.93,5.0,5.0,4.93,4.5,5.5,5.5,4.93,4.93,4.93,4.93,4.93,5.0,4.93,4.93,5.0,5.0,5.5,5.0,4.93,4.93,6.0,5.5,4.93,4.9814124,DC,Ligue 1
Boateng Jérôme,5.0,5.0,5.0,5.0,5.0,5.0,5.0,5.0,5.0,5.0,5.0,5.0,4.0,5.5,5.5,5.0,5.0,5.0,5.0,5.0,5.0,6.0,5.0,3.5,5.0,5.0,5.0,5.0,5.0,5.0,5.0,5.0,5.5,5.0,5.5,6.0,3.5,4.5,5.0,5.0,4.977827,DC,Ligue 1
Marquinhos,5.69,5.58,7.5,4.5,6.5,5.5,6.0,6.0,5.0,6.0,6.0,6.0,6.0,6.0,5.0,6.0,5.69,5.5,4.0,6.0,6.0,6.0,5.5,5.0,6.0,4.5,6.0,5.0,6.5,4.5,5.0,5.69,5.5,7.5,4.5,3.5,6.0,6.0,6.0,4.5,4.976082,DC,Ligue 1
Marquinhos,5.69,5.58,7.5,4.5,6.5,5.5,6.0,6.0,5.0,6.0,6.0,6.0,6.0,6.0,5.0,6.0,5.69,5.5,4.0,6.0,6.0,6.0,5.5,5.0,6.0,4.5,6.0,5.0,6.5,4.5,5.0,5.69,5.5,7.5,4.5,3.5,6.0,6.0,6.0,5.0,4.976082,DC,Ligue 1
Jubal,4.66,5.06,3.0,5.5,5.5,6.0,5.0,4.0,3.0,3.5,6.5,6.5,5.0,4.5,6.0,5.5,3.0,4.0,4.5,2.5,4.66,5.0,5.5,5.5,5.0,6.0,6.0,6.0,5.5,6.0,5.5,5.5,5.5,5.5,5.0,6.0,5.5,4.5,4.66,5.0,4.9457974,DC,Ligue 1
José Fonte,5.15,5.21,5.5,5.0,2.5,6.0,5.5,6.0,4.5,4.0,4.5,4.5,6.0,5.15,4.5,7.5,5.0,6.0,5.5,5.15,5.15,6.0,5.5,3.0,6.5,5.0,7.0,6.0,5.0,6.0,5.0,6.0,4.0,4.0,6.0,5.5,4.0,5.5,5.0,5.0,4.9040275,DC,Ligue 1
Sarr Malang,5.06,4.91,5.06,5.06,5.0,5.06,4.5,6.0,5.0,5.06,5.0,5.06,5.06,5.06,5.0,5.06,5.06,5.0,5.0,5.06,5.06,5.06,5.5,5.5,5.06,2.0,5.0,5.06,5.06,5.0,5.06,5.06,5.06,5.06,5.06,5.06,5.0,5.06,5.0,5.0,4.9012,DC,Ligue 1
Doukouré Ismaël,4.8,4.88,4.8,4.8,4.8,5.0,5.0,5.0,5.0,4.5,4.8,4.8,4.0,4.8,4.8,4.8,4.8,5.0,5.0,4.5,5.5,4.8,4.8,4.8,4.8,4.8,4.8,4.8,4.8,4.8,4.8,4.8,4.8,4.8,4.8,4.8,5.0,4.8,4.8,5.0,4.8860874,DC,Ligue 1
Alexsandro Ribeiro,4.69,4.69,5.5,4.5,2.0,4.69,4.69,4.69,4.69,4.69,4.69,4.69,5.0,6.0,5.0,4.69,4.69,4.69,4.5,4.69,4.69,4.69,4.69,4.69,4.69,4.69,4.69,4.69,4.69,4.69,4.69,4.69,4.69,4.69,4.69,4.69,4.69,4.69,4.69,5.0,4.876288,DC,Ligue 1
Pallois Nicolas,4.97,5.22,5.5,5.5,4.5,5.5,6.0,3.5,3.0,6.0,4.0,4.0,6.0,6.5,5.0,4.0,4.97,5.0,5.5,4.97,5.5,4.97,5.0,5.0,6.5,5.5,6.0,6.0,5.0,4.97,4.97,4.97,5.0,4.5,4.97,5.0,7.0,4.97,5.5,4.97,4.8120027,DC,Ligue 1
Diallo Baila,4.75,4.75,4.75,4.75,4.75,4.75,4.75,4.75,4.75,4.75,4.75,4.75,4.75,4.75,4.75,5.0,4.5,4.75,4.75,4.75,4.75,4.75,4.75,4.75,4.75,4.75,4.75,4.75,4.75,4.75,4.75,4.75,4.75,4.75,4.75,4.75,4.75,4.75,4.75,4.75,4.7539263,DC,Ligue 1
Ousmane Camara,4.75,4.75,4.75,4.75,4.75,4.75,4.75,4.75,4.75,4.75,4.75,4.75,4.75,4.75,4.75,4.75,4.75,4.5,5.0,4.75,4.75,4.75,4.75,4.75,4.75,4.75,4.75,4.75,4.75,4.75,4.75,4.75,4.75,4.75,4.75,4.75,4.75,4.75,4.75,4.75,4.75354,DC,Ligue 1
Diarra Moussa,4.93,4.93,4.93,5.0,4.0,4.93,4.0,4.93,5.5,4.0,5.0,5.0,5.0,5.0,3.0,4.93,5.0,5.0,6.5,7.0,5.0,5.5,5.0,5.5,4.5,4.5,4.93,5.0,3.5,6.0,4.5,5.0,4.93,5.0,4.93,4.93,4.93,4.93,5.0,5.0,4.7453847,DC,Ligue 1
Estève Maxime,4.9,4.9,5.0,4.9,5.0,5.5,6.5,4.5,5.0,5.5,4.9,4.0,5.0,4.5,4.9,4.0,6.0,6.0,3.5,3.5,4.9,4.9,4.9,4.9,4.9,4.9,4.9,4.0,5.5,7.5,4.0,5.0,5.5,4.0,5.5,4.5,5.5,3.0,4.9,4.9,4.743955,DC,Ligue 1
Cozza Nicolas,4.65,4.56,6.0,3.0,5.0,6.5,6.0,3.0,4.5,4.5,5.0,4.5,5.0,4.0,3.0,4.5,5.0,4.65,5.0,4.65,4.65,4.0,6.0,4.0,5.0,5.0,3.5,4.0,5.0,3.5,4.65,4.5,5.0,4.65,2.0,5.0,4.0,4.5,4.5,4.5,4.7418675,DC,Ligue 1
Viti Mattia,4.64,4.92,4.64,4.64,4.64,3.5,5.5,5.0,4.64,4.64,4.0,6.0,4.5,4.0,4.64,4.64,4.64,4.64,4.64,4.64,5.0,4.5,4.64,5.0,5.5,4.5,5.5,4.64,4.64,4.64,5.5,5.0,5.5,4.64,4.5,4.5,4.64,4.64,6.0,4.64,4.732711,DC,Ligue 1
Chardonnet Brendan,4.64,4.85,3.0,5.5,6.0,2.5,4.0,5.0,4.5,5.5,5.0,3.5,4.64,6.0,5.5,5.0,5.0,3.0,5.0,5.0,4.0,5.0,6.0,4.5,5.5,4.64,3.5,4.64,4.64,5.5,6.0,6.0,4.5,5.5,6.0,6.0,5.5,5.0,3.0,4.5,4.7219605,DC,Ligue 1
Laporte Julien,5.0,4.94,6.0,6.0,4.0,6.0,2.5,6.0,4.5,5.5,5.5,5.5,5.5,4.0,5.0,4.5,5.0,4.5,5.0,5.0,5.0,6.0,3.0,5.0,6.5,4.5,5.5,5.0,6.0,6.0,2.5,4.5,5.0,6.0,2.0,5.5,3.5,6.0,5.0,5.0,4.704226,DC,Ligue 1
Lukeba Castello,5.08,5.16,5.5,3.5,6.5,5.0,5.5,8.0,3.5,5.5,5.08,5.5,3.0,5.0,6.0,4.5,6.0,5.0,4.0,5.0,5.5,6.0,6.0,4.0,6.0,5.0,4.5,6.0,3.0,5.5,5.5,5.08,6.5,3.5,5.5,7.0,3.5,5.0,4.5,4.5,4.7028165,DC,Ligue 1
Rami Adil,4.79,4.88,4.79,5.0,3.0,5.0,4.79,5.0,6.0,4.79,4.79,4.5,5.0,4.79,4.79,4.79,4.79,4.79,4.79,4.79,4.79,5.5,4.79,6.0,3.5,4.0,6.0,4.79,4.79,5.0,5.0,4.79,4.79,4.5,4.79,4.79,4.79,4.79,5.0,4.79,4.700645,DC,Ligue 1
Lovren Dejan,5.25,5.25,5.25,5.25,5.25,5.25,5.25,5.25,5.25,5.25,5.25,5.25,5.25,5.25,5.25,5.25,5.25,5.25,5.25,6.0,5.25,5.25,5.25,5.25,5.25,5.25,5.25,5.25,5.25,5.25,5.25,5.25,5.25,5.25,5.25,5.25,5.25,5.25,5.25,4.5,4.683086,DC,Ligue 1
Duverne Jean-Kévin,4.5,4.6,4.0,5.0,5.0,1.5,4.0,4.5,4.5,4.5,5.0,5.0,4.5,6.5,5.0,4.5,5.0,3.5,5.0,4.0,3.5,4.5,5.5,4.5,5.5,5.0,4.5,6.0,2.5,5.0,5.0,4.5,4.0,4.0,6.0,4.5,5.0,5.0,4.5,4.5,4.658675,DC,Ligue 1
Blazic Miha,4.86,4.86,5.5,4.5,4.0,5.0,4.86,4.86,5.0,6.0,3.5,5.0,4.86,4.86,4.86,5.5,5.0,6.0,4.5,4.0,4.86,4.86,4.86,4.86,4.86,4.86,4.86,4.86,4.86,4.86,4.86,4.86,4.86,4.86,4.86,4.86,4.86,4.86,4.86,4.5,4.655788,DC,Ligue 1
Matsima Chrislain,4.92,5.0,4.92,4.92,4.92,4.92,4.92,4.92,4.92,4.92,5.0,5.0,4.92,4.92,4.92,4.92,5.0,5.0,5.0,4.92,5.0,5.0,4.92,4.92,4.92,4.92,5.0,5.5,4.92,4.92,4.92,5.0,4.92,4.92,4.92,4.92,4.92,4.92,4.92,4.5,4.6440563,DC,Ligue 1
Kévin Keben Kévin,4.65,4.65,5.0,4.65,5.0,4.5,4.65,4.65,5.0,4.5,4.5,5.0,4.65,4.65,4.5,4.0,4.5,4.65,4.65,4.65,4.65,4.65,4.65,4.65,4.65,4.65,4.65,4.65,4.65,4.65,4.65,4.65,4.65,4.65,4.65,4.65,4.65,4.65,4.65,4.65,4.628027,DC,Ligue 1
Marquinhos,4.5,4.5,4.5,4.5,4.5,4.5,4.5,4.5,4.5,4.5,4.5,4.5,4.5,4.5,4.5,4.5,4.5,4.5,4.5,4.5,4.5,4.5,4.5,4.5,4.5,4.5,4.5,4.5,4.5,4.5,4.5,4.5,4.5,4.5,4.5,4.5,4.5,4.5,4.5,4.5,4.490743,DC,Ligue 1
Bouebari Franci,4.5,4.5,4.5,4.5,4.5,4.5,4.5,4.5,4.5,4.5,4.5,4.5,4.5,4.5,4.5,4.5,4.5,4.5,4.5,4.5,4.5,4.5,4.5,4.5,4.5,4.5,4.5,4.5,4.5,4.5,4.5,4.5,4.5,4.5,4.5,4.5,4.5,4.5,4.5,4.5,4.490743,DC,Ligue 1
Marquinhos,4.5,4.5,4.5,4.5,4.5,4.5,4.5,4.5,4.5,4.5,4.5,4.5,4.5,4.5,4.5,4.5,4.5,4.5,4.5,4.5,4.5,4.5,4.5,4.5,4.5,4.5,4.5,4.5,4.5,4.5,4.5,4.5,4.5,4.5,4.5,4.5,4.5,4.5,4.5,5.0,4.490743,DC,Ligue 1
Dari Achraf,4.4,4.4,6.0,5.5,6.5,2.0,4.5,4.0,5.0,4.5,4.4,4.0,2.0,4.4,4.4,4.4,4.4,4.4,4.4,4.4,4.4,4.4,4.4,4.4,4.4,4.4,4.4,4.4,4.4,4.4,4.4,4.4,4.4,4.4,4.4,4.4,4.4,4.4,4.4,4.4,4.453407,DC,Ligue 1
Bain Dénys,4.75,4.17,4.75,4.75,4.75,4.75,4.75,4.75,4.75,4.75,5.0,4.5,4.75,4.75,4.75,4.75,4.75,4.75,4.75,4.75,4.75,4.75,4.75,4.75,4.75,4.75,4.75,4.75,3.0,4.75,4.75,4.75,4.75,4.75,4.75,4.75,4.75,4.75,4.75,4.75,4.4373765,DC,Ligue 1
Touré Isaak,4.79,4.44,4.79,4.79,4.79,4.79,5.0,4.79,4.5,4.79,5.0,4.79,4.79,4.79,4.5,5.0,4.79,4.79,4.79,5.0,5.0,4.0,4.79,6.0,2.5,3.0,4.79,4.79,4.79,4.79,3.0,4.79,4.79,4.79,5.0,4.79,4.0,5.0,4.79,4.5,4.379578,DC,Ligue 1
Coeff Alexandre,4.29,4.93,4.29,4.29,5.5,6.5,5.0,4.0,1.5,3.5,4.29,4.0,4.29,4.29,4.29,4.29,4.29,4.29,4.29,4.29,5.0,4.29,4.29,5.0,5.0,5.0,5.0,4.29,5.0,5.5,5.0,4.29,5.5,5.5,7.0,5.5,5.0,4.29,4.5,4.29,4.335035,DC,Ligue 1
Mendy Batista,4.56,4.66,5.0,4.5,5.5,3.5,4.56,3.0,6.0,6.0,4.0,4.5,3.0,5.0,3.5,5.0,4.56,6.0,4.5,4.0,4.56,6.0,4.56,2.5,4.5,5.0,4.0,4.5,5.0,5.5,3.5,5.5,4.5,5.0,4.5,4.0,7.0,4.5,5.5,4.5,4.308733,DC,Ligue 1
Talbi Montassar,5.0,5.0,6.0,6.0,4.0,6.0,2.5,6.0,4.5,6.0,6.0,5.0,6.0,4.5,4.0,5.0,5.5,4.0,5.5,4.5,5.0,5.0,5.0,5.0,5.0,5.0,5.0,5.0,5.0,5.0,5.0,5.0,5.0,5.0,5.0,5.0,5.0,5.0,5.0,4.0,4.2627125,DC,Ligue 1
Avinel Cédric,4.75,4.97,4.0,5.0,4.75,4.75,4.75,4.75,4.5,6.5,5.5,5.0,5.5,3.5,4.0,4.75,4.75,4.75,4.75,4.75,5.5,4.75,4.5,4.5,5.5,6.0,5.0,6.0,4.5,4.75,4.75,4.75,4.75,4.75,4.75,4.75,4.75,5.0,5.5,4.0,4.2533903,DC,Ligue 1
Diomandé Sinaly,4.75,4.78,4.75,4.75,4.75,4.75,4.75,4.75,4.75,4.75,5.5,4.75,4.0,4.0,4.75,5.0,5.5,4.5,5.5,4.75,4.75,4.75,4.75,4.75,5.0,4.75,4.75,4.75,4.75,4.75,4.75,4.75,4.75,4.75,4.75,4.75,4.75,4.75,4.75,4.0,4.2471595,DC,Ligue 1
Logan Costa Logan,4.0,4.17,4.0,4.0,4.0,4.0,4.0,4.0,4.0,4.0,4.0,4.0,4.0,4.0,4.0,4.0,4.0,4.0,4.0,4.0,4.0,4.0,4.0,4.0,4.0,4.0,4.0,4.0,4.0,4.0,4.0,4.0,5.0,4.0,4.0,4.0,4.0,4.0,3.5,4.0,4.1182055,DC,Ligue 1
Jullien Christopher,4.46,4.46,4.46,4.46,4.46,6.0,4.46,4.46,5.0,5.0,3.0,4.0,5.0,5.0,3.0,5.0,5.0,6.0,4.5,2.0,4.46,4.46,4.46,4.46,4.46,4.46,4.46,4.46,4.46,4.46,4.46,4.46,4.46,4.46,4.46,4.46,4.46,4.46,4.46,4.0,4.0611615,DC,Ligue 1
Rouault Anthony,4.97,5.36,5.5,6.0,5.5,4.0,4.0,4.0,7.0,5.0,6.0,4.5,6.0,7.0,3.0,4.0,3.0,3.0,5.5,7.5,6.0,5.0,6.0,6.0,8.0,7.0,4.97,6.0,3.0,6.5,7.0,5.5,4.5,5.5,6.5,6.0,5.0,5.0,4.97,4.0,4.052319,DC,Ligue 1
Sakho Mamadou,4.67,4.72,4.0,5.0,5.5,4.67,6.0,4.5,5.0,4.67,4.67,4.67,4.67,4.67,5.0,4.67,4.67,4.67,4.67,3.5,4.67,3.5,5.5,4.0,5.5,6.0,4.67,4.67,4.67,4.67,4.0,4.5,5.5,5.0,3.5,4.5,4.0,4.67,5.0,3.5,4.0144353,DC,Ligue 1
Tchato Mbiayi Enzo,4.69,4.69,5.0,4.5,5.0,4.69,6.5,4.5,5.0,5.0,4.0,3.5,5.0,4.5,5.0,4.69,4.69,4.69,4.69,4.69,4.69,4.69,4.69,4.69,4.69,4.69,4.69,4.69,4.69,4.69,4.69,4.69,4.69,4.69,4.69,4.69,4.69,4.69,4.69,3.5,3.7946713,DC,Ligue 1
Hountondji Cédric,4.37,4.41,5.0,3.5,4.0,4.0,3.0,3.0,6.0,5.5,4.0,4.0,4.0,4.5,4.5,4.5,6.0,5.5,4.5,4.0,4.37,4.0,5.0,5.5,5.5,6.0,5.0,3.0,3.0,4.0,4.37,4.37,4.37,4.37,4.37,4.37,4.37,4.37,4.37,3.5,3.7927055,DC,Ligue 1
Omari Warmed,3.75,5.0,3.75,3.75,3.75,3.75,3.75,3.75,3.75,3.75,3.75,3.75,3.75,3.75,3.75,3.75,3.75,4.0,3.75,3.5,5.0,6.0,4.5,6.0,5.5,5.0,4.5,6.5,5.5,6.0,5.0,5.0,3.0,4.0,6.0,6.0,4.0,6.0,4.5,3.75,3.6630895,DC,Ligue 1
Mayembo Fernand,4.81,4.83,4.81,5.5,4.5,3.5,4.81,4.81,4.81,4.81,4.81,4.81,4.81,4.81,5.0,4.81,4.81,6.0,5.0,5.5,4.81,5.5,5.0,5.5,3.0,3.0,6.0,6.0,4.81,4.81,4.81,4.81,4.81,4.81,4.81,4.81,4.81,4.81,4.81,3.5,3.6600108,DC,Ligue 1
Palmer-Brown Erik,4.68,4.82,4.5,3.5,3.0,5.5,6.0,6.0,4.5,6.0,5.0,3.0,5.0,5.0,5.0,6.0,5.0,5.5,4.0,3.5,4.68,5.5,4.68,5.5,2.0,3.5,5.0,6.5,6.0,4.5,4.0,6.0,7.0,5.0,5.0,6.0,4.0,3.5,5.5,3.0,3.4416134,DC,Ligue 1
Salmier Yoann,4.62,4.85,4.5,4.0,3.0,5.5,6.0,3.5,4.62,5.0,4.5,4.0,4.62,5.0,4.5,5.0,5.0,6.0,6.0,4.0,4.62,5.5,4.62,5.5,3.5,4.0,6.0,6.0,6.0,7.0,6.0,4.5,4.62,4.62,4.62,4.62,5.0,3.5,4.5,3.0,3.3216188,DC,Ligue 1
Mawissa Elebi Christian,3.25,3.25,3.25,3.25,3.25,3.25,3.25,3.25,3.25,3.25,3.25,3.25,3.25,3.25,3.25,3.25,3.25,1.5,5.0,3.25,3.25,3.25,3.25,3.25,3.25,3.25,3.25,3.25,3.25,3.25,3.25,3.25,3.25,3.25,3.25,3.25,3.25,3.25,3.25,3.25,3.2520595,DC,Ligue 1
Gonzalez Oumar,4.36,4.9,6.0,5.0,3.5,3.0,4.5,4.0,4.36,6.0,4.36,6.0,5.5,3.5,4.36,4.36,4.5,4.36,3.5,4.0,4.36,6.0,3.0,4.5,6.0,4.36,5.0,6.0,4.5,6.0,5.5,5.5,5.5,6.0,5.5,6.0,6.0,5.0,5.0,2.0,2.5536284,DC,Ligue 1
Vidal Clément,4.45,5.13,4.45,4.45,5.0,4.45,5.0,5.0,4.5,5.0,3.5,5.0,4.45,4.45,5.0,4.0,4.45,4.45,4.45,5.0,6.0,5.5,4.45,4.45,5.0,6.0,5.0,4.45,5.0,5.5,6.5,5.5,5.5,6.0,5.5,5.0,6.0,5.5,6.0,2.0,2.445392,DC,Ligue 1
