Joueur,Note,Note 1 an,j1,j2,j3,j4,j5,j6,j7,j8,j9,j10,j11,j12,j13,j14,j15,j16,j17,j18,j20,j21,j22,j23,j24,j25,j26,j27,j28,j29,j30,j31,j32,j33,j34,j35,j36,j37,j38,j19,prediction_label,Poste,Championnat,Terrain
Disasi Axel,5.45,5.4,5.5,6.0,3.5,5.5,4.5,6.0,6.0,7.5,5.5,6.0,6.0,4.0,5.0,7.0,3.5,5.0,6.0,4.0,5.45,6.0,3.5,7.0,5.0,6.0,4.5,6.0,5.0,6.0,5.5,5.0,5.5,5.5,6.0,5.45,5.45,4.5,5.0,7.0,6.824543,DC,Ligue 1,D
Andrei Girotto,5.47,5.54,6.0,5.5,4.0,6.0,4.5,4.5,4.5,6.0,3.0,5.47,6.0,6.5,5.5,6.5,4.5,6.5,6.0,5.5,5.5,7.0,6.5,5.5,4.5,7.0,6.0,6.0,4.0,5.5,4.5,5.5,5.0,7.0,5.5,5.47,5.47,4.0,5.0,7.5,6.791869,DC,Ligue 1,D
Corchia Sébastien,5.06,4.95,4.5,5.06,5.06,5.0,5.0,4.5,5.0,5.0,4.5,5.0,5.0,5.0,5.0,5.0,5.0,5.5,5.0,5.0,5.0,5.0,5.0,5.0,5.06,5.0,4.0,5.0,5.06,5.06,5.0,6.0,5.5,3.5,4.5,5.0,4.0,4.5,5.06,7.0,6.617272,DL,Ligue 1,D
Traoré Hamari,5.14,5.33,4.5,5.5,5.0,4.0,6.0,5.0,5.5,5.0,5.0,5.0,5.14,5.5,6.0,5.0,5.0,3.5,5.5,4.5,5.14,5.14,5.14,6.0,4.5,6.5,6.0,6.5,5.0,7.5,5.0,6.0,4.5,4.5,7.0,5.5,4.5,6.0,5.0,7.0,6.5370193,DL,Ligue 1,D
Vanderson,5.17,5.19,5.0,5.0,2.5,5.17,4.5,5.0,7.0,5.5,5.0,6.0,5.0,3.0,6.5,6.0,5.0,5.5,5.5,4.5,4.5,5.0,6.0,4.5,5.0,6.0,4.5,6.0,5.0,5.17,4.0,5.5,7.0,6.0,5.5,5.17,5.0,4.0,5.0,6.5,6.528032,DL,Ligue 1,D
Kolasinac Sead,5.5,5.19,4.5,5.0,5.0,5.0,5.5,5.5,5.0,5.0,5.5,5.5,5.5,4.5,5.5,5.0,6.5,7.0,6.0,6.0,5.5,5.5,5.5,5.0,5.0,4.0,5.0,5.0,6.0,5.0,4.0,5.0,5.5,5.0,5.0,4.0,5.0,5.5,5.0,7.0,6.521801,DL,Ligue 1,D
Centonze Fabien,5.36,5.19,5.36,5.36,5.36,5.36,5.36,5.36,5.36,5.36,5.36,5.36,5.36,5.5,5.0,5.0,5.36,5.5,5.0,5.0,5.36,5.36,5.36,5.36,5.36,5.36,5.36,5.36,5.36,5.36,5.36,5.36,5.36,5.36,5.0,5.0,5.36,5.36,5.36,6.5,6.148233,DL,Ligue 1,D
Haïdara Massadio,5.44,5.29,5.0,5.0,5.0,4.5,5.0,5.5,6.5,5.0,7.0,4.0,6.0,6.0,6.0,5.0,5.44,5.0,6.0,5.0,5.44,5.44,5.44,5.44,5.0,5.0,5.0,4.5,5.5,7.0,5.44,4.0,5.44,5.44,5.0,4.5,5.44,5.44,5.44,6.5,6.079754,DL,Ligue 1,D
Truffert Adrien,5.18,5.04,4.0,5.0,5.5,5.0,6.0,4.5,6.0,5.0,7.0,5.0,5.5,5.0,5.0,5.0,5.0,4.0,5.0,4.5,4.5,7.0,4.5,5.0,5.0,5.0,5.0,5.0,4.5,5.18,4.5,4.0,5.0,4.0,5.0,5.0,4.0,6.0,5.0,6.5,6.060665,DL,Ligue 1,D
Mbemba Chancel,5.79,5.79,5.5,4.5,7.0,6.0,6.0,7.0,5.0,5.5,6.0,4.5,5.5,5.5,4.5,5.5,5.5,7.0,6.0,7.5,5.79,5.79,5.79,5.79,5.79,5.79,5.79,5.79,5.79,5.79,5.79,5.79,5.79,5.79,5.79,5.79,5.79,5.79,5.79,6.0,5.9855275,DC,Ligue 1,D
Danso Kevin,5.61,5.61,4.5,5.5,5.0,5.0,5.0,5.0,7.5,6.0,6.0,6.5,6.0,6.0,6.0,6.0,5.5,4.5,6.5,4.0,5.5,5.5,4.5,5.61,4.5,5.5,7.0,5.5,5.5,7.0,5.61,6.0,5.5,6.0,3.5,5.61,6.0,7.0,5.5,6.0,5.9254127,DC,Ligue 1,D
Zedadka Akim,5.04,4.63,7.0,5.0,5.04,5.0,5.04,5.04,4.0,5.04,5.0,5.04,5.5,5.04,5.5,5.04,5.0,4.5,5.5,2.5,5.04,3.5,5.0,5.0,3.5,7.0,6.0,3.0,4.5,3.0,4.0,2.0,5.0,5.0,4.5,4.5,5.0,4.5,4.0,6.0,5.918573,DL,Ligue 1,D
Gigot Samuel,5.5,5.5,6.0,6.0,4.0,5.5,5.5,5.5,6.0,5.5,5.0,4.0,3.5,5.5,5.5,7.0,5.0,7.5,5.5,6.0,5.5,5.5,5.5,5.5,5.5,5.5,5.5,5.5,5.5,5.5,5.5,5.5,5.5,5.5,5.5,5.5,5.5,5.5,5.5,6.0,5.9179626,DC,Ligue 1,D
Yoro Leny,5.63,5.5,5.63,5.63,5.63,5.0,5.63,5.63,5.63,6.0,5.63,5.63,5.63,5.63,5.63,5.63,5.63,5.63,5.63,5.5,5.63,5.63,5.63,5.63,5.63,5.63,5.63,5.63,5.63,5.63,5.63,5.63,5.63,5.63,5.63,5.63,5.63,5.0,5.63,6.0,5.9058948,DC,Ligue 1,D
Wooh Christopher,5.44,5.56,5.44,5.44,5.44,5.44,5.0,5.44,5.44,5.44,5.44,5.44,4.5,6.0,6.5,6.0,5.5,5.44,4.5,5.0,5.44,5.44,5.44,5.44,6.0,5.0,5.44,5.44,5.44,5.44,6.0,5.44,5.44,6.0,6.0,5.5,5.44,5.44,5.44,6.0,5.902338,DC,Ligue 1,D
Neto Borges,5.22,5.22,3.5,5.5,6.5,2.5,5.22,6.5,4.5,4.5,5.5,6.0,5.0,4.5,7.0,5.22,5.22,4.5,5.5,6.0,5.22,5.22,5.22,5.22,5.22,5.22,5.22,5.22,5.22,5.22,5.22,5.22,5.22,5.22,5.22,5.22,5.22,5.22,5.22,6.0,5.89842,DL,Ligue 1,D
Theate Arthur,5.05,5.03,3.5,5.5,6.0,4.5,4.5,5.0,5.5,5.5,5.5,5.5,4.5,4.5,6.0,5.5,5.0,4.0,5.5,4.0,5.5,5.05,5.05,4.5,6.0,4.0,4.5,5.0,5.0,5.05,6.0,5.0,7.0,5.0,4.5,5.0,4.0,4.0,5.05,6.0,5.897867,DC,Ligue 1,D
Rodon Joe,5.35,5.29,4.5,5.0,5.35,3.5,7.0,5.0,6.0,6.0,5.0,5.5,5.35,5.35,5.35,5.35,5.35,5.35,5.35,5.35,5.35,5.35,5.0,5.35,5.35,5.35,5.35,5.35,5.35,5.35,5.35,5.35,5.35,5.35,5.35,5.35,5.35,5.0,5.35,6.0,5.893629,DC,Ligue 1,D
Nicolaisen Rasmus,5.17,5.36,5.0,6.0,5.5,3.5,6.0,5.0,7.5,4.5,6.0,5.0,4.5,4.5,5.17,4.0,6.0,2.0,6.0,6.0,6.0,6.0,5.0,7.0,5.0,7.5,5.17,6.0,3.5,6.0,6.0,4.5,5.5,6.5,6.0,6.0,3.5,5.0,5.0,6.0,5.875498,DC,Ligue 1,D
Agbadou Emmanuel,5.19,5.19,4.0,3.5,5.19,4.5,5.0,6.5,5.0,3.5,5.0,6.0,5.5,5.19,5.19,7.0,5.5,6.0,4.0,6.0,5.19,5.19,5.19,5.19,5.19,5.19,5.19,5.19,5.19,5.19,5.19,5.19,5.19,5.19,5.19,5.19,5.19,5.19,5.19,6.0,5.8575625,DC,Ligue 1,D
Busi Maxime,4.94,4.83,4.94,4.5,4.5,5.5,4.0,5.0,5.0,5.0,4.94,4.94,4.94,4.94,4.94,4.94,4.94,4.94,5.0,4.94,4.94,4.94,3.0,5.0,4.5,5.5,4.5,4.5,6.0,5.0,5.5,4.5,5.0,4.5,5.0,5.0,4.5,5.0,4.0,6.0,5.787115,DL,Ligue 1,D
Djiku Alexander,5.0,5.02,4.0,5.0,6.0,5.0,5.5,5.5,6.0,4.5,4.0,5.5,4.0,5.0,5.0,5.0,5.0,6.0,3.0,5.0,5.0,5.0,5.0,5.0,6.0,4.0,6.0,5.5,7.5,5.0,5.0,4.5,5.5,4.0,5.5,3.0,5.0,6.5,2.5,6.0,5.7748623,DC,Ligue 1,D
Seidu Alidu,5.33,5.05,4.0,6.5,6.0,5.0,4.5,6.0,6.5,3.5,5.5,7.0,5.5,4.5,5.33,5.5,4.5,4.5,5.5,5.5,5.33,5.33,6.0,6.0,3.5,6.5,5.33,4.0,4.5,4.0,4.0,3.0,5.33,4.0,5.33,5.5,5.5,5.0,4.5,6.0,5.7631354,DC,Ligue 1,D
Foket Thomas,5.2,4.93,5.2,5.2,5.2,5.2,5.2,5.2,5.2,5.2,5.2,5.2,5.2,5.2,5.2,5.2,5.0,5.0,5.0,5.0,5.2,5.0,4.5,5.0,5.2,5.2,5.2,5.2,5.0,5.5,5.5,4.0,4.0,5.0,4.5,5.0,4.5,5.0,4.0,6.0,5.7613964,DL,Ligue 1,D
Bard Melvin,4.85,5.01,4.5,5.5,5.0,3.5,5.0,4.5,5.0,5.0,4.0,4.5,5.0,5.0,5.5,4.85,4.85,5.0,3.5,6.0,4.85,4.85,4.85,4.5,4.5,7.0,5.0,6.5,6.0,5.0,5.0,3.5,5.0,5.0,5.0,6.0,6.5,4.0,4.5,6.0,5.756151,DL,Ligue 1,D
Maripán Guillermo,5.25,5.25,5.0,5.5,5.25,4.0,4.0,5.25,7.0,5.25,5.0,5.25,5.5,5.25,6.0,6.0,4.0,5.0,5.5,5.0,5.5,7.0,3.5,6.0,5.5,6.0,4.5,5.25,5.25,5.0,5.0,5.25,5.25,5.25,5.0,6.0,4.5,5.25,5.0,6.0,5.748478,DC,Ligue 1,D
Gusto Malo,5.3,5.32,6.0,4.0,6.0,6.5,5.0,7.0,5.0,5.0,5.3,5.0,3.5,5.0,5.5,5.0,5.5,5.3,5.3,5.3,5.0,5.0,5.0,4.0,5.3,5.0,5.0,6.0,5.0,5.0,6.0,5.3,7.0,4.5,5.5,7.0,4.0,5.0,6.0,5.5,5.7443194,DL,Ligue 1,D
Hérelle Christophe,5.0,4.96,4.0,5.0,5.0,5.0,5.0,6.0,5.0,5.0,4.0,5.0,5.0,5.0,5.0,5.0,5.0,5.0,4.5,6.0,4.5,4.5,5.0,4.0,5.0,5.5,5.0,5.5,5.0,5.0,7.0,5.0,5.0,5.0,6.0,6.5,4.5,4.0,2.0,5.5,5.685563,DC,Ligue 1,D
Todibo Jean-Clair,5.24,5.24,6.0,6.0,3.5,5.24,5.5,5.0,5.0,4.0,5.24,5.0,5.0,4.5,5.5,6.0,4.0,5.5,6.0,6.5,7.0,5.5,6.0,5.24,3.5,5.5,5.24,5.5,6.0,4.0,4.5,4.5,6.0,5.0,6.5,7.0,4.5,3.5,5.0,6.0,5.684451,DC,Ligue 1,D
Perrin Lucas,4.81,5.0,5.0,5.0,5.5,4.81,4.81,4.81,4.81,5.0,5.0,4.0,4.81,4.5,4.0,5.0,4.81,5.0,4.5,4.0,6.0,5.5,3.5,5.5,5.0,6.0,5.0,5.0,6.0,5.0,4.81,5.0,4.5,6.0,4.5,5.5,4.81,4.81,2.5,6.0,5.6483126,DC,Ligue 1,D
Nuno Mendes,5.5,5.23,5.5,6.0,5.0,5.0,5.0,7.0,5.0,5.5,5.0,5.5,5.5,5.5,5.0,5.0,7.0,5.5,5.5,5.5,4.5,5.5,7.0,5.0,5.0,5.0,6.0,5.5,6.5,4.0,5.5,5.0,4.5,5.0,4.5,5.0,4.0,5.0,5.5,5.5,5.624881,DL,Ligue 1,D
Jeanvier Julian,4.46,4.46,3.0,6.0,5.5,4.46,4.46,4.46,4.46,4.46,3.5,4.46,5.0,4.5,6.0,5.5,2.0,4.0,4.0,3.0,4.46,4.46,4.46,4.46,4.46,4.46,4.46,4.46,4.46,4.46,4.46,4.46,4.46,4.46,4.46,4.46,4.46,4.46,4.46,6.0,5.6151905,DC,Ligue 1,D
Diakité Bafodé,4.86,4.98,5.0,5.0,3.0,4.5,6.0,5.0,4.5,3.5,4.5,5.0,4.86,4.5,4.5,5.0,5.0,5.5,5.5,5.5,6.0,5.0,4.86,5.5,5.0,6.5,4.86,5.0,3.0,5.0,5.0,7.0,5.0,4.86,4.86,4.86,4.5,4.86,4.5,6.0,5.5872,DC,Ligue 1,D
Atal Youcef,5.46,5.41,5.46,5.0,5.5,5.0,5.5,5.0,5.46,5.0,6.0,5.0,5.46,5.5,7.0,6.0,5.0,5.46,5.46,5.46,5.46,5.46,5.46,4.5,5.46,5.46,5.46,5.46,5.46,5.0,7.0,5.0,5.46,5.46,5.46,5.46,5.46,5.46,5.46,5.46,5.5860906,DL,Ligue 1,D
Castelletto Jean-Charles,5.0,5.07,5.0,5.5,4.5,6.0,6.0,5.5,3.5,6.0,3.5,3.0,5.0,4.0,5.0,5.5,5.5,4.5,6.0,5.5,5.0,5.0,5.0,5.0,6.0,6.0,5.0,6.0,5.0,3.5,5.0,4.5,4.5,5.0,4.5,5.0,6.0,5.0,5.0,5.5,5.5429897,DC,Ligue 1,D
Balerdi Leonardo,5.32,5.3,5.5,5.5,6.0,6.0,5.0,5.5,4.5,5.0,7.0,4.0,5.0,4.5,5.0,6.0,4.5,5.5,5.0,6.0,5.5,5.32,5.0,5.0,5.0,5.32,5.32,5.32,6.0,5.0,5.32,5.32,5.32,5.32,5.32,5.32,5.32,5.32,5.32,5.5,5.5345993,DC,Ligue 1,D
Raolisoa Lilian,5.5,5.5,5.5,5.5,5.5,5.5,5.5,5.5,5.5,5.5,5.5,5.5,5.5,5.5,5.5,5.5,5.5,5.5,5.5,5.5,5.5,5.5,5.5,5.5,5.5,5.5,5.5,5.5,5.5,5.5,5.5,5.5,5.5,5.5,5.5,5.5,5.5,5.5,5.5,5.5,5.5168357,DL,Ligue 1,D
Zeze Nathan,5.5,5.5,5.5,5.5,5.5,5.5,5.5,5.5,5.5,5.5,5.5,5.5,5.5,5.5,5.5,5.5,5.5,5.5,5.5,5.5,5.5,5.5,5.5,5.5,5.5,5.5,5.5,5.5,5.5,5.5,5.5,5.5,5.5,5.5,5.5,5.5,5.5,5.5,5.5,5.5,5.5168357,DC,Ligue 1,D
Medina Facundo,5.33,5.23,5.5,5.5,4.5,5.5,4.5,5.0,5.0,6.0,6.0,4.0,5.0,6.0,5.33,7.0,4.5,5.5,5.5,5.5,5.5,4.5,3.5,5.33,6.0,5.5,5.0,3.5,5.5,5.33,5.5,6.0,5.5,5.33,5.33,5.33,4.5,5.0,6.0,5.5,5.5028734,DL,Ligue 1,D
Brassier Lilian,4.74,4.92,3.0,5.0,5.0,3.5,4.5,5.0,5.0,4.5,5.5,4.74,3.5,5.5,6.0,5.0,5.5,3.5,4.74,5.0,4.74,5.0,6.5,4.74,5.5,5.5,5.0,6.5,3.0,4.74,5.5,5.0,5.0,5.0,5.0,8.0,5.0,3.5,3.0,5.5,5.4897113,DC,Ligue 1,D
Tiago Djaló,5.42,5.27,5.0,5.0,5.0,7.5,4.0,7.0,4.5,5.42,4.0,6.0,6.0,4.0,4.5,5.0,7.5,5.5,5.5,6.0,5.42,5.42,4.0,5.42,6.5,4.5,6.0,6.0,5.0,6.0,6.0,4.5,4.0,5.42,5.42,5.0,4.5,5.5,4.5,5.5,5.449189,DC,Ligue 1,D
Dante,5.22,5.13,4.5,5.0,4.5,3.0,6.0,5.0,6.0,5.5,3.0,5.0,5.22,5.5,6.5,6.0,6.0,5.5,4.5,7.0,6.5,5.0,7.0,4.5,4.5,6.0,3.5,6.0,3.0,5.22,5.5,4.0,5.22,5.22,6.0,6.0,5.0,3.5,4.0,5.5,5.4019475,DC,Ligue 1,D
Wieteska Mateusz,5.05,5.05,3.0,7.0,5.5,4.5,5.0,6.0,4.5,3.0,6.5,5.5,5.0,4.0,5.5,6.0,5.0,4.0,5.5,5.0,5.05,5.05,5.05,5.05,5.05,5.05,5.05,5.05,5.05,5.05,5.05,5.05,5.05,5.05,5.05,5.05,5.05,5.05,5.05,5.5,5.373415,DC,Ligue 1,D
Bailly Eric,5.33,5.29,5.33,5.33,5.33,5.5,5.5,5.33,5.5,5.33,5.33,5.33,5.5,5.33,5.33,5.33,5.33,5.0,5.0,5.33,5.0,5.33,5.33,5.33,5.33,5.33,5.33,5.33,5.33,5.33,5.33,5.33,5.33,5.33,5.33,5.33,5.33,5.33,5.33,5.33,5.3525634,DC,Ligue 1,D
Gradit Jonathan,5.32,5.29,5.0,4.5,4.5,7.0,5.5,5.0,5.5,5.32,5.32,5.32,5.32,5.32,6.5,5.0,6.0,5.0,5.5,4.0,6.0,5.5,5.5,5.32,5.32,5.32,5.0,5.0,4.5,5.5,6.0,6.5,5.0,6.0,6.0,5.0,5.0,5.0,4.5,5.5,5.3436465,DL,Ligue 1,D
Sainte-Luce Théo,5.0,4.86,6.0,3.0,4.5,6.5,5.0,5.0,5.0,5.0,5.0,5.0,5.0,5.0,5.0,5.0,5.0,5.0,5.0,5.0,3.0,5.0,6.0,5.0,3.5,5.0,3.5,5.0,5.5,5.0,5.5,4.5,5.0,5.0,6.5,5.0,5.0,5.0,5.0,5.0,5.3290105,DL,Ligue 1,D
Le Marchand Maxime,4.8,5.0,4.5,5.0,5.5,5.0,4.8,5.0,5.0,4.8,5.0,5.5,3.5,4.5,4.5,3.0,5.0,4.8,4.8,5.5,4.8,4.8,4.8,4.8,4.8,4.8,4.8,4.8,4.8,4.8,4.8,4.8,4.8,4.8,5.0,5.0,6.0,7.0,4.8,5.5,5.3054605,DC,Ligue 1,D
Thiago Mendes,5.28,5.32,6.5,3.0,6.0,5.0,5.0,7.0,4.5,5.0,4.0,5.0,5.28,5.0,6.0,5.5,5.5,5.0,6.0,6.0,5.28,5.28,6.0,3.5,7.0,5.5,5.0,6.0,3.0,6.0,6.0,5.28,6.5,5.5,6.0,6.0,4.0,5.28,5.28,5.0,5.2829633,DC,Ligue 1,D
Nuno Tavares,5.22,5.02,7.0,5.0,5.0,7.0,6.0,5.5,4.5,5.0,5.22,3.0,4.5,4.5,3.5,5.0,5.0,6.5,6.5,5.22,5.0,5.22,4.5,5.22,5.22,4.5,5.22,5.22,5.22,5.22,5.22,3.5,5.22,5.0,6.0,4.5,5.22,4.5,4.5,5.22,5.2490664,DL,Ligue 1,D
Abdelhamid Yunis,4.89,4.84,2.0,3.0,4.5,5.0,5.0,5.0,4.5,3.5,5.0,6.0,5.5,6.5,5.0,6.0,6.0,5.0,4.0,6.0,4.89,4.5,3.5,6.0,3.5,4.89,4.89,4.0,6.5,5.5,4.5,3.5,4.89,6.0,4.5,5.0,5.0,5.5,3.5,5.5,5.218636,DC,Ligue 1,D
Bitshiabu El Chadaille,5.17,5.13,5.17,5.17,5.17,5.17,5.17,5.17,5.17,5.17,5.17,5.17,5.17,5.0,5.17,5.17,5.17,5.0,5.17,5.5,5.17,5.17,5.17,5.17,5.17,5.17,5.17,5.17,5.17,5.17,5.17,5.17,5.17,5.0,5.17,5.17,5.17,5.17,5.17,5.17,5.168615,DC,Ligue 1,D
Nyamsi Gerzino,4.38,4.89,4.0,4.5,4.38,4.38,4.38,4.38,4.38,4.38,4.0,4.38,4.0,5.0,4.5,4.0,5.5,4.0,3.5,4.0,5.5,5.5,3.0,6.0,6.0,5.0,5.0,5.0,5.5,5.5,6.0,5.5,5.5,5.5,5.5,4.0,5.5,6.0,3.0,5.5,5.1479473,DC,Ligue 1,D
Tagliafico Nicolás,5.21,5.21,5.0,4.0,6.0,5.5,5.0,6.5,4.5,5.0,5.5,5.0,5.0,5.0,7.0,5.0,4.0,5.21,5.21,5.5,5.21,5.21,5.21,5.21,5.21,5.21,5.21,5.21,5.21,5.21,5.21,5.21,5.21,5.21,5.21,5.21,5.21,5.21,5.21,5.0,5.1392107,DL,Ligue 1,D
Machado Deiver,5.44,5.35,5.0,5.0,6.5,6.5,5.5,3.5,5.44,5.44,6.0,6.0,5.5,6.0,5.5,6.0,5.5,4.5,5.44,5.0,5.44,5.44,5.44,5.44,5.44,5.44,5.44,5.0,5.0,5.0,5.0,5.0,5.44,6.0,6.0,5.5,5.0,5.0,5.0,5.0,5.122923,DL,Ligue 1,D
Bryan Joe,5.1,5.1,5.1,5.1,5.1,5.1,5.1,5.0,5.1,5.1,5.1,5.5,5.1,5.0,5.0,5.0,5.1,5.1,5.1,5.1,5.1,5.1,5.1,5.1,5.1,5.1,5.1,5.1,5.1,5.1,5.1,5.1,5.1,5.1,5.1,5.1,5.1,5.1,5.1,5.1,5.1035767,DL,Ligue 1,D
Maouassa Faitout,5.15,5.15,6.5,3.5,6.0,8.0,7.0,4.5,6.0,5.15,5.15,4.5,4.5,5.5,4.0,5.0,5.0,5.0,4.5,3.0,5.15,5.15,5.15,5.15,5.15,5.15,5.15,5.15,5.15,5.15,5.15,5.15,5.15,5.15,5.15,5.15,5.15,5.15,5.15,5.0,5.0954833,DL,Ligue 1,D
Caufriez Maximiliano,5.17,5.17,5.17,5.17,5.17,5.17,5.17,6.0,5.0,4.0,6.0,5.5,5.5,4.0,5.5,5.17,4.5,5.5,5.17,5.5,5.17,5.17,5.17,5.17,5.17,5.17,5.17,5.17,5.17,5.17,5.17,5.17,5.17,5.17,5.17,5.17,5.17,5.17,5.17,5.0,5.084179,DC,Ligue 1,D
Ismaily,5.13,5.13,5.13,6.5,3.0,6.0,5.0,6.0,5.5,5.0,4.5,5.0,6.5,4.0,4.5,5.13,5.13,5.5,5.0,5.0,5.13,5.13,5.13,5.13,5.13,5.13,5.13,5.13,5.13,5.13,5.13,5.13,5.13,5.13,5.13,5.13,5.13,5.13,5.13,5.13,5.0739083,DL,Ligue 1,D
Le Bris Théo,5.07,5.07,4.5,5.0,5.0,5.0,4.0,5.5,5.07,5.0,6.0,6.0,5.0,4.5,5.0,5.0,5.5,5.07,5.07,5.07,5.07,5.07,5.07,5.07,5.07,5.07,5.07,5.07,5.07,5.07,5.07,5.07,5.07,5.07,5.07,5.07,5.07,5.07,5.07,5.07,5.073596,DL,Ligue 1,D
Lala Kenny,5.25,5.25,5.25,5.25,5.25,5.25,5.25,5.25,5.25,5.25,5.25,5.25,5.25,5.25,5.25,5.25,5.25,5.25,5.25,5.5,5.25,5.25,5.25,5.25,5.25,5.25,5.25,5.25,5.25,5.25,5.25,5.25,5.25,5.25,5.25,5.25,5.25,5.25,5.25,5.0,5.067905,DL,Ligue 1,D
Kaboré Issa,5.2,5.0,5.2,5.2,5.2,5.0,5.2,5.5,5.2,5.2,6.0,4.0,5.0,5.0,5.5,5.2,5.2,5.2,5.5,5.5,5.2,5.2,5.2,5.2,4.5,4.0,5.5,6.0,5.0,5.2,6.0,4.5,5.0,4.5,5.0,5.5,5.0,3.0,4.5,5.0,5.0643005,DL,Ligue 1,D
Le Cardinal Julien,5.0,5.12,5.0,5.0,5.0,5.0,5.0,5.0,5.0,5.0,5.0,5.0,5.0,5.0,5.0,5.0,5.0,5.0,5.0,5.0,6.0,4.5,5.0,4.0,5.0,5.0,4.0,4.5,5.5,5.0,6.0,5.0,6.0,5.0,5.0,5.0,4.0,4.5,7.5,5.0,5.0632744,DL,Ligue 1,D
Bruus Andreas,5.04,5.04,5.0,4.0,5.04,5.04,5.04,5.04,5.04,5.0,6.0,4.5,5.0,5.0,5.04,5.0,5.5,5.5,5.5,4.5,5.04,5.04,5.04,5.04,5.04,5.04,5.04,5.04,5.04,5.04,5.04,5.04,5.04,5.04,5.04,5.04,5.04,5.04,5.04,5.0,5.0599885,DL,Ligue 1,D
Pierre-Gabriel Ronaël,5.07,4.92,4.5,5.07,5.0,5.5,5.5,5.5,5.0,6.0,5.07,5.0,4.5,6.0,5.0,3.5,5.0,5.07,5.0,5.07,4.5,5.0,6.0,3.0,6.0,5.0,5.07,5.07,5.07,5.07,5.07,5.07,4.0,5.0,5.07,7.0,4.5,3.0,4.0,5.07,5.054434,DL,Ligue 1,D
Porozo Jackson,4.96,4.96,4.0,3.5,4.96,4.96,5.5,5.0,5.5,5.5,6.0,4.96,5.5,4.5,4.0,5.5,4.96,5.0,4.96,4.96,4.96,4.96,4.96,4.96,4.96,4.96,4.96,4.96,4.96,4.96,4.96,4.96,4.96,4.96,4.96,4.96,4.96,4.96,4.96,4.96,5.0458612,DC,Ligue 1,D
Boto Kenji-Van,5.0,4.74,5.0,5.0,5.0,5.0,5.0,5.0,5.0,5.0,5.0,5.0,5.0,5.0,5.0,5.0,5.0,5.0,5.0,5.0,5.0,4.5,3.0,6.0,5.0,5.0,4.0,6.0,5.0,5.0,5.5,5.0,4.5,4.0,3.5,4.5,5.0,5.0,5.0,5.0,5.034299,DL,Ligue 1,D
Gravillon Andreaw,4.85,4.8,3.5,3.5,5.0,5.0,5.5,6.0,4.5,4.5,4.5,5.0,6.0,4.85,5.0,4.85,4.85,4.85,5.0,4.85,4.85,4.0,3.5,4.85,4.85,4.85,4.85,4.85,4.85,4.85,4.85,4.85,5.5,5.5,4.5,5.5,4.0,5.0,4.85,4.85,5.0189714,DC,Ligue 1,D
De Smet Thibault,5.0,5.0,5.0,5.0,5.0,5.0,5.0,5.0,5.0,5.0,5.0,5.0,5.0,5.0,5.0,5.0,5.5,5.0,5.0,4.5,5.0,5.0,5.0,5.0,5.0,5.0,5.0,5.0,5.0,5.0,5.0,5.0,5.0,5.0,5.0,5.0,5.0,5.0,5.0,5.0,5.0117435,DL,Ligue 1,D
Assignon Lorenz,4.92,5.09,4.92,4.92,4.92,4.92,5.0,5.0,4.92,5.0,4.5,4.92,5.0,4.92,4.92,4.92,4.92,4.92,4.92,4.92,5.0,5.5,4.5,4.92,5.0,4.92,4.92,4.92,4.92,4.92,4.92,5.0,5.0,4.92,7.0,5.0,4.92,5.0,5.0,5.0,5.0080442,DL,Ligue 1,D
Kimpembe Presnel,4.94,5.15,5.0,5.0,6.0,4.0,4.94,5.5,4.0,4.94,4.94,4.94,4.94,4.94,5.0,4.94,5.0,4.94,4.94,4.94,5.0,6.0,4.94,7.5,6.0,4.0,5.5,4.94,7.0,3.0,5.0,5.5,5.0,4.94,5.5,4.0,4.0,4.94,5.5,4.94,5.0059767,DC,Ligue 1,D
Kamanzi Warren,5.0,5.0,5.0,5.0,5.0,5.0,5.0,5.0,5.0,5.0,5.0,5.0,5.0,5.0,5.0,5.0,5.0,5.0,5.0,5.0,5.0,5.0,5.0,5.0,5.0,5.0,5.0,5.0,5.0,5.0,5.0,5.0,5.0,5.0,5.0,5.0,5.0,5.0,5.0,5.0,5.003771,DL,Ligue 1,D
Cissé Souleymane,5.0,5.0,5.0,5.0,5.0,5.0,5.0,5.0,5.0,5.0,5.0,5.0,5.0,5.0,5.0,5.0,5.0,5.0,5.0,5.0,5.0,5.0,5.0,5.0,5.0,5.0,5.0,5.0,5.0,5.0,5.0,5.0,5.0,5.0,5.0,5.0,5.0,5.0,5.0,5.0,5.003771,DC,Ligue 1,D
Mendy Antoine,5.0,5.0,5.0,5.0,5.0,5.0,5.0,5.0,5.0,5.0,5.0,5.0,5.0,5.0,5.0,5.0,5.0,5.0,5.0,5.0,5.0,5.0,5.0,5.0,5.0,5.0,5.0,5.0,5.0,5.0,5.0,5.0,5.0,5.0,5.0,5.0,5.0,5.0,5.0,5.0,5.003771,DL,Ligue 1,D
Keita Cheick,5.0,5.0,5.0,5.0,5.0,5.0,5.0,5.0,5.0,5.0,5.0,5.0,5.0,5.0,5.0,5.0,5.0,5.0,5.0,5.0,5.0,5.0,5.0,5.0,5.0,5.0,5.0,5.0,5.0,5.0,5.0,5.0,5.0,5.0,5.0,5.0,5.0,5.0,5.0,5.0,5.003771,DL,Ligue 1,D
Steven Fortès,5.0,5.0,5.0,5.0,5.0,5.0,5.0,5.0,5.0,5.0,5.0,5.0,5.0,5.0,5.0,5.0,5.0,5.0,5.0,5.0,5.0,5.0,5.0,5.0,5.0,5.0,5.0,5.0,5.0,5.0,5.0,5.0,5.0,5.0,5.0,5.0,5.0,5.0,5.0,5.0,5.003771,DC,Ligue 1,D
Ramos Sergio,5.26,5.34,6.0,5.0,5.5,5.0,6.0,4.0,6.0,6.0,5.5,4.5,5.26,5.26,5.0,6.0,6.0,4.0,4.0,6.0,5.26,5.0,7.5,5.26,5.26,5.26,5.26,5.26,5.26,5.26,5.0,6.0,5.0,7.0,4.5,4.0,5.26,7.0,5.5,5.0,5.000642,DC,Ligue 1,D
Ogier Florent,4.91,4.67,2.5,6.0,6.0,4.5,6.0,4.91,4.91,5.0,4.91,5.0,4.91,4.91,4.0,4.5,4.91,4.91,5.5,5.0,4.91,3.5,4.91,4.91,4.91,4.91,5.5,4.91,4.91,3.5,4.5,5.0,5.0,5.5,4.0,3.5,5.5,4.91,4.0,4.91,4.997942,DC,Ligue 1,D
Sacko Falaye,4.72,4.94,4.0,2.0,5.0,7.5,6.5,4.5,4.5,4.72,5.5,5.0,4.72,4.72,3.5,5.0,5.0,5.0,4.5,3.0,4.72,4.72,4.72,6.0,5.0,4.0,4.5,6.0,5.5,5.0,4.72,4.72,4.72,4.72,4.72,4.72,4.72,5.5,6.5,5.0,4.991312,DL,Ligue 1,D
Boura Ismaël,5.07,4.88,5.07,5.07,5.07,5.07,5.07,5.5,5.07,5.0,5.07,5.0,5.07,5.0,5.0,5.0,5.0,5.07,5.07,5.07,5.07,4.0,6.0,5.5,3.0,3.0,5.5,6.5,5.07,5.07,4.0,5.07,5.0,5.07,5.07,5.07,5.07,5.07,5.07,5.07,4.9862905,DL,Ligue 1,D
Traoré Charles,5.25,5.0,5.25,5.25,5.25,5.25,5.25,5.25,5.25,5.25,5.25,5.25,5.25,5.25,5.25,5.25,5.25,5.0,6.0,5.0,5.25,5.25,5.25,5.25,5.25,5.0,4.5,5.0,4.5,5.25,5.25,5.25,5.25,5.25,5.25,5.25,5.25,5.25,5.25,5.0,4.9816947,DL,Ligue 1,D
da Silva Damien,4.93,5.08,4.93,4.5,4.93,4.93,4.93,5.0,4.93,4.93,4.93,4.93,4.5,5.0,5.5,4.93,4.93,5.0,5.0,4.93,4.5,5.5,5.5,4.93,4.93,4.93,4.93,4.93,5.0,4.93,4.93,5.0,5.0,5.5,5.0,4.93,4.93,6.0,5.5,4.93,4.9814124,DC,Ligue 1,D
Boateng Jérôme,5.0,5.0,5.0,5.0,5.0,5.0,5.0,5.0,5.0,5.0,5.0,5.0,4.0,5.5,5.5,5.0,5.0,5.0,5.0,5.0,5.0,6.0,5.0,3.5,5.0,5.0,5.0,5.0,5.0,5.0,5.0,5.0,5.5,5.0,5.5,6.0,3.5,4.5,5.0,5.0,4.977827,DC,Ligue 1,D
Marquinhos,5.69,5.58,7.5,4.5,6.5,5.5,6.0,6.0,5.0,6.0,6.0,6.0,6.0,6.0,5.0,6.0,5.69,5.5,4.0,6.0,6.0,6.0,5.5,5.0,6.0,4.5,6.0,5.0,6.5,4.5,5.0,5.69,5.5,7.5,4.5,3.5,6.0,6.0,6.0,4.5,4.976082,DC,Ligue 1,D
Marquinhos,5.69,5.58,7.5,4.5,6.5,5.5,6.0,6.0,5.0,6.0,6.0,6.0,6.0,6.0,5.0,6.0,5.69,5.5,4.0,6.0,6.0,6.0,5.5,5.0,6.0,4.5,6.0,5.0,6.5,4.5,5.0,5.69,5.5,7.5,4.5,3.5,6.0,6.0,6.0,5.0,4.976082,DC,Ligue 1,D
Bernat Juan,5.42,5.31,5.0,5.42,5.0,5.42,7.0,5.0,5.0,5.42,4.5,6.5,6.0,6.0,5.0,5.0,5.42,5.42,5.42,5.5,5.42,5.42,5.42,5.42,5.5,4.5,5.0,4.5,5.42,5.42,5.42,5.0,5.42,5.0,5.42,5.0,5.42,6.5,5.42,5.0,4.974028,DL,Ligue 1,D
Koné Youssouf,5.14,5.06,5.14,5.14,5.14,5.14,5.14,5.14,5.14,5.14,5.14,5.5,6.0,5.5,4.5,5.0,4.5,5.14,5.0,5.14,5.14,5.14,5.14,5.14,5.0,5.14,6.0,4.0,5.14,5.5,5.0,5.14,4.5,5.0,5.0,5.0,5.14,5.14,5.14,5.14,4.9721236,DL,Ligue 1,D
Mukiele Nordi,5.26,5.26,5.0,5.0,5.0,5.0,5.5,5.26,5.26,5.0,7.0,5.5,5.0,5.5,5.0,4.5,5.5,4.5,4.5,7.0,5.26,5.26,5.26,5.26,5.26,5.26,5.26,5.26,5.26,5.26,5.26,5.26,5.26,5.26,5.26,5.26,5.26,5.26,5.26,5.0,4.9652176,DL,Ligue 1,D
Alphonse Mickaël,4.66,4.66,4.5,4.5,3.5,4.5,4.0,4.66,5.0,5.0,4.5,4.5,5.0,4.66,4.66,5.0,4.5,5.0,5.0,5.0,4.66,4.66,4.66,4.66,4.66,4.66,4.66,4.66,4.66,4.66,4.66,4.66,4.66,4.66,4.66,4.66,4.66,4.66,4.66,5.0,4.962153,DL,Ligue 1,D
Zeffane Mehdi,4.83,4.83,4.83,4.83,4.83,4.83,4.83,4.83,4.83,4.83,4.5,4.83,4.83,4.83,4.83,4.83,4.83,4.83,4.83,5.0,4.83,4.83,4.83,4.83,4.83,4.83,4.83,4.83,4.83,4.83,4.83,4.83,4.83,4.83,4.83,4.83,4.83,4.83,4.83,5.0,4.9468255,DL,Ligue 1,D
Jubal,4.66,5.06,3.0,5.5,5.5,6.0,5.0,4.0,3.0,3.5,6.5,6.5,5.0,4.5,6.0,5.5,3.0,4.0,4.5,2.5,4.66,5.0,5.5,5.5,5.0,6.0,6.0,6.0,5.5,6.0,5.5,5.5,5.5,5.5,5.0,6.0,5.5,4.5,4.66,5.0,4.9457974,DC,Ligue 1,D
Fila Karol,5.0,4.96,5.0,5.0,5.0,5.0,5.0,5.0,5.0,5.0,5.0,5.0,5.0,5.0,5.0,5.0,5.0,5.0,5.0,5.0,5.0,5.5,4.5,5.0,4.5,5.0,5.0,5.0,5.0,5.0,5.0,5.0,5.0,5.0,5.0,5.0,5.5,5.0,4.5,5.0,4.942021,DL,Ligue 1,D
Caio Henrique,5.44,5.51,5.44,5.5,5.0,6.0,5.44,6.5,7.5,6.0,4.5,6.0,5.5,4.5,5.0,5.5,4.0,5.44,6.0,4.5,5.5,8.0,4.5,5.5,5.0,4.5,5.44,5.0,5.44,6.0,6.0,6.5,5.0,5.0,6.5,6.0,6.0,5.0,5.0,5.0,4.9375706,DL,Ligue 1,D
Dagba Colin,4.89,4.85,4.89,4.89,4.89,4.89,5.0,5.0,4.5,4.89,4.5,5.0,5.0,5.0,5.0,5.0,4.89,4.89,4.89,4.89,4.5,4.89,4.89,4.89,4.89,4.89,4.89,4.89,4.89,4.89,4.89,4.89,4.89,4.89,4.89,4.89,4.89,4.89,4.89,4.89,4.934031,DL,Ligue 1,D
Locko Bradley,4.63,4.64,3.0,3.5,4.5,5.0,5.0,5.0,5.0,4.0,4.5,5.0,5.0,5.0,5.0,4.63,5.0,4.63,4.63,4.63,4.63,4.0,3.5,5.5,4.5,4.5,5.5,4.63,5.0,4.5,5.0,4.5,5.0,6.0,3.5,4.0,4.5,4.5,4.63,5.0,4.9270754,DL,Ligue 1,D
José Fonte,5.15,5.21,5.5,5.0,2.5,6.0,5.5,6.0,4.5,4.0,4.5,4.5,6.0,5.15,4.5,7.5,5.0,6.0,5.5,5.15,5.15,6.0,5.5,3.0,6.5,5.0,7.0,6.0,5.0,6.0,5.0,6.0,4.0,4.0,6.0,5.5,4.0,5.5,5.0,5.0,4.9040275,DC,Ligue 1,D
Sarr Malang,5.06,4.91,5.06,5.06,5.0,5.06,4.5,6.0,5.0,5.06,5.0,5.06,5.06,5.06,5.0,5.06,5.06,5.0,5.0,5.06,5.06,5.06,5.5,5.5,5.06,2.0,5.0,5.06,5.06,5.0,5.06,5.06,5.06,5.06,5.06,5.06,5.0,5.06,5.0,5.0,4.9012,DC,Ligue 1,D
Doukouré Ismaël,4.8,4.88,4.8,4.8,4.8,5.0,5.0,5.0,5.0,4.5,4.8,4.8,4.0,4.8,4.8,4.8,4.8,5.0,5.0,4.5,5.5,4.8,4.8,4.8,4.8,4.8,4.8,4.8,4.8,4.8,4.8,4.8,4.8,4.8,4.8,4.8,5.0,4.8,4.8,5.0,4.8860874,DC,Ligue 1,D
Zandén Oliver,4.9,4.9,4.9,4.9,4.9,5.5,4.0,5.0,5.0,4.9,4.9,4.9,5.0,4.9,4.9,4.9,4.9,4.9,4.9,4.9,4.9,4.9,4.9,4.9,4.9,4.9,4.9,4.9,4.9,4.9,4.9,4.9,4.9,4.9,4.9,4.9,4.9,4.9,4.9,4.9,4.8859825,DL,Ligue 1,D
Alexsandro Ribeiro,4.69,4.69,5.5,4.5,2.0,4.69,4.69,4.69,4.69,4.69,4.69,4.69,5.0,6.0,5.0,4.69,4.69,4.69,4.5,4.69,4.69,4.69,4.69,4.69,4.69,4.69,4.69,4.69,4.69,4.69,4.69,4.69,4.69,4.69,4.69,4.69,4.69,4.69,4.69,5.0,4.876288,DC,Ligue 1,D
Yongwa Darline,4.75,4.82,4.75,4.75,4.75,4.75,4.5,5.0,4.75,4.75,4.75,4.75,4.75,4.75,4.75,4.75,4.75,4.75,4.75,4.75,4.5,4.75,5.0,5.0,4.75,5.5,4.5,4.5,4.75,4.75,5.5,4.5,5.0,6.0,3.0,4.75,4.75,4.75,5.0,4.75,4.869015,DL,Ligue 1,D
Henrique,4.83,5.0,4.83,4.83,5.0,4.83,4.83,4.5,4.83,4.83,5.0,4.83,4.83,4.83,4.83,4.83,4.83,4.83,4.83,4.83,4.83,5.0,5.0,4.0,5.0,4.83,4.83,5.0,4.83,5.0,5.0,5.0,5.5,4.83,5.5,5.0,4.83,4.5,6.5,4.83,4.8638973,DL,Ligue 1,D
Bamba Abdoulaye,4.39,4.47,4.39,4.39,5.0,4.5,3.5,3.0,5.0,4.39,4.39,5.0,4.39,4.39,4.0,4.39,4.39,4.39,4.39,4.5,4.39,4.39,4.39,4.39,4.39,4.39,4.39,4.39,4.39,5.0,5.0,5.0,5.0,3.0,4.0,3.5,5.0,5.0,5.0,5.0,4.8556366,DL,Ligue 1,D
Gudmundsson Gabriel,4.9,4.98,4.9,4.5,4.5,5.0,5.0,4.9,5.5,4.9,4.9,4.9,4.9,4.9,4.9,4.9,4.9,4.9,4.9,4.9,4.9,4.5,5.0,3.0,5.0,5.0,7.0,4.5,5.5,6.0,4.5,5.0,5.0,5.0,6.0,5.0,4.5,4.5,5.0,4.9,4.84375,DL,Ligue 1,D
Meling Birger,4.88,5.1,4.88,4.88,4.88,5.0,4.5,5.0,5.0,4.88,5.0,4.88,5.0,5.0,5.0,4.0,4.88,5.0,5.0,5.0,4.88,6.0,4.5,5.5,5.0,7.5,5.5,5.5,5.0,6.0,5.0,5.0,4.0,4.88,5.0,5.0,5.0,5.0,4.88,5.0,4.833524,DL,Ligue 1,D
Lotomba Jordan,4.94,4.96,4.5,5.0,5.0,3.0,4.94,4.5,5.0,4.5,5.0,5.0,6.0,5.0,5.0,6.0,5.5,6.0,4.5,4.5,6.0,4.5,5.5,4.0,5.0,5.0,5.5,5.0,5.5,5.0,4.94,3.5,5.0,5.0,5.5,5.0,4.94,4.0,5.5,5.0,4.8280635,DL,Ligue 1,D
Pallois Nicolas,4.97,5.22,5.5,5.5,4.5,5.5,6.0,3.5,3.0,6.0,4.0,4.0,6.0,6.5,5.0,4.0,4.97,5.0,5.5,4.97,5.5,4.97,5.0,5.0,6.5,5.5,6.0,6.0,5.0,4.97,4.97,4.97,5.0,4.5,4.97,5.0,7.0,4.97,5.5,4.97,4.8120027,DC,Ligue 1,D
Kumbedi Sael,4.7,4.41,4.7,4.7,4.7,4.7,4.7,4.7,4.7,4.7,5.0,4.7,4.7,4.7,4.7,4.7,4.7,4.5,4.0,5.0,4.7,4.7,4.7,4.7,4.7,4.7,4.7,4.7,4.7,4.7,4.7,4.7,4.7,4.7,4.7,4.7,4.0,4.7,4.7,5.0,4.7770143,DL,Ligue 1,D
Aguilar Ruben,4.89,5.24,5.0,4.89,4.89,5.0,4.0,5.0,5.0,5.0,4.89,4.89,4.89,4.89,4.89,5.0,4.89,5.0,5.0,4.89,5.0,6.0,4.0,6.0,5.0,4.89,4.89,4.89,4.89,7.5,5.0,6.0,5.5,5.0,4.89,5.0,5.5,6.0,5.0,4.89,4.7631326,DL,Ligue 1,D
Hakimi Achraf,5.38,5.44,7.5,7.0,7.5,5.0,4.5,5.0,5.5,5.0,4.0,5.0,6.0,4.0,5.38,5.0,7.0,5.0,4.0,5.38,5.38,5.38,5.38,5.5,6.0,5.0,5.38,5.38,6.5,3.5,5.5,5.5,5.0,6.5,5.0,6.0,5.0,5.0,6.0,4.5,4.7611337,DL,Ligue 1,D
Diallo Baila,4.75,4.75,4.75,4.75,4.75,4.75,4.75,4.75,4.75,4.75,4.75,4.75,4.75,4.75,4.75,5.0,4.5,4.75,4.75,4.75,4.75,4.75,4.75,4.75,4.75,4.75,4.75,4.75,4.75,4.75,4.75,4.75,4.75,4.75,4.75,4.75,4.75,4.75,4.75,4.75,4.7539263,DC,Ligue 1,D
Ousmane Camara,4.75,4.75,4.75,4.75,4.75,4.75,4.75,4.75,4.75,4.75,4.75,4.75,4.75,4.75,4.75,4.75,4.75,4.5,5.0,4.75,4.75,4.75,4.75,4.75,4.75,4.75,4.75,4.75,4.75,4.75,4.75,4.75,4.75,4.75,4.75,4.75,4.75,4.75,4.75,4.75,4.75354,DC,Ligue 1,D
Diarra Moussa,4.93,4.93,4.93,5.0,4.0,4.93,4.0,4.93,5.5,4.0,5.0,5.0,5.0,5.0,3.0,4.93,5.0,5.0,6.5,7.0,5.0,5.5,5.0,5.5,4.5,4.5,4.93,5.0,3.5,6.0,4.5,5.0,4.93,5.0,4.93,4.93,4.93,4.93,5.0,5.0,4.7453847,DC,Ligue 1,D
Estève Maxime,4.9,4.9,5.0,4.9,5.0,5.5,6.5,4.5,5.0,5.5,4.9,4.0,5.0,4.5,4.9,4.0,6.0,6.0,3.5,3.5,4.9,4.9,4.9,4.9,4.9,4.9,4.9,4.0,5.5,7.5,4.0,5.0,5.5,4.0,5.5,4.5,5.5,3.0,4.9,4.9,4.743955,DC,Ligue 1,D
Cozza Nicolas,4.65,4.56,6.0,3.0,5.0,6.5,6.0,3.0,4.5,4.5,5.0,4.5,5.0,4.0,3.0,4.5,5.0,4.65,5.0,4.65,4.65,4.0,6.0,4.0,5.0,5.0,3.5,4.0,5.0,3.5,4.65,4.5,5.0,4.65,2.0,5.0,4.0,4.5,4.5,4.5,4.7418675,DC,Ligue 1,D
Viti Mattia,4.64,4.92,4.64,4.64,4.64,3.5,5.5,5.0,4.64,4.64,4.0,6.0,4.5,4.0,4.64,4.64,4.64,4.64,4.64,4.64,5.0,4.5,4.64,5.0,5.5,4.5,5.5,4.64,4.64,4.64,5.5,5.0,5.5,4.64,4.5,4.5,4.64,4.64,6.0,4.64,4.732711,DC,Ligue 1,D
Chardonnet Brendan,4.64,4.85,3.0,5.5,6.0,2.5,4.0,5.0,4.5,5.5,5.0,3.5,4.64,6.0,5.5,5.0,5.0,3.0,5.0,5.0,4.0,5.0,6.0,4.5,5.5,4.64,3.5,4.64,4.64,5.5,6.0,6.0,4.5,5.5,6.0,6.0,5.5,5.0,3.0,4.5,4.7219605,DC,Ligue 1,D
Laporte Julien,5.0,4.94,6.0,6.0,4.0,6.0,2.5,6.0,4.5,5.5,5.5,5.5,5.5,4.0,5.0,4.5,5.0,4.5,5.0,5.0,5.0,6.0,3.0,5.0,6.5,4.5,5.5,5.0,6.0,6.0,2.5,4.5,5.0,6.0,2.0,5.5,3.5,6.0,5.0,5.0,4.704226,DC,Ligue 1,D
Lukeba Castello,5.08,5.16,5.5,3.5,6.5,5.0,5.5,8.0,3.5,5.5,5.08,5.5,3.0,5.0,6.0,4.5,6.0,5.0,4.0,5.0,5.5,6.0,6.0,4.0,6.0,5.0,4.5,6.0,3.0,5.5,5.5,5.08,6.5,3.5,5.5,7.0,3.5,5.0,4.5,4.5,4.7028165,DC,Ligue 1,D
Rami Adil,4.79,4.88,4.79,5.0,3.0,5.0,4.79,5.0,6.0,4.79,4.79,4.5,5.0,4.79,4.79,4.79,4.79,4.79,4.79,4.79,4.79,5.5,4.79,6.0,3.5,4.0,6.0,4.79,4.79,5.0,5.0,4.79,4.79,4.5,4.79,4.79,4.79,4.79,5.0,4.79,4.700645,DC,Ligue 1,D
Lovren Dejan,5.25,5.25,5.25,5.25,5.25,5.25,5.25,5.25,5.25,5.25,5.25,5.25,5.25,5.25,5.25,5.25,5.25,5.25,5.25,6.0,5.25,5.25,5.25,5.25,5.25,5.25,5.25,5.25,5.25,5.25,5.25,5.25,5.25,5.25,5.25,5.25,5.25,5.25,5.25,4.5,4.683086,DC,Ligue 1,D
Delaine Thomas,4.88,4.83,5.5,4.5,6.0,5.0,5.0,4.88,4.88,4.88,5.0,5.0,5.0,5.0,5.0,2.5,5.0,4.88,4.88,4.88,4.0,8.0,5.5,4.5,4.0,5.0,4.5,5.0,4.88,4.88,4.5,3.0,4.5,5.0,4.5,5.0,5.0,5.0,4.88,4.88,4.6733246,DL,Ligue 1,D
Duverne Jean-Kévin,4.5,4.6,4.0,5.0,5.0,1.5,4.0,4.5,4.5,4.5,5.0,5.0,4.5,6.5,5.0,4.5,5.0,3.5,5.0,4.0,3.5,4.5,5.5,4.5,5.5,5.0,4.5,6.0,2.5,5.0,5.0,4.5,4.0,4.0,6.0,4.5,5.0,5.0,4.5,4.5,4.658675,DC,Ligue 1,D
Blazic Miha,4.86,4.86,5.5,4.5,4.0,5.0,4.86,4.86,5.0,6.0,3.5,5.0,4.86,4.86,4.86,5.5,5.0,6.0,4.5,4.0,4.86,4.86,4.86,4.86,4.86,4.86,4.86,4.86,4.86,4.86,4.86,4.86,4.86,4.86,4.86,4.86,4.86,4.86,4.86,4.5,4.655788,DC,Ligue 1,D
Matsima Chrislain,4.92,5.0,4.92,4.92,4.92,4.92,4.92,4.92,4.92,4.92,5.0,5.0,4.92,4.92,4.92,4.92,5.0,5.0,5.0,4.92,5.0,5.0,4.92,4.92,4.92,4.92,5.0,5.5,4.92,4.92,4.92,5.0,4.92,4.92,4.92,4.92,4.92,4.92,4.92,4.5,4.6440563,DC,Ligue 1,D
Kalulu Gédéon,4.88,4.94,7.0,6.0,4.5,5.0,3.0,5.0,5.5,5.5,5.5,4.88,4.88,4.88,4.0,4.0,4.5,4.5,5.0,4.5,5.0,5.0,3.5,4.0,4.88,4.88,5.0,6.0,4.0,5.0,5.0,6.0,5.5,5.0,5.0,6.0,4.5,4.5,6.0,4.5,4.642123,DL,Ligue 1,D
Mendy Arial,4.7,4.69,4.7,4.7,4.7,5.0,4.0,5.0,4.7,4.5,4.7,4.7,4.7,4.7,5.0,4.7,4.7,4.7,4.7,4.7,4.7,5.0,4.7,5.0,4.5,4.7,4.7,4.7,4.7,5.0,4.7,3.0,5.0,6.0,4.0,4.7,4.7,5.0,5.0,4.7,4.6313195,DL,Ligue 1,D
Kévin Keben Kévin,4.65,4.65,5.0,4.65,5.0,4.5,4.65,4.65,5.0,4.5,4.5,5.0,4.65,4.65,4.5,4.0,4.5,4.65,4.65,4.65,4.65,4.65,4.65,4.65,4.65,4.65,4.65,4.65,4.65,4.65,4.65,4.65,4.65,4.65,4.65,4.65,4.65,4.65,4.65,4.65,4.628027,DC,Ligue 1,D
Desler Mikkel,4.63,5.08,5.0,6.0,5.0,4.0,4.0,4.5,5.5,4.0,3.5,4.63,4.5,5.5,4.0,4.63,4.63,4.63,4.63,4.63,5.0,5.0,4.5,6.0,6.5,6.0,4.63,7.0,3.0,6.5,5.0,5.0,5.0,6.5,5.0,6.0,5.0,5.0,5.0,4.63,4.6056247,DL,Ligue 1,D
Doumbia Souleyman,4.53,4.45,6.0,4.5,3.5,5.0,4.0,3.5,5.5,6.0,3.5,4.0,4.5,4.53,4.53,4.0,4.5,4.0,5.5,4.5,4.53,3.0,4.53,3.0,4.0,4.5,4.5,4.5,4.53,5.5,5.0,6.0,4.53,3.0,5.0,4.5,5.0,4.53,5.0,4.53,4.6007023,DL,Ligue 1,D
Jakobs Ismail,4.97,4.94,5.0,5.0,4.5,4.97,3.5,5.0,5.0,4.97,4.97,5.0,5.0,5.0,5.5,5.0,5.0,4.5,5.0,7.0,5.5,5.0,5.0,4.97,4.97,4.97,4.0,4.97,5.0,4.0,4.97,4.5,4.5,4.5,6.0,5.5,5.0,5.0,5.0,4.5,4.5750093,DL,Ligue 1,D
Sylla Issiaga,4.59,4.85,5.0,6.0,4.59,4.59,5.0,3.5,5.5,3.0,5.0,4.0,5.0,5.0,4.0,4.0,4.0,2.5,6.0,6.0,4.59,4.59,4.59,4.59,4.59,4.59,4.59,4.59,5.0,5.0,6.0,5.5,4.59,5.0,4.5,7.0,5.0,5.0,4.59,4.5,4.543561,DL,Ligue 1,D
Abdu Conté,4.79,4.57,4.79,4.79,4.79,4.79,4.79,4.79,5.5,4.5,4.79,7.0,3.0,5.0,4.0,6.0,4.0,5.5,4.5,4.0,4.79,4.79,4.79,5.5,2.0,4.0,4.5,6.0,5.5,6.0,5.5,4.0,5.0,5.0,5.0,4.79,4.5,3.5,4.5,4.5,4.5181317,DL,Ligue 1,D
Fadiga Noah,4.65,4.65,4.5,4.65,4.65,4.65,4.65,4.65,5.5,5.0,4.65,4.0,4.0,5.0,5.0,5.0,4.5,4.0,4.5,5.0,4.65,4.65,4.65,4.65,4.65,4.65,4.65,4.65,4.65,4.65,4.65,4.65,4.65,4.65,4.65,4.65,4.65,4.65,4.65,4.5,4.515664,DL,Ligue 1,D
Chétti Ilyés,4.5,4.5,4.5,4.5,4.5,4.5,4.5,4.5,4.5,4.5,4.5,4.5,4.5,4.5,4.5,4.5,4.5,4.5,4.5,4.5,4.5,4.5,4.5,4.5,4.5,4.5,4.5,4.5,4.5,4.5,4.5,4.5,4.5,4.5,4.5,4.5,4.5,4.5,4.5,4.5,4.490743,DL,Ligue 1,D
Marquinhos,4.5,4.5,4.5,4.5,4.5,4.5,4.5,4.5,4.5,4.5,4.5,4.5,4.5,4.5,4.5,4.5,4.5,4.5,4.5,4.5,4.5,4.5,4.5,4.5,4.5,4.5,4.5,4.5,4.5,4.5,4.5,4.5,4.5,4.5,4.5,4.5,4.5,4.5,4.5,4.5,4.490743,DC,Ligue 1,D
Bouebari Franci,4.5,4.5,4.5,4.5,4.5,4.5,4.5,4.5,4.5,4.5,4.5,4.5,4.5,4.5,4.5,4.5,4.5,4.5,4.5,4.5,4.5,4.5,4.5,4.5,4.5,4.5,4.5,4.5,4.5,4.5,4.5,4.5,4.5,4.5,4.5,4.5,4.5,4.5,4.5,4.5,4.490743,DC,Ligue 1,D
Marquinhos,4.5,4.5,4.5,4.5,4.5,4.5,4.5,4.5,4.5,4.5,4.5,4.5,4.5,4.5,4.5,4.5,4.5,4.5,4.5,4.5,4.5,4.5,4.5,4.5,4.5,4.5,4.5,4.5,4.5,4.5,4.5,4.5,4.5,4.5,4.5,4.5,4.5,4.5,4.5,5.0,4.490743,DC,Ligue 1,D
Dari Achraf,4.4,4.4,6.0,5.5,6.5,2.0,4.5,4.0,5.0,4.5,4.4,4.0,2.0,4.4,4.4,4.4,4.4,4.4,4.4,4.4,4.4,4.4,4.4,4.4,4.4,4.4,4.4,4.4,4.4,4.4,4.4,4.4,4.4,4.4,4.4,4.4,4.4,4.4,4.4,4.4,4.453407,DC,Ligue 1,D
Bain Dénys,4.75,4.17,4.75,4.75,4.75,4.75,4.75,4.75,4.75,4.75,5.0,4.5,4.75,4.75,4.75,4.75,4.75,4.75,4.75,4.75,4.75,4.75,4.75,4.75,4.75,4.75,4.75,4.75,3.0,4.75,4.75,4.75,4.75,4.75,4.75,4.75,4.75,4.75,4.75,4.75,4.4373765,DC,Ligue 1,D
Mensah Gideon,4.3,4.35,4.3,4.3,4.3,4.3,5.0,4.0,3.0,4.5,4.3,4.3,4.3,4.3,6.0,6.0,2.5,3.5,5.0,3.5,4.3,4.3,4.3,3.5,4.0,5.5,4.5,3.5,5.0,4.0,5.0,6.5,2.5,4.3,4.3,5.0,3.0,4.0,4.3,4.3,4.4102297,DL,Ligue 1,D
Touré Isaak,4.79,4.44,4.79,4.79,4.79,4.79,5.0,4.79,4.5,4.79,5.0,4.79,4.79,4.79,4.5,5.0,4.79,4.79,4.79,5.0,5.0,4.0,4.79,6.0,2.5,3.0,4.79,4.79,4.79,4.79,3.0,4.79,4.79,4.79,5.0,4.79,4.0,5.0,4.79,4.5,4.379578,DC,Ligue 1,D
Coeff Alexandre,4.29,4.93,4.29,4.29,5.5,6.5,5.0,4.0,1.5,3.5,4.29,4.0,4.29,4.29,4.29,4.29,4.29,4.29,4.29,4.29,5.0,4.29,4.29,5.0,5.0,5.0,5.0,4.29,5.0,5.5,5.0,4.29,5.5,5.5,7.0,5.5,5.0,4.29,4.5,4.29,4.335035,DC,Ligue 1,D
Mendy Batista,4.56,4.66,5.0,4.5,5.5,3.5,4.56,3.0,6.0,6.0,4.0,4.5,3.0,5.0,3.5,5.0,4.56,6.0,4.5,4.0,4.56,6.0,4.56,2.5,4.5,5.0,4.0,4.5,5.0,5.5,3.5,5.5,4.5,5.0,4.5,4.0,7.0,4.5,5.5,4.5,4.308733,DC,Ligue 1,D
Pereira Brayann,4.0,4.63,3.0,4.0,4.0,4.0,5.0,4.0,4.0,4.0,4.0,4.0,4.0,4.0,4.0,4.0,4.0,4.0,4.0,4.0,4.0,4.0,5.0,4.0,4.0,4.0,4.0,4.0,5.5,4.0,4.0,4.0,4.0,4.0,4.0,4.0,4.0,4.0,4.0,4.0,4.306343,DL,Ligue 1,D
Talbi Montassar,5.0,5.0,6.0,6.0,4.0,6.0,2.5,6.0,4.5,6.0,6.0,5.0,6.0,4.5,4.0,5.0,5.5,4.0,5.5,4.5,5.0,5.0,5.0,5.0,5.0,5.0,5.0,5.0,5.0,5.0,5.0,5.0,5.0,5.0,5.0,5.0,5.0,5.0,5.0,4.0,4.2627125,DC,Ligue 1,D
Avinel Cédric,4.75,4.97,4.0,5.0,4.75,4.75,4.75,4.75,4.5,6.5,5.5,5.0,5.5,3.5,4.0,4.75,4.75,4.75,4.75,4.75,5.5,4.75,4.5,4.5,5.5,6.0,5.0,6.0,4.5,4.75,4.75,4.75,4.75,4.75,4.75,4.75,4.75,5.0,5.5,4.0,4.2533903,DC,Ligue 1,D
Diomandé Sinaly,4.75,4.78,4.75,4.75,4.75,4.75,4.75,4.75,4.75,4.75,5.5,4.75,4.0,4.0,4.75,5.0,5.5,4.5,5.5,4.75,4.75,4.75,4.75,4.75,5.0,4.75,4.75,4.75,4.75,4.75,4.75,4.75,4.75,4.75,4.75,4.75,4.75,4.75,4.75,4.0,4.2471595,DC,Ligue 1,D
Valery Yan,4.45,4.47,4.45,4.45,4.45,4.45,4.45,4.0,5.0,4.5,3.5,3.5,4.0,4.5,5.0,4.45,5.0,5.5,4.5,4.45,5.5,4.45,4.45,4.45,4.45,4.45,4.45,4.45,4.0,4.45,4.5,4.45,4.0,5.5,4.45,4.45,4.45,4.45,4.45,4.45,4.2145276,DL,Ligue 1,D
Sabanovic Halid,4.13,4.13,5.0,4.0,3.0,4.13,4.5,4.13,4.13,4.13,4.13,4.13,4.13,4.13,4.13,4.13,4.13,4.13,4.13,4.13,4.13,4.13,4.13,4.13,4.13,4.13,4.13,4.13,4.13,4.13,4.13,4.13,4.13,4.13,4.13,4.13,4.13,4.13,4.13,4.13,4.1241684,DL,Ligue 1,D
Logan Costa Logan,4.0,4.17,4.0,4.0,4.0,4.0,4.0,4.0,4.0,4.0,4.0,4.0,4.0,4.0,4.0,4.0,4.0,4.0,4.0,4.0,4.0,4.0,4.0,4.0,4.0,4.0,4.0,4.0,4.0,4.0,4.0,4.0,5.0,4.0,4.0,4.0,4.0,4.0,3.5,4.0,4.1182055,DC,Ligue 1,D
Jullien Christopher,4.46,4.46,4.46,4.46,4.46,6.0,4.46,4.46,5.0,5.0,3.0,4.0,5.0,5.0,3.0,5.0,5.0,6.0,4.5,2.0,4.46,4.46,4.46,4.46,4.46,4.46,4.46,4.46,4.46,4.46,4.46,4.46,4.46,4.46,4.46,4.46,4.46,4.46,4.46,4.0,4.0611615,DC,Ligue 1,D
Rouault Anthony,4.97,5.36,5.5,6.0,5.5,4.0,4.0,4.0,7.0,5.0,6.0,4.5,6.0,7.0,3.0,4.0,3.0,3.0,5.5,7.5,6.0,5.0,6.0,6.0,8.0,7.0,4.97,6.0,3.0,6.5,7.0,5.5,4.5,5.5,6.5,6.0,5.0,5.0,4.97,4.0,4.052319,DC,Ligue 1,D
Le Goff Vincent,4.97,4.9,5.5,5.0,4.5,5.5,3.0,6.0,5.0,5.5,5.5,5.0,6.0,5.0,4.5,5.0,5.0,4.0,5.5,5.0,4.97,5.0,4.97,4.97,5.5,5.5,6.0,3.0,6.5,5.0,3.0,4.5,5.0,5.0,4.0,4.0,4.0,6.5,5.0,4.0,4.0438566,DL,Ligue 1,D
Sakho Mamadou,4.67,4.72,4.0,5.0,5.5,4.67,6.0,4.5,5.0,4.67,4.67,4.67,4.67,4.67,5.0,4.67,4.67,4.67,4.67,3.5,4.67,3.5,5.5,4.0,5.5,6.0,4.67,4.67,4.67,4.67,4.0,4.5,5.5,5.0,3.5,4.5,4.0,4.67,5.0,3.5,4.0144353,DC,Ligue 1,D
Larouci Yasser,4.63,4.85,4.0,3.0,4.0,5.0,6.0,5.0,5.0,4.63,4.5,4.63,5.0,5.0,5.0,5.0,5.0,4.63,4.5,4.5,4.63,4.63,4.63,4.63,4.63,5.0,4.63,4.63,6.5,4.5,4.63,5.0,5.0,5.0,4.63,6.0,5.0,5.0,5.0,3.5,3.9237776,DL,Ligue 1,D
Tchato Mbiayi Enzo,4.69,4.69,5.0,4.5,5.0,4.69,6.5,4.5,5.0,5.0,4.0,3.5,5.0,4.5,5.0,4.69,4.69,4.69,4.69,4.69,4.69,4.69,4.69,4.69,4.69,4.69,4.69,4.69,4.69,4.69,4.69,4.69,4.69,4.69,4.69,4.69,4.69,4.69,4.69,3.5,3.7946713,DC,Ligue 1,D
Hountondji Cédric,4.37,4.41,5.0,3.5,4.0,4.0,3.0,3.0,6.0,5.5,4.0,4.0,4.0,4.5,4.5,4.5,6.0,5.5,4.5,4.0,4.37,4.0,5.0,5.5,5.5,6.0,5.0,3.0,3.0,4.0,4.37,4.37,4.37,4.37,4.37,4.37,4.37,4.37,4.37,3.5,3.7927055,DC,Ligue 1,D
Omari Warmed,3.75,5.0,3.75,3.75,3.75,3.75,3.75,3.75,3.75,3.75,3.75,3.75,3.75,3.75,3.75,3.75,3.75,4.0,3.75,3.5,5.0,6.0,4.5,6.0,5.5,5.0,4.5,6.5,5.5,6.0,5.0,5.0,3.0,4.0,6.0,6.0,4.0,6.0,4.5,3.75,3.6630895,DC,Ligue 1,D
Mayembo Fernand,4.81,4.83,4.81,5.5,4.5,3.5,4.81,4.81,4.81,4.81,4.81,4.81,4.81,4.81,5.0,4.81,4.81,6.0,5.0,5.5,4.81,5.5,5.0,5.5,3.0,3.0,6.0,6.0,4.81,4.81,4.81,4.81,4.81,4.81,4.81,4.81,4.81,4.81,4.81,3.5,3.6600108,DC,Ligue 1,D
Palmer-Brown Erik,4.68,4.82,4.5,3.5,3.0,5.5,6.0,6.0,4.5,6.0,5.0,3.0,5.0,5.0,5.0,6.0,5.0,5.5,4.0,3.5,4.68,5.5,4.68,5.5,2.0,3.5,5.0,6.5,6.0,4.5,4.0,6.0,7.0,5.0,5.0,6.0,4.0,3.5,5.5,3.0,3.4416134,DC,Ligue 1,D
Baldé Thierno,4.87,5.02,4.87,5.0,5.0,6.0,6.0,5.0,5.0,4.87,4.5,4.87,5.0,4.5,4.0,5.5,4.87,5.0,5.0,4.5,5.0,5.0,5.0,5.0,4.0,4.87,6.5,5.5,6.0,4.87,3.5,4.87,5.0,6.0,7.0,5.0,4.87,5.0,4.0,3.0,3.4337342,DL,Ligue 1,D
Youssouf Mohamed,4.53,4.83,4.53,4.53,4.53,4.5,3.0,5.0,5.0,4.53,4.5,5.0,4.5,4.5,4.5,4.5,5.0,6.0,4.0,5.0,4.53,4.53,4.53,4.53,5.0,5.0,5.0,5.0,4.53,5.0,5.0,6.0,5.0,6.0,5.0,5.0,5.0,5.0,5.0,3.0,3.351052,DL,Ligue 1,D
Salmier Yoann,4.62,4.85,4.5,4.0,3.0,5.5,6.0,3.5,4.62,5.0,4.5,4.0,4.62,5.0,4.5,5.0,5.0,6.0,6.0,4.0,4.62,5.5,4.62,5.5,3.5,4.0,6.0,6.0,6.0,7.0,6.0,4.5,4.62,4.62,4.62,4.62,5.0,3.5,4.5,3.0,3.3216188,DC,Ligue 1,D
Diallo Ismaël,4.44,4.54,5.0,5.0,4.5,3.0,4.44,4.5,4.5,5.5,3.0,5.0,4.44,4.5,4.44,5.5,4.0,5.5,4.0,4.5,5.0,5.0,4.5,4.5,5.5,5.0,4.5,4.44,5.0,4.5,4.44,4.44,4.44,4.44,3.5,4.44,4.44,4.44,4.44,3.0,3.3210452,DL,Ligue 1,D
Mawissa Elebi Christian,3.25,3.25,3.25,3.25,3.25,3.25,3.25,3.25,3.25,3.25,3.25,3.25,3.25,3.25,3.25,3.25,3.25,1.5,5.0,3.25,3.25,3.25,3.25,3.25,3.25,3.25,3.25,3.25,3.25,3.25,3.25,3.25,3.25,3.25,3.25,3.25,3.25,3.25,3.25,3.25,3.2520595,DC,Ligue 1,D
Gonzalez Oumar,4.36,4.9,6.0,5.0,3.5,3.0,4.5,4.0,4.36,6.0,4.36,6.0,5.5,3.5,4.36,4.36,4.5,4.36,3.5,4.0,4.36,6.0,3.0,4.5,6.0,4.36,5.0,6.0,4.5,6.0,5.5,5.5,5.5,6.0,5.5,6.0,6.0,5.0,5.0,2.0,2.5536284,DC,Ligue 1,D
Vidal Clément,4.45,5.13,4.45,4.45,5.0,4.45,5.0,5.0,4.5,5.0,3.5,5.0,4.45,4.45,5.0,4.0,4.45,4.45,4.45,5.0,6.0,5.5,4.45,4.45,5.0,6.0,5.0,4.45,5.0,5.5,6.5,5.5,5.5,6.0,5.5,5.0,6.0,5.5,6.0,2.0,2.445392,DC,Ligue 1,D
