Joueur,Note,Note 1 an,j1,j2,j3,j4,j5,j6,j7,j8,j9,j10,j11,j12,j13,j14,j15,j16,j17,j18,j20,j21,j22,j23,j24,j25,j26,j27,j28,j29,j30,j31,j32,j33,j34,j35,j36,j37,j38,j19,prediction_label,Poste,Championnat
Corchia Sébastien,5.06,4.95,4.5,5.06,5.06,5.0,5.0,4.5,5.0,5.0,4.5,5.0,5.0,5.0,5.0,5.0,5.0,5.5,5.0,5.0,5.0,5.0,5.0,5.0,5.06,5.0,4.0,5.0,5.06,5.06,5.0,6.0,5.5,3.5,4.5,5.0,4.0,4.5,5.06,7.0,6.617272,DL,Ligue 1
Traoré Hamari,5.14,5.33,4.5,5.5,5.0,4.0,6.0,5.0,5.5,5.0,5.0,5.0,5.14,5.5,6.0,5.0,5.0,3.5,5.5,4.5,5.14,5.14,5.14,6.0,4.5,6.5,6.0,6.5,5.0,7.5,5.0,6.0,4.5,4.5,7.0,5.5,4.5,6.0,5.0,7.0,6.5370193,DL,Ligue 1
Vanderson,5.17,5.19,5.0,5.0,2.5,5.17,4.5,5.0,7.0,5.5,5.0,6.0,5.0,3.0,6.5,6.0,5.0,5.5,5.5,4.5,4.5,5.0,6.0,4.5,5.0,6.0,4.5,6.0,5.0,5.17,4.0,5.5,7.0,6.0,5.5,5.17,5.0,4.0,5.0,6.5,6.528032,DL,Ligue 1
Kolasinac Sead,5.5,5.19,4.5,5.0,5.0,5.0,5.5,5.5,5.0,5.0,5.5,5.5,5.5,4.5,5.5,5.0,6.5,7.0,6.0,6.0,5.5,5.5,5.5,5.0,5.0,4.0,5.0,5.0,6.0,5.0,4.0,5.0,5.5,5.0,5.0,4.0,5.0,5.5,5.0,7.0,6.521801,DL,Ligue 1
Centonze Fabien,5.36,5.19,5.36,5.36,5.36,5.36,5.36,5.36,5.36,5.36,5.36,5.36,5.36,5.5,5.0,5.0,5.36,5.5,5.0,5.0,5.36,5.36,5.36,5.36,5.36,5.36,5.36,5.36,5.36,5.36,5.36,5.36,5.36,5.36,5.0,5.0,5.36,5.36,5.36,6.5,6.148233,DL,Ligue 1
Haïdara Massadio,5.44,5.29,5.0,5.0,5.0,4.5,5.0,5.5,6.5,5.0,7.0,4.0,6.0,6.0,6.0,5.0,5.44,5.0,6.0,5.0,5.44,5.44,5.44,5.44,5.0,5.0,5.0,4.5,5.5,7.0,5.44,4.0,5.44,5.44,5.0,4.5,5.44,5.44,5.44,6.5,6.079754,DL,Ligue 1
Truffert Adrien,5.18,5.04,4.0,5.0,5.5,5.0,6.0,4.5,6.0,5.0,7.0,5.0,5.5,5.0,5.0,5.0,5.0,4.0,5.0,4.5,4.5,7.0,4.5,5.0,5.0,5.0,5.0,5.0,4.5,5.18,4.5,4.0,5.0,4.0,5.0,5.0,4.0,6.0,5.0,6.5,6.060665,DL,Ligue 1
Zedadka Akim,5.04,4.63,7.0,5.0,5.04,5.0,5.04,5.04,4.0,5.04,5.0,5.04,5.5,5.04,5.5,5.04,5.0,4.5,5.5,2.5,5.04,3.5,5.0,5.0,3.5,7.0,6.0,3.0,4.5,3.0,4.0,2.0,5.0,5.0,4.5,4.5,5.0,4.5,4.0,6.0,5.918573,DL,Ligue 1
Neto Borges,5.22,5.22,3.5,5.5,6.5,2.5,5.22,6.5,4.5,4.5,5.5,6.0,5.0,4.5,7.0,5.22,5.22,4.5,5.5,6.0,5.22,5.22,5.22,5.22,5.22,5.22,5.22,5.22,5.22,5.22,5.22,5.22,5.22,5.22,5.22,5.22,5.22,5.22,5.22,6.0,5.89842,DL,Ligue 1
Busi Maxime,4.94,4.83,4.94,4.5,4.5,5.5,4.0,5.0,5.0,5.0,4.94,4.94,4.94,4.94,4.94,4.94,4.94,4.94,5.0,4.94,4.94,4.94,3.0,5.0,4.5,5.5,4.5,4.5,6.0,5.0,5.5,4.5,5.0,4.5,5.0,5.0,4.5,5.0,4.0,6.0,5.787115,DL,Ligue 1
Foket Thomas,5.2,4.93,5.2,5.2,5.2,5.2,5.2,5.2,5.2,5.2,5.2,5.2,5.2,5.2,5.2,5.2,5.0,5.0,5.0,5.0,5.2,5.0,4.5,5.0,5.2,5.2,5.2,5.2,5.0,5.5,5.5,4.0,4.0,5.0,4.5,5.0,4.5,5.0,4.0,6.0,5.7613964,DL,Ligue 1
Bard Melvin,4.85,5.01,4.5,5.5,5.0,3.5,5.0,4.5,5.0,5.0,4.0,4.5,5.0,5.0,5.5,4.85,4.85,5.0,3.5,6.0,4.85,4.85,4.85,4.5,4.5,7.0,5.0,6.5,6.0,5.0,5.0,3.5,5.0,5.0,5.0,6.0,6.5,4.0,4.5,6.0,5.756151,DL,Ligue 1
Gusto Malo,5.3,5.32,6.0,4.0,6.0,6.5,5.0,7.0,5.0,5.0,5.3,5.0,3.5,5.0,5.5,5.0,5.5,5.3,5.3,5.3,5.0,5.0,5.0,4.0,5.3,5.0,5.0,6.0,5.0,5.0,6.0,5.3,7.0,4.5,5.5,7.0,4.0,5.0,6.0,5.5,5.7443194,DL,Ligue 1
Nuno Mendes,5.5,5.23,5.5,6.0,5.0,5.0,5.0,7.0,5.0,5.5,5.0,5.5,5.5,5.5,5.0,5.0,7.0,5.5,5.5,5.5,4.5,5.5,7.0,5.0,5.0,5.0,6.0,5.5,6.5,4.0,5.5,5.0,4.5,5.0,4.5,5.0,4.0,5.0,5.5,5.5,5.624881,DL,Ligue 1
Atal Youcef,5.46,5.41,5.46,5.0,5.5,5.0,5.5,5.0,5.46,5.0,6.0,5.0,5.46,5.5,7.0,6.0,5.0,5.46,5.46,5.46,5.46,5.46,5.46,4.5,5.46,5.46,5.46,5.46,5.46,5.0,7.0,5.0,5.46,5.46,5.46,5.46,5.46,5.46,5.46,5.46,5.5860906,DL,Ligue 1
Raolisoa Lilian,5.5,5.5,5.5,5.5,5.5,5.5,5.5,5.5,5.5,5.5,5.5,5.5,5.5,5.5,5.5,5.5,5.5,5.5,5.5,5.5,5.5,5.5,5.5,5.5,5.5,5.5,5.5,5.5,5.5,5.5,5.5,5.5,5.5,5.5,5.5,5.5,5.5,5.5,5.5,5.5,5.5168357,DL,Ligue 1
Medina Facundo,5.33,5.23,5.5,5.5,4.5,5.5,4.5,5.0,5.0,6.0,6.0,4.0,5.0,6.0,5.33,7.0,4.5,5.5,5.5,5.5,5.5,4.5,3.5,5.33,6.0,5.5,5.0,3.5,5.5,5.33,5.5,6.0,5.5,5.33,5.33,5.33,4.5,5.0,6.0,5.5,5.5028734,DL,Ligue 1
Gradit Jonathan,5.32,5.29,5.0,4.5,4.5,7.0,5.5,5.0,5.5,5.32,5.32,5.32,5.32,5.32,6.5,5.0,6.0,5.0,5.5,4.0,6.0,5.5,5.5,5.32,5.32,5.32,5.0,5.0,4.5,5.5,6.0,6.5,5.0,6.0,6.0,5.0,5.0,5.0,4.5,5.5,5.3436465,DL,Ligue 1
Sainte-Luce Théo,5.0,4.86,6.0,3.0,4.5,6.5,5.0,5.0,5.0,5.0,5.0,5.0,5.0,5.0,5.0,5.0,5.0,5.0,5.0,5.0,3.0,5.0,6.0,5.0,3.5,5.0,3.5,5.0,5.5,5.0,5.5,4.5,5.0,5.0,6.5,5.0,5.0,5.0,5.0,5.0,5.3290105,DL,Ligue 1
Nuno Tavares,5.22,5.02,7.0,5.0,5.0,7.0,6.0,5.5,4.5,5.0,5.22,3.0,4.5,4.5,3.5,5.0,5.0,6.5,6.5,5.22,5.0,5.22,4.5,5.22,5.22,4.5,5.22,5.22,5.22,5.22,5.22,3.5,5.22,5.0,6.0,4.5,5.22,4.5,4.5,5.22,5.2490664,DL,Ligue 1
Tagliafico Nicolás,5.21,5.21,5.0,4.0,6.0,5.5,5.0,6.5,4.5,5.0,5.5,5.0,5.0,5.0,7.0,5.0,4.0,5.21,5.21,5.5,5.21,5.21,5.21,5.21,5.21,5.21,5.21,5.21,5.21,5.21,5.21,5.21,5.21,5.21,5.21,5.21,5.21,5.21,5.21,5.0,5.1392107,DL,Ligue 1
Machado Deiver,5.44,5.35,5.0,5.0,6.5,6.5,5.5,3.5,5.44,5.44,6.0,6.0,5.5,6.0,5.5,6.0,5.5,4.5,5.44,5.0,5.44,5.44,5.44,5.44,5.44,5.44,5.44,5.0,5.0,5.0,5.0,5.0,5.44,6.0,6.0,5.5,5.0,5.0,5.0,5.0,5.122923,DL,Ligue 1
Bryan Joe,5.1,5.1,5.1,5.1,5.1,5.1,5.1,5.0,5.1,5.1,5.1,5.5,5.1,5.0,5.0,5.0,5.1,5.1,5.1,5.1,5.1,5.1,5.1,5.1,5.1,5.1,5.1,5.1,5.1,5.1,5.1,5.1,5.1,5.1,5.1,5.1,5.1,5.1,5.1,5.1,5.1035767,DL,Ligue 1
Maouassa Faitout,5.15,5.15,6.5,3.5,6.0,8.0,7.0,4.5,6.0,5.15,5.15,4.5,4.5,5.5,4.0,5.0,5.0,5.0,4.5,3.0,5.15,5.15,5.15,5.15,5.15,5.15,5.15,5.15,5.15,5.15,5.15,5.15,5.15,5.15,5.15,5.15,5.15,5.15,5.15,5.0,5.0954833,DL,Ligue 1
Ismaily,5.13,5.13,5.13,6.5,3.0,6.0,5.0,6.0,5.5,5.0,4.5,5.0,6.5,4.0,4.5,5.13,5.13,5.5,5.0,5.0,5.13,5.13,5.13,5.13,5.13,5.13,5.13,5.13,5.13,5.13,5.13,5.13,5.13,5.13,5.13,5.13,5.13,5.13,5.13,5.13,5.0739083,DL,Ligue 1
Le Bris Théo,5.07,5.07,4.5,5.0,5.0,5.0,4.0,5.5,5.07,5.0,6.0,6.0,5.0,4.5,5.0,5.0,5.5,5.07,5.07,5.07,5.07,5.07,5.07,5.07,5.07,5.07,5.07,5.07,5.07,5.07,5.07,5.07,5.07,5.07,5.07,5.07,5.07,5.07,5.07,5.07,5.073596,DL,Ligue 1
Lala Kenny,5.25,5.25,5.25,5.25,5.25,5.25,5.25,5.25,5.25,5.25,5.25,5.25,5.25,5.25,5.25,5.25,5.25,5.25,5.25,5.5,5.25,5.25,5.25,5.25,5.25,5.25,5.25,5.25,5.25,5.25,5.25,5.25,5.25,5.25,5.25,5.25,5.25,5.25,5.25,5.0,5.067905,DL,Ligue 1
Kaboré Issa,5.2,5.0,5.2,5.2,5.2,5.0,5.2,5.5,5.2,5.2,6.0,4.0,5.0,5.0,5.5,5.2,5.2,5.2,5.5,5.5,5.2,5.2,5.2,5.2,4.5,4.0,5.5,6.0,5.0,5.2,6.0,4.5,5.0,4.5,5.0,5.5,5.0,3.0,4.5,5.0,5.0643005,DL,Ligue 1
Le Cardinal Julien,5.0,5.12,5.0,5.0,5.0,5.0,5.0,5.0,5.0,5.0,5.0,5.0,5.0,5.0,5.0,5.0,5.0,5.0,5.0,5.0,6.0,4.5,5.0,4.0,5.0,5.0,4.0,4.5,5.5,5.0,6.0,5.0,6.0,5.0,5.0,5.0,4.0,4.5,7.5,5.0,5.0632744,DL,Ligue 1
Bruus Andreas,5.04,5.04,5.0,4.0,5.04,5.04,5.04,5.04,5.04,5.0,6.0,4.5,5.0,5.0,5.04,5.0,5.5,5.5,5.5,4.5,5.04,5.04,5.04,5.04,5.04,5.04,5.04,5.04,5.04,5.04,5.04,5.04,5.04,5.04,5.04,5.04,5.04,5.04,5.04,5.0,5.0599885,DL,Ligue 1
Pierre-Gabriel Ronaël,5.07,4.92,4.5,5.07,5.0,5.5,5.5,5.5,5.0,6.0,5.07,5.0,4.5,6.0,5.0,3.5,5.0,5.07,5.0,5.07,4.5,5.0,6.0,3.0,6.0,5.0,5.07,5.07,5.07,5.07,5.07,5.07,4.0,5.0,5.07,7.0,4.5,3.0,4.0,5.07,5.054434,DL,Ligue 1
Boto Kenji-Van,5.0,4.74,5.0,5.0,5.0,5.0,5.0,5.0,5.0,5.0,5.0,5.0,5.0,5.0,5.0,5.0,5.0,5.0,5.0,5.0,5.0,4.5,3.0,6.0,5.0,5.0,4.0,6.0,5.0,5.0,5.5,5.0,4.5,4.0,3.5,4.5,5.0,5.0,5.0,5.0,5.034299,DL,Ligue 1
De Smet Thibault,5.0,5.0,5.0,5.0,5.0,5.0,5.0,5.0,5.0,5.0,5.0,5.0,5.0,5.0,5.0,5.0,5.5,5.0,5.0,4.5,5.0,5.0,5.0,5.0,5.0,5.0,5.0,5.0,5.0,5.0,5.0,5.0,5.0,5.0,5.0,5.0,5.0,5.0,5.0,5.0,5.0117435,DL,Ligue 1
Assignon Lorenz,4.92,5.09,4.92,4.92,4.92,4.92,5.0,5.0,4.92,5.0,4.5,4.92,5.0,4.92,4.92,4.92,4.92,4.92,4.92,4.92,5.0,5.5,4.5,4.92,5.0,4.92,4.92,4.92,4.92,4.92,4.92,5.0,5.0,4.92,7.0,5.0,4.92,5.0,5.0,5.0,5.0080442,DL,Ligue 1
Kamanzi Warren,5.0,5.0,5.0,5.0,5.0,5.0,5.0,5.0,5.0,5.0,5.0,5.0,5.0,5.0,5.0,5.0,5.0,5.0,5.0,5.0,5.0,5.0,5.0,5.0,5.0,5.0,5.0,5.0,5.0,5.0,5.0,5.0,5.0,5.0,5.0,5.0,5.0,5.0,5.0,5.0,5.003771,DL,Ligue 1
Mendy Antoine,5.0,5.0,5.0,5.0,5.0,5.0,5.0,5.0,5.0,5.0,5.0,5.0,5.0,5.0,5.0,5.0,5.0,5.0,5.0,5.0,5.0,5.0,5.0,5.0,5.0,5.0,5.0,5.0,5.0,5.0,5.0,5.0,5.0,5.0,5.0,5.0,5.0,5.0,5.0,5.0,5.003771,DL,Ligue 1
Keita Cheick,5.0,5.0,5.0,5.0,5.0,5.0,5.0,5.0,5.0,5.0,5.0,5.0,5.0,5.0,5.0,5.0,5.0,5.0,5.0,5.0,5.0,5.0,5.0,5.0,5.0,5.0,5.0,5.0,5.0,5.0,5.0,5.0,5.0,5.0,5.0,5.0,5.0,5.0,5.0,5.0,5.003771,DL,Ligue 1
Sacko Falaye,4.72,4.94,4.0,2.0,5.0,7.5,6.5,4.5,4.5,4.72,5.5,5.0,4.72,4.72,3.5,5.0,5.0,5.0,4.5,3.0,4.72,4.72,4.72,6.0,5.0,4.0,4.5,6.0,5.5,5.0,4.72,4.72,4.72,4.72,4.72,4.72,4.72,5.5,6.5,5.0,4.991312,DL,Ligue 1
Boura Ismaël,5.07,4.88,5.07,5.07,5.07,5.07,5.07,5.5,5.07,5.0,5.07,5.0,5.07,5.0,5.0,5.0,5.0,5.07,5.07,5.07,5.07,4.0,6.0,5.5,3.0,3.0,5.5,6.5,5.07,5.07,4.0,5.07,5.0,5.07,5.07,5.07,5.07,5.07,5.07,5.07,4.9862905,DL,Ligue 1
Traoré Charles,5.25,5.0,5.25,5.25,5.25,5.25,5.25,5.25,5.25,5.25,5.25,5.25,5.25,5.25,5.25,5.25,5.25,5.0,6.0,5.0,5.25,5.25,5.25,5.25,5.25,5.0,4.5,5.0,4.5,5.25,5.25,5.25,5.25,5.25,5.25,5.25,5.25,5.25,5.25,5.0,4.9816947,DL,Ligue 1
Bernat Juan,5.42,5.31,5.0,5.42,5.0,5.42,7.0,5.0,5.0,5.42,4.5,6.5,6.0,6.0,5.0,5.0,5.42,5.42,5.42,5.5,5.42,5.42,5.42,5.42,5.5,4.5,5.0,4.5,5.42,5.42,5.42,5.0,5.42,5.0,5.42,5.0,5.42,6.5,5.42,5.0,4.974028,DL,Ligue 1
Koné Youssouf,5.14,5.06,5.14,5.14,5.14,5.14,5.14,5.14,5.14,5.14,5.14,5.5,6.0,5.5,4.5,5.0,4.5,5.14,5.0,5.14,5.14,5.14,5.14,5.14,5.0,5.14,6.0,4.0,5.14,5.5,5.0,5.14,4.5,5.0,5.0,5.0,5.14,5.14,5.14,5.14,4.9721236,DL,Ligue 1
Mukiele Nordi,5.26,5.26,5.0,5.0,5.0,5.0,5.5,5.26,5.26,5.0,7.0,5.5,5.0,5.5,5.0,4.5,5.5,4.5,4.5,7.0,5.26,5.26,5.26,5.26,5.26,5.26,5.26,5.26,5.26,5.26,5.26,5.26,5.26,5.26,5.26,5.26,5.26,5.26,5.26,5.0,4.9652176,DL,Ligue 1
Alphonse Mickaël,4.66,4.66,4.5,4.5,3.5,4.5,4.0,4.66,5.0,5.0,4.5,4.5,5.0,4.66,4.66,5.0,4.5,5.0,5.0,5.0,4.66,4.66,4.66,4.66,4.66,4.66,4.66,4.66,4.66,4.66,4.66,4.66,4.66,4.66,4.66,4.66,4.66,4.66,4.66,5.0,4.962153,DL,Ligue 1
Zeffane Mehdi,4.83,4.83,4.83,4.83,4.83,4.83,4.83,4.83,4.83,4.83,4.5,4.83,4.83,4.83,4.83,4.83,4.83,4.83,4.83,5.0,4.83,4.83,4.83,4.83,4.83,4.83,4.83,4.83,4.83,4.83,4.83,4.83,4.83,4.83,4.83,4.83,4.83,4.83,4.83,5.0,4.9468255,DL,Ligue 1
Fila Karol,5.0,4.96,5.0,5.0,5.0,5.0,5.0,5.0,5.0,5.0,5.0,5.0,5.0,5.0,5.0,5.0,5.0,5.0,5.0,5.0,5.0,5.5,4.5,5.0,4.5,5.0,5.0,5.0,5.0,5.0,5.0,5.0,5.0,5.0,5.0,5.0,5.5,5.0,4.5,5.0,4.942021,DL,Ligue 1
Caio Henrique,5.44,5.51,5.44,5.5,5.0,6.0,5.44,6.5,7.5,6.0,4.5,6.0,5.5,4.5,5.0,5.5,4.0,5.44,6.0,4.5,5.5,8.0,4.5,5.5,5.0,4.5,5.44,5.0,5.44,6.0,6.0,6.5,5.0,5.0,6.5,6.0,6.0,5.0,5.0,5.0,4.9375706,DL,Ligue 1
Dagba Colin,4.89,4.85,4.89,4.89,4.89,4.89,5.0,5.0,4.5,4.89,4.5,5.0,5.0,5.0,5.0,5.0,4.89,4.89,4.89,4.89,4.5,4.89,4.89,4.89,4.89,4.89,4.89,4.89,4.89,4.89,4.89,4.89,4.89,4.89,4.89,4.89,4.89,4.89,4.89,4.89,4.934031,DL,Ligue 1
Locko Bradley,4.63,4.64,3.0,3.5,4.5,5.0,5.0,5.0,5.0,4.0,4.5,5.0,5.0,5.0,5.0,4.63,5.0,4.63,4.63,4.63,4.63,4.0,3.5,5.5,4.5,4.5,5.5,4.63,5.0,4.5,5.0,4.5,5.0,6.0,3.5,4.0,4.5,4.5,4.63,5.0,4.9270754,DL,Ligue 1
Zandén Oliver,4.9,4.9,4.9,4.9,4.9,5.5,4.0,5.0,5.0,4.9,4.9,4.9,5.0,4.9,4.9,4.9,4.9,4.9,4.9,4.9,4.9,4.9,4.9,4.9,4.9,4.9,4.9,4.9,4.9,4.9,4.9,4.9,4.9,4.9,4.9,4.9,4.9,4.9,4.9,4.9,4.8859825,DL,Ligue 1
Yongwa Darline,4.75,4.82,4.75,4.75,4.75,4.75,4.5,5.0,4.75,4.75,4.75,4.75,4.75,4.75,4.75,4.75,4.75,4.75,4.75,4.75,4.5,4.75,5.0,5.0,4.75,5.5,4.5,4.5,4.75,4.75,5.5,4.5,5.0,6.0,3.0,4.75,4.75,4.75,5.0,4.75,4.869015,DL,Ligue 1
Henrique,4.83,5.0,4.83,4.83,5.0,4.83,4.83,4.5,4.83,4.83,5.0,4.83,4.83,4.83,4.83,4.83,4.83,4.83,4.83,4.83,4.83,5.0,5.0,4.0,5.0,4.83,4.83,5.0,4.83,5.0,5.0,5.0,5.5,4.83,5.5,5.0,4.83,4.5,6.5,4.83,4.8638973,DL,Ligue 1
Bamba Abdoulaye,4.39,4.47,4.39,4.39,5.0,4.5,3.5,3.0,5.0,4.39,4.39,5.0,4.39,4.39,4.0,4.39,4.39,4.39,4.39,4.5,4.39,4.39,4.39,4.39,4.39,4.39,4.39,4.39,4.39,5.0,5.0,5.0,5.0,3.0,4.0,3.5,5.0,5.0,5.0,5.0,4.8556366,DL,Ligue 1
Gudmundsson Gabriel,4.9,4.98,4.9,4.5,4.5,5.0,5.0,4.9,5.5,4.9,4.9,4.9,4.9,4.9,4.9,4.9,4.9,4.9,4.9,4.9,4.9,4.5,5.0,3.0,5.0,5.0,7.0,4.5,5.5,6.0,4.5,5.0,5.0,5.0,6.0,5.0,4.5,4.5,5.0,4.9,4.84375,DL,Ligue 1
Meling Birger,4.88,5.1,4.88,4.88,4.88,5.0,4.5,5.0,5.0,4.88,5.0,4.88,5.0,5.0,5.0,4.0,4.88,5.0,5.0,5.0,4.88,6.0,4.5,5.5,5.0,7.5,5.5,5.5,5.0,6.0,5.0,5.0,4.0,4.88,5.0,5.0,5.0,5.0,4.88,5.0,4.833524,DL,Ligue 1
Lotomba Jordan,4.94,4.96,4.5,5.0,5.0,3.0,4.94,4.5,5.0,4.5,5.0,5.0,6.0,5.0,5.0,6.0,5.5,6.0,4.5,4.5,6.0,4.5,5.5,4.0,5.0,5.0,5.5,5.0,5.5,5.0,4.94,3.5,5.0,5.0,5.5,5.0,4.94,4.0,5.5,5.0,4.8280635,DL,Ligue 1
Kumbedi Sael,4.7,4.41,4.7,4.7,4.7,4.7,4.7,4.7,4.7,4.7,5.0,4.7,4.7,4.7,4.7,4.7,4.7,4.5,4.0,5.0,4.7,4.7,4.7,4.7,4.7,4.7,4.7,4.7,4.7,4.7,4.7,4.7,4.7,4.7,4.7,4.7,4.0,4.7,4.7,5.0,4.7770143,DL,Ligue 1
Aguilar Ruben,4.89,5.24,5.0,4.89,4.89,5.0,4.0,5.0,5.0,5.0,4.89,4.89,4.89,4.89,4.89,5.0,4.89,5.0,5.0,4.89,5.0,6.0,4.0,6.0,5.0,4.89,4.89,4.89,4.89,7.5,5.0,6.0,5.5,5.0,4.89,5.0,5.5,6.0,5.0,4.89,4.7631326,DL,Ligue 1
Hakimi Achraf,5.38,5.44,7.5,7.0,7.5,5.0,4.5,5.0,5.5,5.0,4.0,5.0,6.0,4.0,5.38,5.0,7.0,5.0,4.0,5.38,5.38,5.38,5.38,5.5,6.0,5.0,5.38,5.38,6.5,3.5,5.5,5.5,5.0,6.5,5.0,6.0,5.0,5.0,6.0,4.5,4.7611337,DL,Ligue 1
Delaine Thomas,4.88,4.83,5.5,4.5,6.0,5.0,5.0,4.88,4.88,4.88,5.0,5.0,5.0,5.0,5.0,2.5,5.0,4.88,4.88,4.88,4.0,8.0,5.5,4.5,4.0,5.0,4.5,5.0,4.88,4.88,4.5,3.0,4.5,5.0,4.5,5.0,5.0,5.0,4.88,4.88,4.6733246,DL,Ligue 1
Kalulu Gédéon,4.88,4.94,7.0,6.0,4.5,5.0,3.0,5.0,5.5,5.5,5.5,4.88,4.88,4.88,4.0,4.0,4.5,4.5,5.0,4.5,5.0,5.0,3.5,4.0,4.88,4.88,5.0,6.0,4.0,5.0,5.0,6.0,5.5,5.0,5.0,6.0,4.5,4.5,6.0,4.5,4.642123,DL,Ligue 1
Mendy Arial,4.7,4.69,4.7,4.7,4.7,5.0,4.0,5.0,4.7,4.5,4.7,4.7,4.7,4.7,5.0,4.7,4.7,4.7,4.7,4.7,4.7,5.0,4.7,5.0,4.5,4.7,4.7,4.7,4.7,5.0,4.7,3.0,5.0,6.0,4.0,4.7,4.7,5.0,5.0,4.7,4.6313195,DL,Ligue 1
Desler Mikkel,4.63,5.08,5.0,6.0,5.0,4.0,4.0,4.5,5.5,4.0,3.5,4.63,4.5,5.5,4.0,4.63,4.63,4.63,4.63,4.63,5.0,5.0,4.5,6.0,6.5,6.0,4.63,7.0,3.0,6.5,5.0,5.0,5.0,6.5,5.0,6.0,5.0,5.0,5.0,4.63,4.6056247,DL,Ligue 1
Doumbia Souleyman,4.53,4.45,6.0,4.5,3.5,5.0,4.0,3.5,5.5,6.0,3.5,4.0,4.5,4.53,4.53,4.0,4.5,4.0,5.5,4.5,4.53,3.0,4.53,3.0,4.0,4.5,4.5,4.5,4.53,5.5,5.0,6.0,4.53,3.0,5.0,4.5,5.0,4.53,5.0,4.53,4.6007023,DL,Ligue 1
Jakobs Ismail,4.97,4.94,5.0,5.0,4.5,4.97,3.5,5.0,5.0,4.97,4.97,5.0,5.0,5.0,5.5,5.0,5.0,4.5,5.0,7.0,5.5,5.0,5.0,4.97,4.97,4.97,4.0,4.97,5.0,4.0,4.97,4.5,4.5,4.5,6.0,5.5,5.0,5.0,5.0,4.5,4.5750093,DL,Ligue 1
Sylla Issiaga,4.59,4.85,5.0,6.0,4.59,4.59,5.0,3.5,5.5,3.0,5.0,4.0,5.0,5.0,4.0,4.0,4.0,2.5,6.0,6.0,4.59,4.59,4.59,4.59,4.59,4.59,4.59,4.59,5.0,5.0,6.0,5.5,4.59,5.0,4.5,7.0,5.0,5.0,4.59,4.5,4.543561,DL,Ligue 1
Abdu Conté,4.79,4.57,4.79,4.79,4.79,4.79,4.79,4.79,5.5,4.5,4.79,7.0,3.0,5.0,4.0,6.0,4.0,5.5,4.5,4.0,4.79,4.79,4.79,5.5,2.0,4.0,4.5,6.0,5.5,6.0,5.5,4.0,5.0,5.0,5.0,4.79,4.5,3.5,4.5,4.5,4.5181317,DL,Ligue 1
Fadiga Noah,4.65,4.65,4.5,4.65,4.65,4.65,4.65,4.65,5.5,5.0,4.65,4.0,4.0,5.0,5.0,5.0,4.5,4.0,4.5,5.0,4.65,4.65,4.65,4.65,4.65,4.65,4.65,4.65,4.65,4.65,4.65,4.65,4.65,4.65,4.65,4.65,4.65,4.65,4.65,4.5,4.515664,DL,Ligue 1
Chétti Ilyés,4.5,4.5,4.5,4.5,4.5,4.5,4.5,4.5,4.5,4.5,4.5,4.5,4.5,4.5,4.5,4.5,4.5,4.5,4.5,4.5,4.5,4.5,4.5,4.5,4.5,4.5,4.5,4.5,4.5,4.5,4.5,4.5,4.5,4.5,4.5,4.5,4.5,4.5,4.5,4.5,4.490743,DL,Ligue 1
Mensah Gideon,4.3,4.35,4.3,4.3,4.3,4.3,5.0,4.0,3.0,4.5,4.3,4.3,4.3,4.3,6.0,6.0,2.5,3.5,5.0,3.5,4.3,4.3,4.3,3.5,4.0,5.5,4.5,3.5,5.0,4.0,5.0,6.5,2.5,4.3,4.3,5.0,3.0,4.0,4.3,4.3,4.4102297,DL,Ligue 1
Pereira Brayann,4.0,4.63,3.0,4.0,4.0,4.0,5.0,4.0,4.0,4.0,4.0,4.0,4.0,4.0,4.0,4.0,4.0,4.0,4.0,4.0,4.0,4.0,5.0,4.0,4.0,4.0,4.0,4.0,5.5,4.0,4.0,4.0,4.0,4.0,4.0,4.0,4.0,4.0,4.0,4.0,4.306343,DL,Ligue 1
Valery Yan,4.45,4.47,4.45,4.45,4.45,4.45,4.45,4.0,5.0,4.5,3.5,3.5,4.0,4.5,5.0,4.45,5.0,5.5,4.5,4.45,5.5,4.45,4.45,4.45,4.45,4.45,4.45,4.45,4.0,4.45,4.5,4.45,4.0,5.5,4.45,4.45,4.45,4.45,4.45,4.45,4.2145276,DL,Ligue 1
Sabanovic Halid,4.13,4.13,5.0,4.0,3.0,4.13,4.5,4.13,4.13,4.13,4.13,4.13,4.13,4.13,4.13,4.13,4.13,4.13,4.13,4.13,4.13,4.13,4.13,4.13,4.13,4.13,4.13,4.13,4.13,4.13,4.13,4.13,4.13,4.13,4.13,4.13,4.13,4.13,4.13,4.13,4.1241684,DL,Ligue 1
Le Goff Vincent,4.97,4.9,5.5,5.0,4.5,5.5,3.0,6.0,5.0,5.5,5.5,5.0,6.0,5.0,4.5,5.0,5.0,4.0,5.5,5.0,4.97,5.0,4.97,4.97,5.5,5.5,6.0,3.0,6.5,5.0,3.0,4.5,5.0,5.0,4.0,4.0,4.0,6.5,5.0,4.0,4.0438566,DL,Ligue 1
Larouci Yasser,4.63,4.85,4.0,3.0,4.0,5.0,6.0,5.0,5.0,4.63,4.5,4.63,5.0,5.0,5.0,5.0,5.0,4.63,4.5,4.5,4.63,4.63,4.63,4.63,4.63,5.0,4.63,4.63,6.5,4.5,4.63,5.0,5.0,5.0,4.63,6.0,5.0,5.0,5.0,3.5,3.9237776,DL,Ligue 1
Baldé Thierno,4.87,5.02,4.87,5.0,5.0,6.0,6.0,5.0,5.0,4.87,4.5,4.87,5.0,4.5,4.0,5.5,4.87,5.0,5.0,4.5,5.0,5.0,5.0,5.0,4.0,4.87,6.5,5.5,6.0,4.87,3.5,4.87,5.0,6.0,7.0,5.0,4.87,5.0,4.0,3.0,3.4337342,DL,Ligue 1
Youssouf Mohamed,4.53,4.83,4.53,4.53,4.53,4.5,3.0,5.0,5.0,4.53,4.5,5.0,4.5,4.5,4.5,4.5,5.0,6.0,4.0,5.0,4.53,4.53,4.53,4.53,5.0,5.0,5.0,5.0,4.53,5.0,5.0,6.0,5.0,6.0,5.0,5.0,5.0,5.0,5.0,3.0,3.351052,DL,Ligue 1
Diallo Ismaël,4.44,4.54,5.0,5.0,4.5,3.0,4.44,4.5,4.5,5.5,3.0,5.0,4.44,4.5,4.44,5.5,4.0,5.5,4.0,4.5,5.0,5.0,4.5,4.5,5.5,5.0,4.5,4.44,5.0,4.5,4.44,4.44,4.44,4.44,3.5,4.44,4.44,4.44,4.44,3.0,3.3210452,DL,Ligue 1
