Joueur,Note,Note 1 an,j1,j2,j3,j4,j5,j6,j7,j8,j9,j10,j11,j12,j13,j14,j15,j16,j17,j18,j20,j21,j22,j23,j24,j25,j26,j27,j28,j29,j30,j31,j32,j33,j34,j35,j36,j37,j38,j19,prediction_label,Poste,Championnat,Terrain
Di Lorenzo Giovanni,5.53,5.5,6.0,6.0,5.5,5.0,6.0,5.5,5.0,5.0,6.5,5.0,5.5,5.5,5.5,5.5,4.0,4.0,6.0,6.0,4.5,6.5,5.53,4.5,5.5,5.0,5.0,4.0,5.0,7.0,6.0,5.53,5.53,5.53,5.53,6.0,5.0,7.0,5.53,7.5,7.072269,DL,Serie A,D
Doig Josh,5.35,5.35,5.35,5.35,5.0,6.5,7.0,4.5,5.35,6.0,4.5,5.35,5.35,5.35,4.0,4.0,5.0,5.0,6.0,5.0,5.35,5.35,5.35,5.35,5.35,5.35,5.35,5.35,5.35,5.35,5.35,5.35,5.35,5.35,5.35,5.35,5.35,5.35,5.35,7.0,6.6188135,DL,Serie A,D
João Moutinho,5.17,5.27,5.17,5.17,5.0,5.5,6.0,5.5,5.17,5.0,4.0,5.0,5.0,5.0,4.0,5.5,4.5,4.5,6.0,5.0,6.0,5.5,5.5,8.0,5.17,5.17,5.5,5.17,4.0,7.0,4.5,6.0,5.0,3.5,5.0,4.5,4.0,5.5,5.0,6.0,6.5399084,DL,Serie A,D
João Moutinho,5.17,5.27,5.17,5.17,5.0,5.5,6.0,5.5,5.17,5.0,4.0,5.0,5.0,5.0,4.0,5.5,4.5,4.5,6.0,5.0,6.0,5.5,5.5,8.0,5.17,5.17,5.5,5.17,4.0,7.0,4.5,6.0,5.0,3.5,5.0,4.5,4.0,5.5,5.0,5.0,6.5399084,DL,Serie A,D
Depaoli Fabio,4.79,4.85,5.0,5.5,3.5,4.79,5.0,4.5,3.0,4.0,6.0,4.5,5.0,4.0,5.0,4.79,4.0,5.0,6.0,4.5,5.0,5.0,4.5,5.0,3.0,7.0,4.79,4.79,5.0,4.5,4.79,5.0,5.0,5.0,5.0,5.0,5.0,4.5,5.0,7.0,6.4538007,DL,Serie A,D
Smalling Chris,5.55,5.47,6.0,7.5,6.0,5.5,3.0,5.0,5.5,7.0,6.5,6.0,5.0,5.0,4.5,5.0,5.5,6.5,4.5,5.5,4.5,3.5,5.55,5.0,7.0,4.5,5.55,5.5,5.5,5.5,6.0,6.0,7.0,6.0,3.5,5.55,4.5,6.5,5.55,6.0,6.217335,DC,Serie A,D
Ehizibue Kingsley,5.0,5.0,5.0,5.0,5.0,5.0,5.0,5.0,5.5,5.0,5.0,4.5,5.5,5.0,5.0,4.5,4.0,5.0,4.5,5.0,5.0,5.0,5.0,5.0,5.0,5.0,5.0,5.0,5.0,5.0,5.0,5.0,5.0,5.0,5.0,5.0,5.0,5.0,5.0,6.5,6.1132364,DL,Serie A,D
Rodrigo Becão,5.38,5.16,5.0,5.5,6.0,5.5,6.0,5.5,5.5,5.5,5.38,4.5,5.38,5.38,5.38,5.38,5.38,5.5,5.0,4.5,5.5,2.5,5.38,5.5,6.0,3.5,4.5,5.5,4.0,4.5,4.0,7.0,7.5,6.0,4.0,4.5,4.5,5.38,6.0,6.0,6.0562716,DC,Serie A,D
Zima David,5.11,4.95,5.11,5.11,5.11,5.11,5.11,4.5,5.0,5.11,5.11,5.0,4.0,5.0,5.11,6.5,5.0,5.11,5.0,5.11,3.0,5.0,5.5,5.5,3.5,5.0,5.11,5.11,5.11,5.11,5.11,5.11,4.5,5.0,5.0,5.11,5.11,6.0,5.0,6.0,6.053287,DC,Serie A,D
Mancini Gianluca,5.21,5.06,6.0,6.0,5.0,5.0,3.5,5.5,4.5,5.5,5.0,6.0,4.0,5.0,4.5,6.0,5.5,5.5,4.5,6.0,3.0,5.21,6.0,5.0,5.5,3.5,5.21,4.5,6.0,5.0,5.0,5.0,5.21,6.0,3.0,6.0,4.0,5.21,5.5,6.0,6.030159,DC,Serie A,D
Danilo,6.0,6.0,6.0,6.0,6.0,6.0,6.0,6.0,6.0,6.0,6.0,6.0,6.0,6.0,6.0,6.0,6.0,6.0,6.0,6.0,6.0,6.0,6.0,6.0,6.0,6.0,6.0,6.0,6.0,6.0,6.0,6.0,6.0,6.0,6.0,6.0,6.0,6.0,6.0,6.0,6.029889,DL,Serie A,D
Danilo,6.0,6.0,6.0,6.0,6.0,6.0,6.0,6.0,6.0,6.0,6.0,6.0,6.0,6.0,6.0,6.0,6.0,6.0,6.0,6.0,6.0,6.0,6.0,6.0,6.0,6.0,6.0,6.0,6.0,6.0,6.0,6.0,6.0,6.0,6.0,6.0,6.0,6.0,6.0,6.0,6.029889,DL,Serie A,D
Ibañez,5.5,5.15,5.5,6.5,6.0,7.0,3.0,6.5,5.5,5.0,5.5,5.5,5.0,6.0,4.0,5.5,5.5,6.0,5.5,5.5,3.0,2.5,5.5,5.0,6.5,5.5,5.5,5.5,4.5,5.5,5.5,5.5,4.5,4.0,3.5,6.0,4.5,5.0,5.5,5.5,6.0046782,DC,Serie A,D
Pérez Nehuén,5.09,4.83,4.0,3.5,5.09,5.09,6.5,5.5,5.5,5.5,7.0,5.5,4.5,5.0,5.0,4.5,3.0,6.0,5.0,4.5,5.09,2.0,4.0,4.5,5.09,5.09,6.0,4.5,5.5,5.5,5.09,5.09,5.0,6.0,3.5,4.0,5.0,3.5,6.0,6.0,5.999163,DC,Serie A,D
Juan Jesus,6.0,5.67,6.0,6.0,6.0,6.0,6.0,6.0,6.0,6.0,6.0,6.5,6.0,6.0,6.0,6.0,5.5,6.0,6.0,6.0,5.5,6.0,6.0,7.0,5.5,5.0,5.0,5.0,6.0,6.0,6.0,5.5,6.0,5.0,4.5,6.0,6.0,6.0,6.0,6.0,5.9668617,DC,Serie A,D
Martínez Lucas,5.5,5.07,4.5,6.0,5.5,5.5,5.5,6.0,7.5,6.0,3.5,5.0,4.0,6.0,5.5,5.5,5.5,6.5,5.5,5.5,3.0,3.0,5.5,5.5,5.5,5.5,5.5,4.0,5.5,5.5,5.0,5.5,5.0,5.5,5.5,4.0,5.5,5.5,5.5,5.5,5.915845,DC,Serie A,D
Danilo,5.42,5.45,5.5,5.0,5.5,5.0,5.0,5.0,4.5,5.0,4.0,7.0,7.0,6.0,5.5,5.5,5.5,6.0,7.0,3.0,5.42,5.42,5.42,5.42,6.0,6.5,5.42,4.5,5.5,5.0,6.0,5.0,5.0,5.5,5.5,6.0,5.42,5.42,5.42,6.0,5.9097176,DL,Serie A,D
Danilo,5.42,5.45,5.5,5.0,5.5,5.0,5.0,5.0,4.5,5.0,4.0,7.0,7.0,6.0,5.5,5.5,5.5,6.0,7.0,3.0,5.42,5.42,5.42,5.42,6.0,6.5,5.42,4.5,5.5,5.0,6.0,5.0,5.0,5.5,5.5,6.0,5.42,5.42,5.42,6.0,5.9097176,DL,Serie A,D
Bijol Jaka,5.43,5.43,5.43,5.0,5.43,6.5,5.0,5.43,7.0,7.5,4.5,5.5,5.0,5.5,5.0,5.5,3.5,5.43,5.5,4.5,5.43,5.43,5.43,5.43,5.43,5.43,5.43,5.43,5.43,5.43,5.43,5.43,5.43,5.43,5.43,5.43,5.43,5.43,5.43,6.0,5.8993883,DC,Serie A,D
Mário Rui,5.7,5.47,6.0,6.0,5.0,5.7,6.0,5.0,5.5,6.5,6.0,4.5,5.7,7.0,5.7,6.0,4.5,5.7,6.5,5.0,5.7,5.7,5.7,5.5,5.0,4.5,5.5,4.5,4.5,5.0,6.5,6.5,4.5,5.0,3.5,7.0,6.0,5.0,5.7,6.0,5.839806,DL,Serie A,D
Milenkovic Nikola,5.36,5.08,6.0,5.5,5.5,5.36,5.0,5.36,5.36,5.36,4.5,5.0,4.5,7.0,7.0,6.0,3.0,5.36,5.5,5.0,3.0,3.0,6.0,6.0,3.0,5.0,6.0,5.36,4.5,6.5,5.0,6.0,4.5,5.0,3.5,5.5,6.0,3.0,6.0,5.5,5.8283825,DC,Serie A,D
Kim Min-Jae,5.69,5.69,5.5,7.5,5.5,5.5,6.0,5.69,5.5,6.0,6.0,4.5,5.5,7.0,6.0,5.5,3.5,4.5,5.5,7.0,5.69,5.69,5.69,5.69,5.69,5.69,5.69,5.69,5.69,5.69,5.69,5.69,5.69,5.69,5.69,5.69,5.69,5.69,5.69,6.0,5.8192,DC,Serie A,D
Rodríguez Ricardo,5.21,5.13,5.0,5.5,5.5,4.0,6.0,5.0,5.21,4.0,5.0,5.0,5.21,5.0,5.0,6.0,5.5,5.5,5.5,5.5,3.0,5.5,6.0,5.5,4.5,4.5,4.5,4.0,5.0,5.0,5.0,5.0,6.0,7.0,5.5,6.0,4.5,6.0,3.5,5.5,5.8189673,DL,Serie A,D
Ismajli Ardian,5.54,5.06,6.0,6.0,5.5,6.5,4.5,4.5,6.0,5.54,5.54,5.54,5.54,5.0,6.0,5.0,7.0,5.0,5.0,5.5,4.5,3.0,6.0,3.5,5.54,5.0,5.54,4.0,5.54,5.54,5.54,5.0,5.5,3.0,5.54,5.54,4.5,5.54,5.54,5.54,5.8098135,DC,Serie A,D
Magnani Giangiacomo,4.86,4.9,4.86,4.86,4.86,4.86,4.86,4.86,4.86,4.86,4.86,4.5,5.0,4.5,4.0,4.86,4.86,4.86,5.0,5.0,4.86,4.86,4.86,4.5,4.86,5.5,4.86,4.86,4.86,4.86,4.86,4.86,4.86,4.86,4.86,4.86,4.86,4.86,5.0,6.0,5.783836,DC,Serie A,D
Dimarco Federico,5.69,5.63,6.0,6.5,4.5,6.0,6.0,6.0,5.0,5.0,5.0,6.0,5.0,6.0,5.0,8.0,5.5,7.0,5.0,5.0,6.0,5.0,5.69,5.0,4.5,6.0,3.5,5.0,5.69,6.0,5.0,5.69,7.0,5.69,6.0,7.0,6.0,5.69,5.5,5.69,5.738803,DL,Serie A,D
Patric,5.65,5.33,6.0,6.0,5.5,5.0,4.5,5.5,7.5,5.5,6.0,5.65,5.65,5.65,5.65,5.65,5.65,5.65,5.65,5.0,4.5,5.65,5.5,6.0,6.0,5.0,4.5,4.0,5.65,5.65,5.65,5.5,5.0,5.0,5.0,3.5,7.0,5.0,5.65,5.65,5.6993484,DC,Serie A,D
Ferrari Gian Marco,4.67,4.69,3.0,5.5,4.5,6.0,5.0,4.0,6.0,7.0,4.0,4.0,4.67,3.0,5.0,5.0,3.0,3.5,5.0,4.5,5.5,6.0,3.5,4.5,3.5,5.0,4.67,5.5,4.67,4.5,5.5,5.0,5.0,6.0,4.67,2.0,5.5,6.0,2.5,6.0,5.698533,DC,Serie A,D
Buongiorno Alessandro,4.83,4.94,4.83,5.5,5.0,4.5,5.5,4.5,3.5,3.0,4.83,4.83,5.5,4.0,4.0,6.0,5.5,4.83,4.5,5.5,4.83,4.83,4.83,4.83,5.0,4.83,5.0,4.83,4.83,6.0,5.0,5.0,5.0,5.0,5.5,6.0,4.83,4.83,3.5,6.0,5.6564937,DC,Serie A,D
Ballo-Touré Fodé,5.67,5.5,5.67,5.67,5.0,5.67,5.67,5.67,5.67,6.0,5.67,5.67,5.67,5.67,5.67,6.0,5.67,5.67,5.67,5.67,5.67,5.67,5.67,5.67,5.67,5.67,5.67,5.67,5.67,5.67,5.67,5.67,5.67,5.0,5.67,5.67,5.67,5.67,5.67,5.67,5.6296883,DL,Serie A,D
Gatti Federico,5.6,5.6,5.6,5.6,5.6,6.0,5.6,5.6,4.0,5.6,5.6,5.6,5.6,6.0,5.6,5.6,6.0,6.0,5.6,5.6,5.6,5.6,5.6,5.6,5.6,5.6,5.6,5.6,5.6,5.6,5.6,5.6,5.6,5.6,5.6,5.6,5.6,5.6,5.6,5.6,5.588015,DC,Serie A,D
Rugani Daniele,5.5,5.25,5.5,4.5,5.5,5.5,5.5,5.5,5.5,5.5,5.5,5.5,6.0,5.5,5.5,5.5,5.5,5.5,6.0,5.5,5.5,4.0,6.0,6.0,5.5,5.5,5.5,5.5,5.5,5.5,5.0,5.5,5.5,5.5,4.5,5.5,4.5,5.5,5.0,5.5,5.5772023,DC,Serie A,D
Vojvoda Mërgim,5.15,5.18,5.15,5.15,6.0,5.0,6.5,5.0,5.15,5.15,5.0,5.15,5.0,5.15,4.5,7.0,4.5,4.0,4.5,4.0,5.15,7.0,7.0,5.5,4.5,4.5,5.0,3.0,5.0,5.0,4.5,6.5,5.0,5.0,5.0,5.0,5.0,6.0,5.15,6.0,5.5707026,DL,Serie A,D
Izzo Armando,5.67,5.37,5.67,5.67,5.67,5.67,5.5,5.0,6.5,6.0,6.0,5.67,5.67,5.67,6.0,5.0,7.0,5.0,5.0,5.5,5.67,5.67,5.67,5.67,5.67,5.67,5.67,5.67,5.67,4.5,5.0,5.5,5.5,5.0,5.67,5.67,3.5,5.0,5.67,5.5,5.5608025,DC,Serie A,D
Tomori Fikayo,5.39,5.55,5.0,5.5,5.5,5.0,5.5,5.0,4.5,6.0,7.5,5.0,6.0,4.0,6.0,6.0,5.5,5.5,4.5,5.0,5.39,5.39,5.39,5.39,5.39,6.0,4.5,4.5,6.0,6.0,6.0,6.5,6.0,6.0,5.5,6.0,5.5,6.0,6.0,5.39,5.5439386,DC,Serie A,D
Thiaw Malick,5.5,5.5,5.5,5.5,5.5,5.5,5.5,5.5,5.5,5.5,5.5,6.0,5.5,5.5,5.0,6.0,5.0,5.5,5.5,5.5,5.5,5.5,5.5,5.5,5.5,5.5,5.5,5.5,5.5,5.5,5.5,5.5,5.5,5.5,5.5,5.5,5.5,5.5,5.5,5.5,5.52828,DC,Serie A,D
Ceccherini Federico,4.85,4.62,4.85,4.85,4.0,4.5,4.85,5.0,4.85,4.0,4.5,4.85,6.0,5.0,4.85,5.0,4.0,4.5,6.0,5.0,5.0,4.0,4.0,4.5,4.0,5.0,4.85,4.85,5.0,3.5,4.85,5.5,4.5,6.0,5.0,4.5,3.0,4.0,3.5,5.5,5.5090356,DC,Serie A,D
Medel Gary,5.44,5.18,4.5,5.5,4.0,4.5,6.0,6.0,5.5,5.0,5.0,5.5,6.5,5.5,6.0,5.0,7.0,5.5,5.5,5.44,5.0,5.44,5.44,4.5,6.0,4.0,5.44,5.0,5.0,4.5,5.5,6.0,5.5,5.5,5.44,4.5,3.5,3.5,5.44,5.44,5.4960403,DC,Serie A,D
Ebuehi Tyronne,5.67,5.3,5.67,5.67,5.0,5.67,5.67,5.67,5.67,5.67,6.5,5.5,5.67,4.5,6.0,5.67,6.0,5.0,5.5,7.0,5.67,5.67,5.67,5.67,5.0,5.67,5.0,5.67,5.67,5.67,4.0,5.0,4.5,5.67,5.67,5.67,5.67,5.0,5.67,5.67,5.4875617,DL,Serie A,D
Rrahmani Amir,5.67,5.52,5.0,6.0,6.0,5.67,5.0,6.0,5.0,6.0,5.5,5.67,5.67,5.67,5.67,5.67,5.67,5.5,5.5,7.0,5.5,6.0,5.67,7.5,6.0,5.0,5.0,5.5,4.5,5.5,5.5,5.67,4.5,5.0,3.5,7.0,4.5,6.0,5.67,5.5,5.4831953,DC,Serie A,D
Casale Nicolò,5.23,5.02,5.23,5.23,5.23,5.23,5.23,6.0,5.5,5.23,5.23,5.0,6.0,3.0,6.0,6.0,4.0,6.0,4.5,5.5,5.0,4.5,4.5,5.0,3.5,6.5,5.23,5.23,5.0,4.5,4.5,6.0,4.5,5.5,6.0,5.5,3.5,4.5,4.5,5.23,5.4670243,DL,Serie A,D
Bonucci Leonardo,5.5,5.31,7.0,5.5,5.5,5.5,5.0,6.0,5.5,6.0,3.5,5.5,6.0,5.0,5.5,5.5,5.5,5.5,5.5,5.5,5.5,5.5,5.5,5.5,5.5,5.0,5.5,5.0,5.5,5.5,5.5,5.5,5.0,5.5,5.0,8.0,4.5,3.5,4.5,5.5,5.4663854,DC,Serie A,D
Biraghi Cristiano,5.06,5.08,5.5,5.5,5.0,5.06,5.0,4.5,6.5,5.0,4.0,5.0,3.5,6.0,6.0,5.0,5.0,5.0,5.0,4.5,3.5,3.0,8.5,4.0,4.0,6.0,5.0,5.0,6.0,5.5,5.0,7.0,5.0,5.5,4.5,4.5,5.0,4.0,6.0,5.0,5.458299,DL,Serie A,D
Cuadrado Juan,5.67,5.69,5.5,4.5,6.0,5.5,4.5,5.5,5.67,6.0,5.5,5.0,8.0,6.5,6.0,5.5,6.0,5.67,5.67,5.67,5.5,5.0,6.0,5.5,5.5,5.5,6.0,7.0,7.0,5.0,7.0,5.5,6.0,6.0,5.67,5.67,4.5,4.5,5.67,5.0,5.450261,DL,Serie A,D
Djidji Koffi,4.85,4.86,5.5,5.5,5.0,4.0,5.5,4.5,5.5,3.5,5.0,4.0,4.85,6.5,4.5,4.85,4.0,5.0,5.0,3.5,5.0,5.5,4.85,4.85,4.85,3.5,5.0,4.0,5.0,5.0,4.85,4.85,4.85,4.85,4.5,5.0,5.5,5.5,4.85,6.0,5.4498105,DC,Serie A,D
Karsdorp Rick,5.11,4.98,6.0,5.5,5.0,5.11,4.0,5.11,5.11,5.11,5.11,5.0,4.5,6.5,4.5,5.0,5.11,5.11,5.11,5.11,3.5,5.11,5.0,5.0,5.0,4.0,5.11,5.5,6.0,4.5,7.0,6.0,5.0,5.0,3.5,5.0,3.5,5.0,5.0,5.11,5.392653,DC,Serie A,D
Çelik Zeki,5.07,5.03,5.07,5.0,5.0,6.5,3.5,4.5,5.0,5.0,5.07,5.07,5.07,5.07,5.5,5.0,5.0,5.0,4.5,6.0,5.07,5.0,3.5,2.0,5.0,5.07,6.0,7.0,6.0,5.07,5.0,5.5,4.5,4.0,7.0,5.0,3.0,6.0,5.5,5.5,5.3746085,DL,Serie A,D
Romagnoli Alessio,5.29,5.33,6.0,5.5,5.5,6.0,3.5,5.29,5.0,7.5,6.0,4.5,6.0,4.0,6.0,6.0,4.0,4.0,4.5,6.0,5.29,5.29,5.29,6.0,5.0,5.5,5.0,6.0,5.29,5.29,5.29,5.29,5.29,5.29,5.29,5.29,5.29,5.29,5.0,5.29,5.3728714,DC,Serie A,D
Rogerio,4.78,4.78,4.0,5.0,5.0,5.5,5.0,4.0,6.5,5.5,5.5,4.5,4.78,3.5,5.0,5.0,4.0,3.0,5.0,4.5,5.0,5.5,3.5,4.0,4.78,4.78,4.78,4.78,4.78,4.78,4.78,5.0,5.5,5.0,4.78,3.0,4.78,6.5,4.78,5.5,5.368816,DL,Serie A,D
Darmian Matteo,5.27,5.13,6.5,5.27,4.5,6.0,4.5,5.5,4.5,5.27,5.0,5.0,6.0,5.27,4.5,5.27,5.27,5.0,6.0,5.5,5.0,5.0,5.0,4.5,5.0,5.27,4.0,5.27,5.5,5.0,5.27,5.0,5.27,4.5,5.27,5.0,5.0,6.5,5.27,5.27,5.364741,DL,Serie A,D
Tolói Rafael,5.61,5.24,6.0,4.5,6.0,5.5,6.5,6.5,6.5,5.5,5.61,5.61,5.61,7.0,4.5,5.61,5.61,5.0,5.5,4.5,3.5,6.0,5.61,4.5,5.61,4.5,4.0,5.61,5.61,5.0,5.61,5.61,4.0,5.61,5.61,5.61,5.61,5.61,5.61,5.0,5.355975,DC,Serie A,D
Pongracic Marin,5.33,5.33,5.33,5.33,5.0,5.33,5.33,5.0,6.0,5.5,5.33,6.0,5.0,4.5,5.33,5.0,6.0,5.33,5.33,5.33,5.33,5.33,5.33,5.33,5.33,5.33,5.33,5.33,5.33,5.33,5.33,5.33,5.33,5.33,5.33,5.33,5.33,5.33,5.33,5.33,5.3379326,DC,Serie A,D
Erlic Martin,5.04,4.88,5.04,6.0,5.5,5.5,6.0,5.04,5.04,6.0,4.0,4.5,5.0,3.0,4.5,5.04,5.04,5.04,5.04,5.0,5.5,5.04,5.5,5.0,5.04,5.0,4.0,6.0,5.0,7.0,3.5,6.0,5.5,3.5,3.0,5.04,3.5,4.5,3.5,5.5,5.3240075,DC,Serie A,D
Masina Adam,5.13,4.7,4.0,5.5,5.5,5.5,5.13,5.13,5.13,5.13,5.13,5.13,5.13,5.13,5.13,5.13,5.13,5.13,5.13,5.13,3.0,4.5,5.13,5.13,5.13,5.13,5.13,5.13,5.13,5.13,5.0,5.13,5.13,5.13,5.13,5.13,5.0,3.0,6.0,5.13,5.31178,DL,Serie A,D
Marusic Adam,5.19,5.11,6.0,5.0,5.0,5.5,4.0,6.0,6.0,5.0,6.5,5.0,6.5,4.0,5.5,5.0,3.0,5.0,4.5,6.0,4.0,5.0,5.0,5.0,6.0,5.0,5.0,4.5,6.0,5.19,3.5,5.0,7.0,5.5,4.5,4.5,6.0,4.5,4.5,5.19,5.286722,DL,Serie A,D
Posch Stefan,5.41,5.41,5.41,5.41,5.41,5.41,5.41,6.5,5.0,5.41,5.41,4.0,6.0,7.5,7.0,3.0,6.0,5.0,3.5,6.0,5.41,5.41,5.41,5.41,5.41,5.41,5.41,5.41,5.41,5.41,5.41,5.41,5.41,5.41,5.41,5.41,5.41,5.41,5.41,5.41,5.285152,DC,Serie A,D
Hernández Theo,5.5,5.71,6.5,6.0,6.0,6.0,5.0,6.0,6.0,5.5,5.5,5.0,6.0,4.5,7.0,5.5,5.0,5.0,5.0,3.5,6.0,8.5,3.5,5.5,5.5,5.5,6.0,5.0,6.5,5.5,6.5,6.0,5.0,5.5,6.5,6.0,4.5,7.5,6.5,5.5,5.2647943,DL,Serie A,D
De Sciglio Mattia,5.13,5.24,5.0,5.0,4.5,6.0,5.5,5.0,5.0,5.0,5.13,5.13,5.13,5.13,5.13,5.13,5.13,5.13,5.13,5.13,5.0,6.0,6.5,5.0,5.0,5.0,5.0,5.13,5.13,4.5,7.0,5.0,5.13,5.0,5.5,5.13,4.5,5.13,5.13,5.13,5.2590694,DL,Serie A,D
Hien Isak,4.44,4.44,4.44,4.44,4.5,5.5,4.5,3.5,4.5,3.5,3.5,4.5,3.0,4.0,4.44,4.5,4.0,5.0,6.0,5.0,4.44,4.44,4.44,4.44,4.44,4.44,4.44,4.44,4.44,4.44,4.44,4.44,4.44,4.44,4.44,4.44,4.44,4.44,4.44,5.5,5.240988,DC,Serie A,D
Kjaer Simon,5.19,5.19,5.19,5.19,5.19,5.0,5.0,5.5,4.5,5.5,5.19,5.19,5.5,5.19,5.19,5.5,5.19,5.19,5.19,5.0,5.19,5.19,5.19,5.19,5.19,5.19,5.19,5.19,5.19,5.19,5.19,5.19,5.19,5.19,5.19,5.19,5.19,5.19,5.19,5.19,5.2320704,DC,Serie A,D
Parisi Fabiano,5.15,4.97,4.5,5.0,6.5,7.0,5.0,5.0,6.0,4.0,4.5,5.5,3.0,5.15,5.0,4.0,7.0,5.5,4.5,5.5,4.5,5.15,5.15,5.15,5.0,6.0,4.0,5.0,5.0,5.5,4.5,5.15,4.5,4.5,4.0,5.0,3.0,6.0,5.0,5.15,5.2272735,DL,Serie A,D
Aina Ola,5.05,5.17,5.0,5.5,5.0,3.5,5.0,5.05,5.0,5.0,5.0,4.5,7.0,5.05,5.05,5.05,5.05,5.05,5.05,5.05,4.0,5.05,5.05,5.05,5.05,5.05,5.05,5.05,5.05,5.05,5.05,5.05,5.0,5.5,5.05,5.05,5.05,7.0,5.5,5.05,5.220229,DL,Serie A,D
Nuytinck Bram,5.1,4.97,4.0,6.0,5.0,5.0,5.1,5.1,5.1,5.1,5.1,5.1,5.1,5.1,5.0,5.5,5.1,5.0,6.0,4.5,5.5,2.0,4.5,5.0,5.1,5.1,5.1,5.1,5.1,5.1,5.1,5.5,5.1,5.0,5.1,5.1,6.0,4.0,6.0,5.0,5.204946,DC,Serie A,D
Gosens Robin,5.07,5.14,5.0,5.0,4.5,5.0,5.0,5.0,5.07,5.0,5.07,5.0,5.0,5.07,5.0,6.5,5.0,5.0,5.0,5.0,5.07,5.07,5.07,5.07,5.07,5.07,5.07,5.07,6.5,5.0,5.0,5.0,5.5,5.07,5.0,5.07,5.07,5.07,5.0,5.07,5.1973844,DL,Serie A,D
Djimsiti Berat,4.93,5.0,5.5,4.5,4.93,4.93,4.93,4.93,4.93,4.93,4.93,4.93,4.5,5.5,4.93,4.0,4.93,4.93,5.5,4.93,4.5,4.0,5.0,5.5,4.93,5.0,4.0,4.93,5.0,5.5,6.0,5.0,4.93,5.5,5.5,4.5,6.0,4.0,5.5,5.0,5.168924,DC,Serie A,D
Dumfries Denzel,5.06,5.1,6.5,6.0,6.0,6.0,3.0,5.0,3.5,3.5,6.5,6.0,4.5,5.5,4.5,5.0,5.5,5.0,4.0,5.06,4.0,5.5,5.0,6.0,3.0,5.0,5.0,5.0,6.5,5.06,6.0,6.0,5.0,5.0,6.0,5.06,4.5,5.0,5.0,5.06,5.164207,DL,Serie A,D
Walukiewicz Sebastian,5.17,5.1,5.17,5.17,5.17,5.17,5.17,5.17,5.17,5.17,4.5,5.17,5.17,5.0,5.17,5.17,6.0,5.17,5.17,5.17,5.17,5.17,5.17,5.17,5.17,5.17,5.17,5.17,5.17,5.17,5.17,5.0,5.17,5.17,5.0,5.17,5.17,5.17,5.17,5.17,5.154997,DC,Serie A,D
Ranieri Luca,5.5,4.64,5.5,5.5,5.5,5.5,5.5,5.5,5.5,5.5,5.5,5.5,5.5,5.5,5.5,5.5,5.5,5.5,5.5,5.5,5.5,5.5,3.5,5.5,5.5,5.0,4.5,4.0,3.0,5.0,5.5,5.5,5.5,5.0,5.0,5.5,5.5,5.5,5.5,5.5,5.154991,DL,Serie A,D
de Vrij Stefan,5.17,5.16,6.0,6.0,3.5,6.0,3.5,5.5,4.0,5.17,5.17,6.0,5.0,7.5,4.5,5.17,4.5,5.17,5.17,5.17,4.0,6.0,5.0,5.5,4.0,4.0,4.0,5.5,6.0,5.17,5.17,5.17,5.0,5.0,5.0,6.0,5.5,6.0,6.0,5.17,5.1465116,DC,Serie A,D
Palomino José Luis,5.2,5.1,5.2,5.2,5.2,5.2,5.2,5.2,5.2,5.2,5.2,5.2,5.2,5.2,5.2,5.2,5.0,5.5,6.0,4.5,4.5,4.5,5.0,5.0,5.2,5.2,5.2,5.2,4.5,6.5,5.5,4.0,5.0,5.5,5.0,5.5,5.0,4.0,6.5,5.0,5.1439347,DC,Serie A,D
Gila Mario,5.13,5.08,5.13,5.13,5.13,5.0,5.13,5.13,5.0,5.5,5.13,5.13,5.13,5.13,5.13,5.13,5.0,5.13,5.13,5.13,5.13,5.13,5.13,5.13,5.13,5.13,5.13,5.13,5.13,5.13,5.13,5.13,5.13,5.13,5.0,5.13,5.0,5.13,5.13,5.13,5.141044,DC,Serie A,D
Stojanovic Petar,4.77,4.55,5.5,4.5,4.5,6.0,4.0,5.5,5.5,4.0,5.0,5.5,3.0,4.77,4.77,4.5,4.77,4.5,4.5,5.0,3.0,3.0,4.5,4.77,5.5,5.5,4.0,3.0,4.0,5.0,4.77,4.5,4.5,4.0,5.0,3.0,4.77,4.5,6.5,4.77,5.1369667,DL,Serie A,D
Destiny Udogie Iyenoma,5.23,5.24,5.23,5.0,6.5,5.0,7.5,5.0,5.5,5.0,3.5,5.0,5.0,5.0,5.23,5.23,5.23,5.5,5.0,4.5,8.0,3.5,5.0,5.0,5.0,4.0,5.23,7.0,7.0,5.0,4.5,4.5,5.0,6.0,5.5,5.0,4.5,3.5,8.0,5.5,5.1357427,DL,Serie A,D
Kumbulla Marash,5.25,5.23,5.25,5.25,5.0,5.0,5.25,5.25,5.25,5.25,5.0,5.25,5.25,5.25,5.25,5.25,5.25,5.25,5.25,6.0,5.25,5.25,6.0,5.25,5.25,4.0,5.25,6.0,5.5,5.25,5.25,4.5,4.0,5.25,5.25,6.0,5.25,4.0,7.0,5.25,5.131172,DC,Serie A,D
Calabria Davide,5.15,5.17,6.0,6.0,5.0,5.15,4.5,5.5,4.5,5.0,5.15,5.15,5.15,5.15,5.15,5.15,5.15,5.0,5.0,5.0,5.15,5.15,5.0,5.0,5.5,5.0,4.5,4.5,6.0,5.0,5.5,4.5,5.0,5.15,4.5,6.0,6.0,5.0,6.0,5.15,5.1242256,DL,Serie A,D
Kyriakopoulos Giorgos,5.14,5.24,5.0,4.5,7.0,5.0,5.0,4.5,5.14,5.14,5.14,6.0,5.5,5.14,4.5,4.5,5.0,5.14,5.14,5.14,5.5,6.5,6.0,5.0,4.0,5.0,7.0,5.0,5.14,5.5,6.5,4.5,7.0,4.5,4.5,5.14,5.5,5.14,3.0,5.14,5.1064024,DL,Serie A,D
Maehle Joakim,4.79,4.9,5.0,5.0,5.0,4.79,5.0,5.0,5.0,5.0,3.5,5.0,5.0,5.5,4.0,4.5,4.0,4.5,4.79,5.0,4.79,7.5,4.79,5.5,4.79,5.0,4.79,4.79,4.79,3.5,5.0,5.0,4.79,4.79,4.79,5.0,4.5,4.79,5.0,5.5,5.098724,DL,Serie A,D
Viña Matías,5.0,4.88,5.0,5.0,5.0,5.0,5.0,5.0,5.0,5.0,5.0,5.0,5.0,5.0,5.0,5.0,5.0,5.0,5.0,5.0,4.5,4.0,5.5,5.0,5.0,5.0,5.0,5.0,5.0,5.0,4.5,5.0,5.0,5.0,5.0,5.0,5.0,5.0,5.0,5.0,5.088995,DL,Serie A,D
Bastoni Simone,5.23,5.36,7.5,3.5,6.0,3.5,6.0,5.0,5.5,3.5,4.5,5.23,5.23,5.23,5.23,5.5,6.5,5.5,5.5,5.23,6.0,5.23,6.0,5.23,5.23,5.23,5.0,5.5,5.0,7.0,4.0,6.5,6.0,5.0,5.23,5.0,5.0,5.23,5.23,5.23,5.086586,DL,Serie A,D
Okoli Memeh,5.04,5.04,5.5,5.0,6.0,4.0,5.04,4.5,5.5,6.0,5.0,5.5,4.0,5.0,5.04,4.0,5.5,5.04,5.04,5.04,5.04,5.04,5.04,5.04,5.04,5.04,5.04,5.04,5.04,5.04,5.04,5.04,5.04,5.04,5.04,5.04,5.04,5.04,5.04,5.04,5.0853047,DC,Serie A,D
Scalvini Giorgio,4.9,4.8,5.5,4.5,4.9,4.9,5.0,4.9,6.0,5.5,4.0,5.0,3.5,5.5,4.0,4.9,5.0,4.0,5.0,6.0,4.0,4.9,4.9,5.0,4.9,4.9,5.0,4.9,4.9,5.0,5.0,3.5,4.0,4.5,6.0,4.0,4.9,5.0,5.0,5.0,5.0779424,DC,Serie A,D
Caldirola Luca,4.87,4.87,4.87,4.87,4.0,4.0,4.0,4.87,5.0,6.0,6.0,4.0,4.0,4.87,5.5,5.0,6.0,4.5,5.5,4.5,4.87,4.87,4.87,4.87,4.87,4.87,4.87,4.87,4.87,4.87,4.87,4.87,4.87,4.87,4.87,4.87,4.87,4.87,4.87,5.0,5.076607,DC,Serie A,D
Hysaj Elseid,5.07,4.98,5.0,5.07,5.0,5.07,5.0,5.0,5.5,6.5,5.0,5.07,5.0,5.0,5.0,5.0,3.5,5.07,4.5,6.0,4.5,4.5,5.5,6.0,5.0,5.07,5.0,5.0,5.07,5.07,3.0,5.07,5.0,5.07,5.0,5.07,5.0,5.07,5.07,5.07,5.0710726,DL,Serie A,D
Lucumí Jhon,5.07,5.07,5.07,5.07,4.5,5.5,4.5,5.0,5.5,5.07,5.5,4.0,5.5,5.5,4.5,4.0,7.5,5.0,4.5,5.0,5.07,5.07,5.07,5.07,5.07,5.07,5.07,5.07,5.07,5.07,5.07,5.07,5.07,5.07,5.07,5.07,5.07,5.07,5.07,5.07,5.05453,DC,Serie A,D
Bellanova Raoul,5.06,4.88,5.06,5.06,5.06,5.0,5.06,5.5,5.06,5.0,5.06,5.0,5.0,5.0,5.0,5.0,5.0,5.06,5.06,5.06,5.0,5.06,5.06,4.0,5.06,6.0,6.0,6.0,4.5,4.0,4.5,2.5,4.0,5.0,5.0,4.0,5.5,4.5,6.0,5.06,5.0477595,DL,Serie A,D
Olivera Mathías,5.12,4.95,5.0,5.0,5.12,5.0,5.0,5.12,5.0,5.0,6.5,4.0,5.0,5.12,6.0,5.12,5.0,5.0,5.12,5.0,5.12,6.5,6.0,6.0,5.12,5.12,4.5,3.5,5.0,5.0,5.0,4.0,4.5,4.5,5.0,5.0,3.0,4.5,5.12,5.12,5.0428042,DL,Serie A,D
Cambiaso Andrea,5.03,4.98,4.0,5.0,4.5,4.5,5.0,6.0,5.0,5.0,4.5,6.0,6.5,5.0,5.0,5.03,5.03,4.5,5.0,5.0,5.0,5.03,5.03,3.5,5.03,5.5,5.0,5.0,5.03,5.03,5.03,5.03,5.03,5.03,5.03,5.03,5.03,5.03,5.0,5.03,5.034402,DL,Serie A,D
Gallo Antonino,5.09,5.09,4.5,5.0,5.0,5.09,4.5,5.0,5.5,5.0,5.09,5.0,5.09,4.5,5.0,6.0,6.0,5.0,5.5,5.0,5.09,5.09,5.09,5.09,5.09,5.09,5.09,5.09,5.09,5.09,5.09,5.09,5.09,5.09,5.09,5.09,5.09,5.09,5.09,5.0,5.0301013,DL,Serie A,D
Toljan Jeremy,4.82,4.81,4.5,5.5,6.0,5.5,5.0,3.0,6.0,7.0,4.5,4.0,6.0,3.5,4.0,5.5,3.5,4.0,5.0,4.0,5.0,5.5,3.5,4.82,4.82,4.82,4.82,4.82,4.82,4.82,4.82,5.0,4.82,5.0,4.82,4.82,4.82,4.82,4.82,5.0,5.0206265,DL,Serie A,D
Bronn Dylan,4.91,4.93,5.5,4.5,6.0,6.0,5.0,4.0,4.0,4.0,5.0,5.0,5.0,5.5,5.0,4.0,4.0,4.91,6.0,4.91,4.91,4.91,4.91,5.0,4.5,6.0,5.0,5.5,5.5,4.0,5.5,3.0,5.0,4.91,4.91,4.91,5.0,6.0,4.5,4.91,5.0180078,DC,Serie A,D
Soppy Brandon,4.91,4.85,3.0,4.91,5.0,6.0,5.0,5.0,4.91,5.0,5.0,7.0,3.5,4.91,5.0,4.5,4.91,4.91,4.91,4.91,5.0,3.0,4.0,5.0,6.0,4.5,4.5,4.91,4.91,4.91,5.0,4.5,4.5,4.91,4.91,5.0,5.0,5.0,6.0,4.91,5.0172405,DL,Serie A,D
Luperto Sebastiano,5.0,4.85,4.5,5.0,5.0,5.5,4.5,4.5,5.5,3.5,5.0,7.0,3.5,5.0,5.5,4.5,5.0,5.5,5.0,6.0,4.0,5.0,5.0,5.0,5.0,5.0,5.0,4.0,5.5,5.5,5.0,3.5,5.0,3.0,4.5,5.5,3.0,5.5,7.0,5.0,5.0160894,DC,Serie A,D
Dermaku Kastriot,5.0,5.0,5.0,5.0,5.0,5.0,5.0,5.0,5.0,5.0,5.0,5.0,5.0,5.0,5.0,5.0,5.0,5.0,5.0,5.0,5.0,5.0,5.0,5.0,5.0,5.0,5.0,5.0,5.0,5.0,5.0,5.0,5.0,5.0,5.0,5.0,5.0,5.0,5.0,5.0,5.003771,DC,Serie A,D
Çetin Yildirim,5.0,5.0,5.0,5.0,5.0,5.0,5.0,5.0,5.0,5.0,5.0,5.0,5.0,5.0,5.0,5.0,5.0,5.0,5.0,5.0,5.0,5.0,5.0,5.0,5.0,5.0,5.0,5.0,5.0,5.0,5.0,5.0,5.0,5.0,5.0,5.0,5.0,5.0,5.0,5.0,5.003771,DC,Serie A,D
Ebosele Festy,5.0,5.0,4.5,5.0,5.0,5.0,5.0,5.0,5.0,5.0,5.0,5.0,5.0,5.0,5.5,5.0,5.0,5.0,5.0,5.0,5.0,5.0,5.0,5.0,5.0,5.0,5.0,5.0,5.0,5.0,5.0,5.0,5.0,5.0,5.0,5.0,5.0,5.0,5.0,5.0,5.0033417,DL,Serie A,D
Terzic Aleksa,5.05,5.0,5.05,5.5,5.0,5.0,5.05,5.05,5.05,5.0,5.05,5.05,5.0,5.0,5.05,5.0,5.0,5.05,5.0,5.05,5.05,5.05,5.0,5.05,5.05,5.05,5.0,5.05,5.05,5.0,5.05,5.0,5.05,5.05,5.0,5.05,5.0,4.5,5.05,5.0,5.0013566,DL,Serie A,D
Gabbia Matteo,5.06,5.12,5.06,5.06,5.0,5.06,5.06,5.06,5.06,5.06,5.5,6.0,5.0,4.0,5.5,5.06,5.06,5.0,4.5,5.06,5.5,5.5,4.0,5.06,5.06,5.06,5.06,5.06,5.06,5.06,5.06,5.06,5.0,6.0,5.06,5.06,5.06,5.06,5.06,5.06,4.9914193,DC,Serie A,D
Colley Omar,4.7,4.89,4.5,6.0,3.5,5.0,4.0,4.7,5.0,3.5,5.0,5.0,7.5,3.0,4.5,4.0,4.7,4.7,4.7,5.0,4.7,4.7,4.7,4.7,7.0,5.5,6.0,4.7,5.0,3.0,5.5,4.5,4.5,3.5,5.5,6.5,4.5,5.5,4.7,5.0,4.978531,DC,Serie A,D
Acerbi Francesco,5.08,5.15,5.08,5.08,5.08,5.08,5.08,5.08,4.5,3.5,5.5,6.0,5.0,6.0,4.0,6.0,4.5,6.0,4.5,5.5,5.0,5.08,5.08,5.08,5.08,5.08,5.08,5.0,6.0,5.08,4.0,5.5,6.0,5.5,4.5,6.0,6.0,4.5,4.5,5.08,4.977444,DC,Serie A,D
Chiriches Vlad,5.0,4.84,4.0,5.0,5.0,5.0,6.5,5.0,4.5,5.0,5.0,5.0,5.0,5.0,5.0,5.0,5.0,5.0,5.0,5.0,5.0,5.5,3.0,5.0,4.0,4.5,6.0,6.0,5.0,4.5,5.0,5.0,6.0,5.0,4.5,2.0,5.0,6.0,5.0,5.0,4.9737225,DC,Serie A,D
Venuti Lorenzo,4.94,4.84,4.94,4.94,4.94,4.0,4.94,4.5,7.0,4.5,4.94,4.94,4.5,4.94,4.94,4.94,5.0,4.94,6.0,4.0,4.94,4.94,4.94,5.0,3.0,4.94,4.94,4.94,5.0,5.0,5.0,5.5,5.0,5.5,4.5,4.0,5.0,3.5,6.0,5.0,4.9692383,DL,Serie A,D
Müldür Mert,5.0,4.75,5.0,5.0,5.0,5.0,5.0,5.0,5.0,5.0,5.0,5.0,5.0,5.0,5.0,5.0,5.0,5.0,5.0,5.0,5.0,5.0,4.5,5.0,3.5,5.0,6.0,5.0,5.0,5.0,5.5,5.0,5.0,5.0,4.5,2.5,5.0,6.0,3.0,5.0,4.965413,DL,Serie A,D
Demiral Merih,5.41,5.27,5.41,4.5,5.5,6.0,6.0,7.0,6.0,5.0,4.5,6.0,5.0,7.0,4.5,5.41,4.0,5.41,5.5,5.0,6.0,5.41,5.0,5.5,5.41,4.5,5.5,5.41,5.5,5.5,6.0,5.41,4.0,4.0,4.5,4.5,6.0,5.0,5.5,5.0,4.964612,DC,Serie A,D
Ruggeri Matteo,5.06,4.89,5.06,5.06,5.06,5.5,5.06,5.06,5.06,5.06,5.0,5.0,5.06,5.06,5.06,4.5,5.06,5.0,6.0,4.5,5.0,5.06,5.0,5.06,5.06,5.06,5.06,5.06,5.0,4.0,4.0,5.0,5.06,5.06,5.0,5.5,5.5,5.0,3.5,5.0,4.9635053,DL,Serie A,D
Kasius Denso,5.0,4.96,5.0,6.0,3.0,5.0,5.0,6.0,5.0,5.0,5.0,5.0,5.0,5.0,5.0,5.0,5.0,5.0,5.0,5.0,5.0,5.0,5.0,5.0,5.5,4.5,5.0,5.0,5.0,5.0,5.0,5.0,5.0,4.5,5.0,5.5,5.0,4.5,5.0,5.0,4.957349,DL,Serie A,D
João Moutinho,4.83,4.83,4.83,4.83,4.83,4.83,4.83,4.83,4.83,4.83,4.83,4.83,4.83,4.83,4.83,4.83,4.83,4.5,4.83,5.0,4.83,4.83,4.83,4.83,4.83,4.83,4.83,4.83,4.83,4.83,4.83,4.83,4.83,4.83,4.83,4.83,4.83,4.83,4.83,6.0,4.951178,DL,Serie A,D
João Moutinho,4.83,4.83,4.83,4.83,4.83,4.83,4.83,4.83,4.83,4.83,4.83,4.83,4.83,4.83,4.83,4.83,4.83,4.5,4.83,5.0,4.83,4.83,4.83,4.83,4.83,4.83,4.83,4.83,4.83,4.83,4.83,4.83,4.83,4.83,4.83,4.83,4.83,4.83,4.83,5.0,4.951178,DL,Serie A,D
Spinazzola Leonardo,4.96,4.93,5.5,6.0,5.0,5.5,3.0,4.5,4.5,6.0,5.0,5.0,4.5,4.96,4.96,4.96,4.96,4.96,4.96,5.0,4.96,4.96,4.96,4.96,4.96,4.96,4.96,4.96,4.96,4.96,4.96,4.96,4.96,4.96,4.96,4.96,5.0,4.5,5.0,4.96,4.949983,DL,Serie A,D
Dawidowicz Pawel,4.77,4.81,3.0,4.77,4.77,4.5,5.0,4.77,5.0,4.77,4.77,4.77,4.77,5.0,4.77,5.0,4.0,5.0,6.0,5.0,4.77,4.77,4.77,4.77,4.77,4.77,4.77,4.77,4.77,4.77,4.77,4.77,4.77,4.77,4.77,4.77,4.77,5.0,5.0,5.0,4.945744,DC,Serie A,D
Gendrey Valentin,4.89,4.89,4.5,5.0,5.0,5.5,4.5,5.0,5.5,5.5,5.0,5.0,3.0,4.5,5.0,4.5,6.0,5.0,5.0,4.5,4.89,4.89,4.89,4.89,4.89,4.89,4.89,4.89,4.89,4.89,4.89,4.89,4.89,4.89,4.89,4.89,4.89,4.89,4.89,5.0,4.9405885,DL,Serie A,D
Igor Julio,4.68,4.98,4.68,4.68,5.0,4.5,5.0,3.0,4.68,4.5,4.5,4.5,4.68,4.68,5.0,5.0,4.0,6.0,5.5,4.0,4.5,3.5,6.0,6.0,4.68,5.5,6.0,4.0,6.0,6.0,4.5,6.0,5.5,6.0,3.0,5.5,7.0,3.0,6.0,5.0,4.9352336,DC,Serie A,D
Tuia Alessandro,4.83,4.83,4.83,4.83,4.83,5.5,4.0,4.83,4.83,4.83,4.83,4.83,4.83,4.83,4.83,4.83,4.83,4.83,4.83,4.83,4.83,4.83,4.83,4.83,4.83,4.83,4.83,4.83,4.83,4.83,4.83,4.83,4.83,4.83,4.83,4.83,4.83,4.83,4.83,5.0,4.9333158,DC,Serie A,D
Schuurs Perr,4.92,4.92,4.92,4.92,6.0,4.92,5.5,4.92,4.5,5.0,5.5,4.5,5.0,4.5,4.5,5.0,4.92,4.0,5.0,5.0,4.92,4.92,4.92,4.92,4.92,4.92,4.92,4.92,4.92,4.92,4.92,4.92,4.92,4.92,4.92,4.92,4.92,4.92,4.92,4.92,4.9288106,DC,Serie A,D
Gyömbér Norbert,5.11,5.0,5.0,6.0,6.0,4.5,5.5,5.0,4.5,5.11,6.0,4.0,6.0,5.0,5.11,5.11,5.11,5.11,5.0,4.0,6.0,5.5,5.11,5.11,5.11,5.11,5.11,5.11,5.11,4.0,4.5,5.0,4.0,5.0,5.0,6.0,4.5,5.0,3.0,5.0,4.9227524,DC,Serie A,D
Marlon Santos,4.63,4.63,4.5,3.0,4.63,3.0,3.5,5.0,5.5,4.63,4.63,5.0,4.63,4.0,5.5,4.5,6.0,5.5,4.5,5.0,4.63,4.63,4.63,4.63,4.63,4.63,4.63,4.63,4.63,4.63,4.63,4.63,4.63,4.63,4.63,4.63,4.63,4.63,4.63,5.0,4.9188046,DC,Serie A,D
Bremer,5.31,5.26,6.0,5.5,5.5,6.5,5.0,5.5,4.5,6.0,4.0,5.5,5.31,5.31,6.0,6.0,5.5,6.0,5.31,2.5,4.5,7.0,5.5,5.5,5.31,3.0,5.0,5.0,5.5,7.0,4.0,5.5,6.0,6.0,5.0,5.31,3.5,5.31,5.31,5.0,4.9014263,DC,Serie A,D
Ebosse Enzo,4.97,4.9,5.0,4.97,5.0,4.97,6.0,5.0,5.0,5.5,4.0,5.0,4.0,5.5,5.0,5.0,3.5,6.0,5.0,5.0,4.97,4.97,4.97,4.97,5.0,5.0,4.0,4.0,5.0,5.5,4.0,6.0,5.0,4.0,4.5,4.0,5.5,5.0,6.0,4.97,4.889492,DL,Serie A,D
D'Ambrosio Danilo,4.88,5.09,4.88,4.88,4.88,4.5,5.0,4.88,5.0,4.88,5.0,4.88,4.88,4.88,4.88,4.88,4.88,4.88,4.88,4.88,5.5,4.88,5.0,4.88,4.88,5.0,5.0,5.0,4.88,4.88,4.5,5.5,5.5,5.5,4.88,5.0,5.0,5.5,4.88,4.88,4.8837576,DL,Serie A,D
Kalulu Pierre,5.11,5.47,5.0,4.0,6.5,5.0,4.5,5.5,5.0,5.0,6.5,5.0,5.0,4.0,5.0,5.5,5.0,5.5,6.0,4.0,6.0,6.0,3.5,6.0,6.0,5.0,5.11,5.11,5.5,8.0,5.5,6.0,5.5,7.0,5.5,6.0,6.0,6.0,6.0,5.11,4.881866,DL,Serie A,D
Akpa Akpro Jean-Daniel,4.88,4.9,4.88,4.88,4.88,4.88,5.0,3.5,4.88,4.88,4.88,4.88,4.88,5.0,5.0,4.5,6.0,4.5,4.88,5.5,4.88,4.88,4.88,4.88,4.88,4.88,4.88,4.88,4.88,4.88,4.88,4.5,4.88,4.88,4.88,4.88,4.88,4.88,5.5,4.88,4.871374,DL,Serie A,D
Bastoni Alessandro,5.18,5.25,5.0,7.0,3.0,5.18,3.5,5.0,4.5,4.5,5.5,5.18,5.18,6.5,5.18,5.0,5.5,6.0,5.5,6.0,5.18,8.0,5.5,4.5,4.0,5.18,5.18,5.5,5.5,4.5,5.0,5.5,5.5,5.5,5.0,5.18,5.18,5.0,5.5,5.18,4.858825,DC,Serie A,D
Günter Koray,4.73,4.74,3.0,5.0,5.5,4.73,5.5,4.73,4.5,4.5,3.5,6.0,4.5,4.0,5.0,5.0,5.5,4.73,4.73,4.73,5.0,4.5,5.0,5.0,4.5,7.0,4.73,4.73,6.0,4.5,5.0,6.0,4.5,4.0,3.0,5.0,3.5,3.5,4.73,4.73,4.8584886,DC,Serie A,D
Hateboer Hans,4.89,4.72,5.0,5.0,5.5,4.89,5.0,5.0,5.0,5.5,4.5,4.89,4.0,6.0,4.5,4.89,4.0,4.89,5.0,4.89,3.5,4.5,4.89,4.89,4.89,4.5,4.5,4.89,5.0,5.0,6.5,4.5,4.5,4.0,5.0,4.0,5.0,3.5,4.5,4.5,4.8547177,DL,Serie A,D
Holm Emil,4.53,4.53,5.0,5.0,4.53,5.0,3.5,5.0,5.5,3.0,3.5,6.5,4.5,4.0,4.0,5.0,5.0,3.5,3.0,5.5,4.53,4.53,4.53,4.53,4.53,4.53,4.53,4.53,4.53,4.53,4.53,4.53,4.53,4.53,4.53,4.53,4.53,4.53,4.53,5.0,4.853099,DL,Serie A,D
Murru Nicola,4.86,4.78,4.86,5.0,4.86,4.86,4.86,4.86,4.86,4.86,4.86,4.0,5.5,4.86,5.5,5.0,4.86,5.0,4.0,4.86,4.0,5.0,5.0,5.0,6.0,3.5,6.0,4.86,4.0,4.86,5.0,4.5,4.5,4.0,5.0,4.86,4.86,4.86,4.86,4.86,4.847952,DL,Serie A,D
Nikolaou Dimitrios,4.71,4.63,5.5,3.5,5.0,5.0,5.0,5.0,5.5,3.0,3.0,4.5,4.5,4.0,4.71,5.0,5.0,5.0,6.0,5.5,4.5,4.71,4.5,6.0,4.71,4.5,4.0,6.5,5.0,5.5,3.5,6.0,5.5,4.0,3.5,3.0,3.5,4.5,3.5,4.71,4.846316,DC,Serie A,D
Kiwior Jakub,4.79,4.88,6.0,4.0,4.0,4.0,4.5,5.5,6.0,3.5,5.0,5.0,4.0,4.5,4.0,5.5,6.0,4.0,6.0,4.79,4.0,4.79,5.5,6.0,4.79,4.5,5.5,5.5,4.79,7.0,4.0,5.0,5.5,4.5,5.0,4.5,4.5,4.5,4.0,4.79,4.8225665,DC,Serie A,D
Augello Tommaso,4.69,4.87,4.5,5.0,3.0,5.0,4.5,6.0,4.0,3.5,5.0,4.0,5.0,4.69,4.5,4.0,4.5,7.5,5.0,4.5,4.69,4.5,4.5,5.0,5.0,5.0,4.5,4.69,5.0,5.5,5.0,5.5,5.0,5.0,5.5,6.5,4.5,5.5,4.5,5.0,4.8218875,DL,Serie A,D
Zappacosta Davide,4.9,4.85,4.9,4.9,4.9,4.5,5.0,4.9,4.9,4.9,4.9,4.9,4.9,4.9,4.9,4.9,4.9,5.5,5.5,4.0,6.0,4.9,4.5,5.0,4.9,5.0,4.0,4.9,5.0,4.0,4.9,4.5,4.5,6.0,6.0,4.5,5.0,3.5,5.0,4.9,4.820398,DL,Serie A,D
Dodô,4.8,4.8,5.0,5.0,5.5,4.8,5.0,4.5,4.8,4.8,3.0,5.0,4.0,5.0,7.0,5.0,5.0,5.0,4.5,3.5,4.8,4.8,4.8,4.8,4.8,4.8,4.8,4.8,4.8,4.8,4.8,4.8,4.8,4.8,4.8,4.8,4.8,4.8,4.8,4.8,4.813409,DL,Serie A,D
Quagliata Giacomo,4.77,4.77,5.0,4.77,5.5,3.5,5.0,4.77,4.77,5.0,4.0,5.5,5.0,5.0,4.5,5.0,5.0,4.77,4.77,4.0,4.77,4.77,4.77,4.77,4.77,4.77,4.77,4.77,4.77,4.77,4.77,4.77,4.77,4.77,4.77,4.77,4.77,4.77,4.77,4.77,4.8127503,DL,Serie A,D
Mazzocchi Pasquale,4.87,4.72,5.0,5.0,4.0,6.5,5.5,5.0,4.0,4.0,5.0,4.0,7.0,6.0,4.0,4.0,4.0,4.87,4.87,4.87,5.0,3.0,4.87,4.87,4.87,4.5,5.0,5.0,3.0,4.87,3.5,4.5,4.5,7.0,5.0,5.5,5.0,5.5,2.5,4.87,4.8080506,DL,Serie A,D
Ferrari Alex,4.6,4.79,4.5,5.0,3.0,5.0,4.5,5.5,4.0,4.6,4.6,4.0,4.6,4.5,4.5,5.0,5.0,4.5,5.0,5.0,3.0,5.0,4.0,5.0,6.5,4.6,6.0,4.6,4.5,4.6,5.0,5.0,5.0,4.5,5.5,4.5,5.0,7.5,3.5,4.6,4.8020253,DC,Serie A,D
Ayhan Kaan,4.65,4.84,3.5,5.0,4.65,4.65,5.5,4.0,5.5,5.0,5.0,4.65,5.0,4.65,4.65,4.5,3.5,4.65,4.65,4.65,4.65,5.0,5.0,4.65,4.65,5.0,5.0,4.65,4.65,5.0,7.0,5.0,5.0,4.65,5.0,4.5,4.5,4.65,4.0,4.65,4.8018346,DC,Serie A,D
Sernicola Leonardo,4.79,4.79,5.0,4.79,6.0,4.79,4.79,4.5,4.0,6.0,3.5,6.5,4.5,6.0,4.5,4.5,4.0,4.5,3.5,4.79,4.79,4.79,4.79,4.79,4.79,4.79,4.79,4.79,4.79,4.79,4.79,4.79,4.79,4.79,4.79,4.79,4.79,4.79,4.79,4.79,4.797038,DL,Serie A,D
Florenzi Alessandro,5.0,5.36,5.0,5.0,5.0,5.0,5.0,5.0,5.0,5.0,5.0,5.0,5.0,5.0,5.0,5.0,5.0,5.0,5.0,5.0,6.0,6.5,4.5,5.0,5.0,5.5,5.0,5.0,5.0,6.0,5.0,5.0,5.0,5.0,5.0,5.0,6.5,5.0,5.0,5.0,4.7969556,DL,Serie A,D
Soumaoro Adama,5.0,5.07,3.0,5.0,5.0,5.5,5.0,5.0,5.0,5.0,5.0,5.0,5.0,6.5,6.0,3.0,6.0,5.5,4.0,5.5,6.0,5.0,5.0,5.0,6.0,4.0,4.5,5.5,5.0,5.0,5.5,6.0,5.5,5.0,5.0,5.5,4.5,4.0,5.0,5.0,4.791257,DC,Serie A,D
Aiwu Emanuel,4.75,4.75,5.0,4.0,5.0,3.5,6.0,6.0,3.5,4.75,3.5,4.75,4.5,6.0,5.0,5.5,4.0,4.75,4.75,5.0,4.75,4.75,4.75,4.75,4.75,4.75,4.75,4.75,4.75,4.75,4.75,4.75,4.75,4.75,4.75,4.75,4.75,4.75,4.75,4.75,4.780456,DC,Serie A,D
Østigård Leo,5.0,4.78,5.0,5.0,5.0,5.5,5.0,5.0,5.0,5.0,5.0,5.0,5.0,5.0,5.0,5.0,4.5,5.0,5.0,5.0,5.0,5.0,3.0,5.0,4.0,5.0,5.0,6.0,5.5,6.0,3.5,5.0,3.5,4.0,5.5,4.5,6.0,4.5,5.0,5.0,4.7612214,DC,Serie A,D
Fazio Federico,4.96,5.07,5.0,6.0,6.5,5.0,4.5,5.0,4.96,4.96,4.96,4.96,6.0,7.0,4.0,4.96,4.96,4.5,5.0,1.0,6.5,4.96,4.96,4.96,4.96,5.5,5.0,5.5,3.0,5.5,4.5,3.0,4.96,7.5,6.0,5.5,5.0,5.5,3.5,4.96,4.7611346,DC,Serie A,D
Ampadu Ethan,5.0,5.07,5.0,5.0,5.0,5.0,5.0,4.5,5.5,2.0,4.0,5.0,5.0,3.5,6.0,8.0,4.5,5.5,5.5,6.5,4.0,5.5,5.5,5.5,5.0,4.5,5.0,5.0,5.0,5.0,4.5,4.5,6.0,5.0,6.5,4.5,5.0,5.0,6.0,4.5,4.7500877,DC,Serie A,D
Singo Stephane,4.89,5.18,5.5,5.0,5.0,4.89,4.89,5.0,4.5,4.0,4.89,5.0,4.89,5.0,4.0,5.0,6.0,4.89,5.0,4.5,4.5,8.0,7.0,6.5,4.5,4.0,5.0,5.0,6.0,5.0,5.0,6.0,5.5,5.0,5.5,5.0,4.5,4.89,4.89,5.0,4.744853,DC,Serie A,D
Carlos Augusto,5.06,5.06,4.5,5.06,4.5,3.5,4.5,4.5,5.5,5.0,7.5,4.5,3.0,4.0,7.0,4.5,8.0,6.5,4.5,5.0,5.06,5.06,5.06,5.06,5.06,5.06,5.06,5.06,5.06,5.06,5.06,5.06,5.06,5.06,5.06,5.06,5.06,5.06,5.06,4.5,4.7397256,DL,Serie A,D
Skriniar Milan,4.94,5.07,6.0,5.5,3.5,5.0,4.0,5.5,2.5,4.5,4.0,6.0,5.0,6.0,4.0,6.0,5.5,6.0,4.0,6.0,4.5,7.5,5.5,5.0,3.0,6.0,3.0,4.94,5.5,5.0,5.0,6.0,5.5,6.0,5.0,5.0,5.5,5.0,5.5,4.94,4.7328963,DC,Serie A,D
Ruan,4.33,4.43,4.33,4.33,4.33,4.33,4.33,4.0,4.33,4.33,5.0,4.33,4.33,4.33,4.33,4.33,4.33,5.0,3.5,3.5,4.33,4.33,4.33,5.0,4.33,6.0,7.0,4.33,4.33,4.5,4.33,4.33,4.5,4.5,4.33,4.33,5.0,4.0,4.33,5.0,4.7282014,DC,Serie A,D
Dest Sergiño,4.71,4.73,4.71,4.71,4.71,4.71,4.71,4.71,3.5,5.0,4.71,4.71,5.0,5.0,4.71,4.71,5.0,5.0,4.71,4.5,4.71,4.0,4.5,5.0,4.5,4.5,5.5,4.71,4.71,4.71,4.71,4.71,5.0,5.0,4.71,4.71,4.71,4.71,4.71,4.71,4.7220917,DL,Serie A,D
Lykogiannis Charalampos,4.93,4.81,4.5,5.5,4.93,5.0,4.5,4.5,4.93,4.0,5.0,5.0,4.93,5.0,5.0,4.5,6.0,5.0,5.0,5.5,4.5,4.93,5.0,4.93,4.93,4.5,5.0,4.93,4.93,4.93,4.0,4.93,3.0,4.93,4.93,4.93,5.0,5.5,5.0,4.93,4.7031384,DL,Serie A,D
Sala Jacopo,4.67,4.68,5.0,4.0,4.5,5.0,4.5,5.0,4.67,4.67,4.67,4.67,4.67,4.67,4.67,4.67,4.67,4.67,4.67,4.67,4.67,4.67,4.67,4.5,4.67,4.5,4.5,5.0,4.67,4.67,4.67,5.0,4.67,4.67,4.67,4.67,4.67,4.67,4.67,4.67,4.6980724,DL,Serie A,D
Valeri Emanuele,4.76,4.76,4.76,5.0,3.5,5.0,5.5,6.0,3.5,5.0,3.5,5.0,4.5,5.5,5.0,5.0,5.0,4.5,5.0,4.5,4.76,4.76,4.76,4.76,4.76,4.76,4.76,4.76,4.76,4.76,4.76,4.76,4.76,4.76,4.76,4.76,4.76,4.76,4.76,4.76,4.697405,DL,Serie A,D
de Winter Koni,4.69,4.69,4.69,5.0,5.5,4.69,4.69,4.69,4.69,3.5,5.0,5.5,3.5,4.5,4.69,4.69,5.0,4.69,4.69,4.69,4.69,4.69,4.69,4.69,4.69,4.69,4.69,4.69,4.69,4.69,4.69,4.69,4.69,4.69,4.69,4.69,4.69,4.69,4.69,4.69,4.687692,DC,Serie A,D
Cabal Juan,4.67,4.67,4.67,4.67,4.67,4.67,4.67,4.0,4.67,4.67,5.0,5.0,4.67,4.67,4.67,4.67,4.67,4.67,4.67,4.67,4.67,4.67,4.67,4.67,4.67,4.67,4.67,4.67,4.67,4.67,4.67,4.67,4.67,4.67,4.67,4.67,4.67,4.67,4.67,4.67,4.6624775,DC,Serie A,D
Bianchetti Matteo,4.61,4.61,5.0,5.0,5.0,3.5,4.61,4.61,5.0,5.0,2.0,5.5,4.5,5.5,4.61,6.0,4.61,4.5,3.5,4.5,4.61,4.61,4.61,4.61,4.61,4.61,4.61,4.61,4.61,4.61,4.61,4.61,4.61,4.61,4.61,4.61,4.61,4.61,4.61,4.61,4.6518383,DC,Serie A,D
Donati Giulio,4.63,4.63,4.63,4.63,4.63,4.63,4.63,4.63,4.63,5.0,4.63,4.5,4.63,4.5,4.63,4.5,4.63,4.63,4.63,4.63,4.63,4.63,4.63,4.63,4.63,4.63,4.63,4.63,4.63,4.63,4.63,4.63,4.63,4.63,4.63,4.63,4.63,4.63,4.63,4.63,4.6492314,DL,Serie A,D
Hristov Petko,4.78,4.85,4.78,5.0,5.0,4.0,5.0,5.0,5.0,4.78,4.78,4.78,4.78,4.5,5.0,4.78,4.78,4.78,4.78,4.78,4.78,4.78,4.78,4.78,4.78,4.78,4.78,4.78,4.78,5.0,4.78,4.78,4.78,4.78,5.0,5.5,4.5,4.78,4.78,4.5,4.62867,DC,Serie A,D
Birindelli Samuele,4.69,4.69,4.5,4.0,4.5,4.0,4.0,5.0,5.0,6.0,5.0,4.5,4.69,4.5,4.69,4.69,5.0,5.0,4.5,5.0,4.69,4.69,4.69,4.69,4.69,4.69,4.69,4.69,4.69,4.69,4.69,4.69,4.69,4.69,4.69,4.69,4.69,4.69,4.69,4.5,4.624394,DL,Serie A,D
Bonifazi Kevin,4.43,4.86,3.5,4.5,5.0,4.43,4.43,5.0,4.43,4.0,4.43,4.0,5.0,4.43,4.43,4.43,4.43,4.43,4.43,4.43,4.43,4.43,4.43,5.0,4.43,5.0,5.5,5.0,4.43,4.0,4.43,5.5,5.0,5.0,5.0,6.0,4.43,4.43,5.5,4.43,4.5675035,DC,Serie A,D
Pezzella Giuseppe,4.88,4.91,4.88,4.88,4.88,4.5,4.88,5.0,5.0,5.0,5.0,4.88,5.0,4.88,4.88,4.88,4.88,4.88,4.88,5.0,4.88,5.5,5.0,5.0,4.88,4.88,5.0,4.88,5.0,4.88,5.0,4.88,4.0,5.0,4.88,4.88,4.88,4.88,4.88,4.5,4.5507336,DL,Serie A,D
Conti Andrea,4.5,4.88,4.5,4.5,4.5,4.5,4.5,4.5,4.5,4.5,4.5,4.5,4.5,4.5,4.5,4.5,4.5,4.5,4.5,4.5,5.0,4.5,5.0,4.5,6.0,4.0,4.5,4.5,4.5,5.0,4.5,4.5,4.5,4.5,4.5,5.0,4.5,4.5,4.5,4.5,4.5428605,DL,Serie A,D
De Silvestri Lorenzo,4.61,4.48,3.5,5.5,4.61,4.5,4.0,5.0,5.0,4.5,4.5,5.0,4.61,4.61,4.61,4.61,4.61,4.61,4.61,4.61,4.5,4.61,4.61,4.61,5.0,4.61,4.0,4.0,4.5,4.5,4.0,4.61,4.61,4.61,4.0,5.0,4.0,3.0,6.0,4.61,4.534829,DL,Serie A,D
Bereszynski Bartosz,4.67,4.84,4.5,5.0,4.67,5.0,4.5,4.5,4.5,3.5,5.0,5.0,6.0,4.0,3.5,4.5,5.0,5.5,4.67,4.67,6.0,4.67,4.5,5.0,5.5,6.0,6.5,4.67,4.0,4.5,6.0,4.5,4.0,3.5,5.0,5.0,4.0,6.5,4.5,4.67,4.5292015,DL,Serie A,D
Marí Pablo,4.96,5.0,4.0,4.96,4.96,4.96,4.0,5.5,6.0,6.5,7.5,4.5,3.0,4.96,4.96,4.96,4.96,5.5,3.0,5.0,8.0,4.96,4.96,4.96,5.5,2.5,4.5,5.5,5.0,5.5,4.5,4.96,5.5,6.0,5.0,3.0,5.5,5.0,4.96,5.0,4.5229,DC,Serie A,D
Zanoli Alessandro,4.88,4.86,4.88,4.88,4.88,4.88,4.88,4.88,4.88,4.88,4.88,4.88,4.88,5.0,4.88,4.88,4.88,4.88,5.0,5.0,5.0,4.88,4.88,5.0,4.88,4.88,5.0,4.88,4.88,4.88,5.0,5.0,3.5,4.5,4.5,5.0,4.88,4.88,6.0,4.5,4.502164,DL,Serie A,D
Hendry Jack,4.5,4.5,4.5,4.5,4.5,4.5,4.5,5.0,4.5,4.5,4.5,4.5,4.5,4.5,4.5,4.5,4.0,4.5,4.5,4.5,4.5,4.5,4.5,4.5,4.5,4.5,4.5,4.5,4.5,4.5,4.5,4.5,4.5,4.5,4.5,4.5,4.5,4.5,4.5,4.5,4.4974627,DC,Serie A,D
Vásquez Johan,4.57,4.68,3.0,4.57,4.5,4.5,4.57,4.57,4.5,4.57,4.57,5.5,4.57,5.0,4.57,5.0,4.57,4.57,4.57,4.57,5.5,4.57,4.57,5.0,5.0,4.5,4.0,5.0,5.0,4.5,5.5,4.5,3.5,4.5,5.5,3.5,4.57,4.57,5.5,4.57,4.4775405,DC,Serie A,D
Pirola Lorenzo,4.22,4.22,4.22,4.22,5.0,4.22,4.22,4.22,4.22,4.22,5.5,3.5,4.22,4.22,4.5,4.5,3.5,4.22,5.0,2.0,4.22,4.22,4.22,4.22,4.22,4.22,4.22,4.22,4.22,4.22,4.22,4.22,4.22,4.22,4.22,4.22,4.22,4.22,4.22,4.5,4.4614935,DC,Serie A,D
Murillo Jeison,4.55,4.5,4.5,4.55,4.55,5.0,4.55,5.0,3.0,3.5,6.0,4.55,4.55,4.55,5.0,3.5,5.0,5.0,4.5,4.55,4.55,4.55,4.0,4.55,4.55,4.55,4.55,4.55,4.55,5.0,3.5,4.55,5.0,4.55,4.55,4.55,3.5,4.55,5.5,4.55,4.452111,DC,Serie A,D
Lochoshvili Luka,4.5,4.5,4.5,5.5,4.5,4.5,5.0,5.0,3.0,5.0,3.0,5.0,5.5,6.0,4.0,4.5,4.0,4.0,3.5,4.5,4.5,4.5,4.5,4.5,4.5,4.5,4.5,4.5,4.5,4.5,4.5,4.5,4.5,4.5,4.5,4.5,4.5,4.5,4.5,4.5,4.4199443,DC,Serie A,D
Cacace Liberato,4.33,4.54,4.33,4.33,4.33,4.33,4.33,4.0,4.33,4.33,4.33,4.33,4.33,4.5,4.33,4.33,4.33,4.5,4.33,4.33,4.33,4.33,4.33,4.33,4.5,4.33,5.0,3.5,4.33,5.0,5.0,4.5,4.33,3.0,5.0,4.33,4.33,5.0,5.5,4.33,4.3293805,DL,Serie A,D
Umtiti Samuel,5.17,5.17,5.17,5.17,5.17,5.17,5.17,5.17,5.17,5.17,5.5,5.0,5.17,5.17,5.5,5.0,5.0,6.0,5.5,5.0,5.17,5.17,5.17,5.17,5.17,5.17,5.17,5.17,5.17,5.17,5.17,5.17,5.17,5.17,5.17,5.17,5.17,5.17,5.17,4.0,4.3124638,DC,Serie A,D
Ghiglione Paolo,4.25,4.25,5.0,4.5,4.25,3.0,5.0,4.25,4.25,4.25,4.25,4.25,4.25,4.25,4.25,5.0,4.25,4.25,4.25,3.0,4.25,4.25,4.25,4.25,4.25,4.25,4.25,4.25,4.25,4.25,4.25,4.25,4.25,4.25,4.25,4.25,4.25,4.25,4.25,4.25,4.296019,DL,Serie A,D
Ferrer Salvador,4.5,5.0,4.5,4.5,4.5,4.5,4.5,4.5,4.5,4.5,4.5,4.5,4.5,4.5,4.5,4.5,4.5,4.5,4.5,5.0,4.5,4.5,5.0,5.0,4.5,4.5,4.5,5.0,5.0,5.0,4.5,5.0,5.0,5.0,4.5,4.5,4.5,7.5,4.5,4.0,4.280894,DL,Serie A,D
Daniliuc Flavius,4.73,4.9,4.73,4.73,4.73,4.73,5.5,4.5,4.5,3.0,5.5,4.0,6.0,6.0,4.73,4.5,4.0,5.0,4.5,4.73,6.5,5.0,4.73,4.0,4.5,5.0,4.73,5.5,4.73,4.73,4.73,5.0,5.0,6.0,4.5,6.0,4.5,5.0,4.5,4.5,4.2304378,DL,Serie A,D
Antov Valentin,4.13,4.13,4.13,4.0,5.0,4.13,4.13,4.13,4.13,4.13,4.13,4.13,2.5,4.13,5.0,4.13,4.13,4.13,4.13,4.13,4.13,4.13,4.13,4.13,4.13,4.13,4.13,4.13,4.13,4.13,4.13,4.13,4.13,4.13,4.13,4.13,4.13,4.13,4.13,4.13,4.151411,DC,Serie A,D
Amian Kelvin,4.79,4.69,4.79,4.79,4.79,4.79,4.79,4.79,4.79,5.0,5.0,5.0,5.0,4.5,4.5,5.0,4.5,4.5,4.5,6.0,4.5,4.79,5.0,5.5,4.79,4.0,4.79,3.0,4.79,5.0,4.0,6.0,6.0,4.0,4.0,4.5,4.5,5.0,4.0,4.0,4.1476593,DL,Serie A,D
Carboni Andrea,4.0,4.64,4.0,3.0,4.0,4.0,4.0,4.0,4.0,4.0,4.0,4.0,4.0,4.0,4.0,5.0,4.0,4.0,4.0,4.0,5.0,4.0,5.5,4.0,4.0,4.0,4.0,4.0,4.5,4.0,4.0,5.0,4.5,6.0,4.0,4.5,4.0,5.0,5.0,4.0,4.093942,DC,Serie A,D
Caldara Mattia,4.71,4.9,6.0,4.0,4.0,4.71,4.71,4.71,5.0,3.5,4.71,4.0,4.71,4.71,4.5,5.5,5.0,4.71,5.5,5.5,5.0,4.71,5.5,4.5,5.0,5.0,6.0,4.71,4.71,4.71,3.5,5.5,4.71,5.0,4.71,4.5,4.5,6.5,5.5,4.0,4.0661483,DC,Serie A,D
Coppola Diego,4.25,3.89,4.25,4.5,4.5,5.0,5.0,3.0,3.5,4.25,4.25,4.25,4.25,4.25,4.25,4.25,4.25,4.25,4.25,4.25,4.25,4.25,4.25,4.25,4.25,4.25,4.25,4.25,4.25,4.25,5.5,4.25,4.25,4.25,4.25,4.25,4.25,4.25,4.0,4.25,4.0604143,DC,Serie A,D
Marchizza Riccardo,4.25,4.4,4.25,4.25,4.25,4.5,4.25,4.0,4.25,4.25,4.25,4.25,4.25,4.25,4.25,4.25,4.25,4.25,4.25,4.25,5.5,5.0,4.25,3.0,4.25,4.25,4.25,4.25,4.25,4.25,4.25,4.25,4.25,4.25,4.25,4.25,4.25,4.25,4.25,4.25,4.0557413,DC,Serie A,D
Amione Bruno,4.44,4.44,3.5,4.44,4.44,4.44,4.44,4.44,4.44,4.44,4.44,4.44,5.0,4.0,5.0,4.0,3.5,6.0,4.44,5.0,4.44,4.44,4.44,4.44,4.44,4.44,4.44,4.44,4.44,4.44,4.44,4.44,4.44,4.44,4.44,4.44,4.44,4.44,4.44,4.0,4.0344906,DC,Serie A,D
Baschirotto Federico,5.29,5.29,5.0,5.0,5.5,6.0,4.5,5.0,6.0,5.5,5.5,5.0,5.0,5.0,5.0,7.0,5.5,5.5,5.5,5.5,5.29,5.29,5.29,5.29,5.29,5.29,5.29,5.29,5.29,5.29,5.29,5.29,5.29,5.29,5.29,5.29,5.29,5.29,5.29,3.5,4.010035,DL,Serie A,D
Lovato Matteo,3.6,4.32,3.6,3.6,3.6,3.6,3.6,3.6,3.6,3.0,3.6,3.6,3.6,3.6,4.0,3.6,3.6,4.0,3.6,3.0,5.0,3.6,3.6,4.5,3.6,5.0,6.0,4.0,4.5,4.0,5.5,2.0,4.5,5.5,3.6,4.0,4.0,3.6,5.5,4.0,3.9353185,DC,Serie A,D
Sosa Joaquín,4.0,4.0,4.0,4.0,4.0,4.0,4.0,4.0,4.0,3.0,4.0,4.0,5.0,4.0,4.0,3.0,5.0,4.0,4.0,4.0,4.0,4.0,4.0,4.0,4.0,4.0,4.0,4.0,4.0,4.0,4.0,4.0,4.0,4.0,4.0,4.0,4.0,4.0,4.0,4.0,3.9151511,DC,Serie A,D
Alex Sandro,4.94,4.87,7.0,5.0,5.0,5.0,4.5,5.5,4.94,6.5,4.5,5.5,4.5,5.5,5.5,3.5,4.94,4.94,5.5,2.5,5.5,4.94,4.94,4.5,4.94,4.94,4.5,4.94,4.94,4.5,4.94,5.0,4.94,5.5,5.5,4.5,5.0,3.5,4.5,3.5,3.8776798,DL,Serie A,D
Bradaric Domagoj,4.54,4.67,4.54,5.0,4.54,5.0,5.0,4.54,4.0,3.5,4.54,4.54,5.5,7.0,4.0,5.0,4.5,3.5,5.0,3.0,4.54,4.54,4.54,4.5,4.54,4.54,5.0,4.54,4.54,4.5,5.0,5.0,4.5,5.0,4.54,5.0,5.0,5.0,4.54,3.5,3.7413323,DL,Serie A,D
Marrone Luca,3.75,3.75,3.75,3.75,4.0,3.5,3.75,3.75,3.75,3.75,3.75,3.75,3.75,3.75,3.75,3.75,3.75,3.75,3.75,3.75,3.75,3.75,3.75,3.75,3.75,3.75,3.75,3.75,3.75,3.75,3.75,3.75,3.75,3.75,3.75,3.75,3.75,3.75,3.75,3.75,3.7268946,DC,Serie A,D
Reca Arkadiusz,4.9,4.78,6.0,4.0,5.0,4.5,4.5,4.5,4.5,4.9,4.9,4.9,4.5,5.0,5.0,6.0,4.9,5.5,5.0,6.5,4.5,4.9,5.0,4.5,4.9,3.0,5.0,6.0,5.0,5.5,3.0,5.0,5.0,5.0,4.9,4.0,4.5,5.0,4.9,3.0,3.3605058,DL,Serie A,D
