Joueur,Note,Note 1 an,j1,j2,j3,j4,j5,j6,j7,j8,j9,j10,j11,j12,j13,j14,j15,j16,j17,j18,j20,j21,j22,j23,j24,j25,j26,j27,j28,j29,j30,j31,j32,j33,j34,j35,j36,j37,j38,j19,prediction_label,Poste,Championnat
El Shaarawy Stephan,5.08,5.04,4.5,5.5,5.0,5.0,5.08,5.08,5.08,5.08,5.08,4.5,4.5,6.5,4.5,4.5,5.0,5.0,4.5,5.08,4.5,5.08,5.08,5.08,5.0,5.08,5.08,4.5,5.08,4.5,5.08,5.08,5.0,7.0,4.5,4.5,4.5,6.0,5.0,7.0,6.5839725,MO,Serie A
Di María Ángel,5.25,5.41,7.0,5.25,5.25,4.5,5.0,5.25,2.5,5.25,5.25,5.25,5.25,5.25,5.0,5.0,4.5,5.25,6.0,6.0,5.25,5.0,5.0,4.0,5.0,5.0,5.0,4.0,5.25,5.25,5.25,5.25,5.25,7.5,4.5,5.0,7.0,7.0,8.0,7.0,6.484699,MO,Serie A
Lazovic Darko,5.17,5.28,2.5,6.0,5.0,5.0,7.0,4.0,4.0,4.5,5.17,5.17,5.17,5.17,4.5,5.5,4.0,6.0,8.0,4.5,6.5,6.0,5.5,6.5,4.0,6.0,5.17,5.17,5.0,5.17,5.17,5.5,4.5,6.0,5.0,5.17,4.0,5.0,6.0,7.0,6.3713465,MO,Serie A
Miranchuk Aleksey,5.5,5.31,7.0,5.5,5.5,5.5,5.5,5.5,5.5,4.0,4.5,5.0,5.5,7.0,5.5,5.5,5.0,6.0,5.5,4.0,5.5,7.0,5.0,5.0,5.5,5.5,5.5,5.5,4.5,5.5,5.5,5.5,4.0,4.0,5.5,5.0,5.5,5.5,5.5,7.0,6.337458,MO,Serie A
Kvaratskhelia Khvicha,6.33,6.33,7.5,8.0,5.5,4.5,7.0,6.0,6.0,6.5,7.0,7.0,5.0,8.0,6.33,6.33,6.33,3.5,4.5,9.0,6.33,6.33,6.33,6.33,6.33,6.33,6.33,6.33,6.33,6.33,6.33,6.33,6.33,6.33,6.33,6.33,6.33,6.33,6.33,6.33,6.261459,MO,Serie A
Boga Jérémie,5.17,4.82,5.17,5.17,5.0,5.17,4.5,5.17,5.17,5.17,5.17,4.0,5.17,5.17,5.0,4.0,4.5,5.17,6.0,7.0,5.0,5.17,5.17,5.17,5.17,5.5,4.0,5.17,4.5,4.0,5.17,4.5,5.0,4.5,3.0,5.5,4.0,4.5,5.5,6.5,6.196439,MO,Serie A
Zaccagni Mattia,5.97,5.79,4.5,5.0,5.0,5.5,6.5,6.5,6.0,7.5,8.0,5.0,7.0,6.0,5.0,5.97,5.97,4.5,6.5,7.0,6.0,5.0,6.0,5.5,6.5,8.0,6.0,5.0,5.0,5.97,5.97,5.0,5.5,5.0,4.0,6.0,6.0,6.0,5.0,5.97,6.182605,MO,Serie A
Zielinski Piotr,6.03,5.6,7.5,8.0,5.5,5.5,6.5,6.0,5.5,5.5,4.5,6.5,5.5,4.5,7.0,6.5,7.0,5.5,5.0,6.5,5.5,6.03,6.03,6.0,5.0,5.5,4.5,5.0,4.5,5.0,5.0,5.5,4.5,4.5,4.5,6.03,5.0,5.0,6.5,6.0,6.0805,MO,Serie A
Pellegrini Lorenzo,5.72,5.83,5.5,8.0,5.5,7.0,3.0,5.5,7.0,6.0,5.0,7.0,3.5,5.5,4.5,5.72,5.72,7.0,6.0,5.5,4.5,6.0,5.72,5.72,5.72,5.5,5.72,6.0,6.0,6.0,8.0,5.5,5.72,6.5,5.0,5.5,4.0,7.0,8.0,5.72,5.972848,MO,Serie A
Fagioli Nicolò,5.7,5.7,5.7,5.7,5.7,5.7,5.0,5.5,5.0,5.7,5.7,5.7,5.7,6.0,7.5,5.5,6.0,5.5,5.0,5.7,5.7,5.7,5.7,5.7,5.7,5.7,5.7,5.7,5.7,5.7,5.7,5.7,5.7,5.7,5.7,5.7,5.7,5.7,5.7,6.0,5.9147315,MO,Serie A
Pessina Matteo,5.53,5.33,5.53,5.53,4.0,4.5,4.5,5.0,5.5,7.0,7.0,5.0,6.0,5.0,6.0,4.0,7.5,5.5,6.0,5.5,4.5,6.5,5.5,6.0,5.53,5.53,5.5,5.53,4.5,5.5,4.5,5.53,4.5,5.53,5.0,5.53,4.5,4.5,5.0,6.0,5.880965,MO,Serie A
Milinkovic-Savic Sergej,6.09,6.13,6.5,5.5,7.0,6.0,5.0,7.0,8.0,8.5,8.0,5.0,6.5,4.5,6.09,5.5,4.5,4.5,4.5,7.0,8.0,5.0,7.5,6.0,6.5,5.5,5.5,5.5,7.0,6.09,4.0,8.0,4.5,6.0,6.0,7.5,6.5,7.0,5.0,6.09,5.876864,MO,Serie A
Elmas Eljif,5.58,5.51,5.0,5.5,5.0,6.5,5.5,5.5,5.0,5.0,5.58,4.5,5.0,5.0,6.0,5.0,7.0,5.5,6.5,7.0,5.0,7.0,5.58,7.0,5.0,5.0,4.5,6.0,5.5,5.5,5.0,7.0,5.0,5.0,5.58,4.5,5.0,5.0,5.5,6.0,5.7822967,MO,Serie A
Zalewski Nicola,5.0,5.0,5.0,4.5,5.0,5.0,4.5,5.0,5.0,5.0,5.5,5.5,5.0,5.0,4.5,5.0,4.5,4.5,4.0,6.5,5.0,5.0,5.0,5.0,5.0,5.0,5.0,5.0,6.0,5.0,5.5,5.5,5.0,5.0,3.5,4.5,4.0,6.0,5.0,6.0,5.7775006,MO,Serie A
Baldanzi Tommaso,5.78,5.7,5.78,5.78,5.0,7.0,5.78,5.78,5.78,5.78,5.78,5.5,5.0,5.78,7.0,5.0,5.78,6.5,5.0,6.0,5.78,5.78,5.78,5.78,5.78,5.78,5.78,5.78,5.78,5.78,5.78,5.78,5.78,5.78,5.78,5.78,5.78,5.78,5.0,5.78,5.739398,MO,Serie A
Çalhanoglu Hakan,5.82,5.69,4.5,6.0,4.5,7.0,3.0,7.0,5.82,4.5,6.0,7.5,5.0,7.5,5.5,7.5,6.5,6.0,5.0,6.0,4.5,5.82,4.5,5.5,6.5,5.0,4.0,4.0,4.5,5.5,4.0,6.5,5.5,6.5,8.0,5.82,7.0,6.0,7.0,5.82,5.7351575,MO,Serie A
Barella Nicolò,5.64,5.57,5.0,6.0,4.5,8.0,4.5,6.5,5.5,5.5,5.0,7.0,6.0,7.0,4.5,6.0,5.0,6.0,4.5,5.0,5.0,5.5,6.0,6.0,4.5,4.0,4.5,5.0,8.5,5.0,5.5,5.0,6.0,6.0,5.0,5.0,6.0,6.0,6.0,5.64,5.6726527,MO,Serie A
Bonaventura Giacomo,5.72,5.43,7.0,6.0,6.0,5.72,5.72,6.0,5.0,5.0,5.0,5.0,6.0,5.0,7.5,7.0,5.72,5.0,6.0,5.0,3.5,3.5,8.0,5.0,3.5,5.72,6.0,3.5,5.72,5.0,5.72,5.72,5.72,5.72,5.72,5.0,7.0,3.5,7.0,5.0,5.6618724,MO,Serie A
Díaz Brahim,5.66,5.36,7.0,5.0,5.66,5.0,5.0,5.66,5.0,4.5,7.0,5.5,7.5,4.5,6.0,5.5,5.0,6.0,6.0,6.0,6.0,5.0,4.5,5.5,5.0,4.5,4.5,5.5,5.66,5.0,5.0,6.0,4.5,5.0,5.5,4.5,5.66,5.66,5.0,5.66,5.656488,MO,Serie A
Laurienté Armand,5.46,5.53,5.46,5.46,5.46,5.46,5.5,6.0,5.5,8.0,6.0,5.46,6.5,4.0,5.46,6.0,4.0,5.0,4.0,5.0,5.46,6.0,5.5,5.46,5.5,6.0,6.0,3.5,5.5,4.5,4.5,7.0,6.0,6.0,4.5,5.0,3.5,5.0,6.0,5.5,5.635091,MO,Serie A
Volpato Cristian,5.75,5.6,5.75,5.75,5.75,5.75,5.75,5.75,5.75,5.75,5.75,5.75,5.75,8.0,5.0,5.0,5.0,5.75,5.75,5.75,5.75,5.75,5.75,5.75,5.75,5.75,5.75,5.75,5.75,5.75,5.75,5.75,5.75,5.75,5.75,5.75,5.75,5.0,5.75,5.75,5.616365,MO,Serie A
Samardzic Lazar,5.31,5.26,5.0,5.31,5.0,5.0,7.5,6.5,5.0,6.0,5.0,6.0,4.5,5.0,3.5,5.0,6.5,5.0,4.5,5.0,5.31,5.31,5.0,5.31,5.31,5.31,5.31,5.31,5.31,5.0,5.0,5.31,6.0,6.0,5.5,4.5,5.0,5.0,6.0,5.5,5.582547,MO,Serie A
Traorè Hamed,4.65,5.35,4.65,4.65,4.65,4.65,4.65,4.65,4.65,4.65,4.65,4.5,6.0,3.5,4.0,4.5,3.5,5.5,5.0,4.5,4.65,4.65,4.65,4.65,5.5,7.0,7.0,6.0,4.65,7.0,5.5,6.5,8.0,4.0,4.5,4.65,5.0,5.5,5.0,5.5,5.5758924,MO,Serie A
Luis Alberto,5.53,5.66,4.5,5.0,7.0,5.5,4.5,6.5,5.0,6.5,6.0,4.5,5.53,6.0,5.0,5.53,5.5,5.53,6.0,5.5,5.5,5.0,6.0,5.0,7.0,7.0,5.53,5.0,8.0,5.53,3.5,6.5,6.0,4.5,4.5,6.0,8.0,5.0,5.53,5.53,5.5214005,MO,Serie A
Ikoné Jonathan,5.11,5.0,5.11,4.0,4.0,4.5,5.0,5.0,7.0,4.5,4.0,5.0,6.0,5.5,6.0,5.5,5.5,5.0,5.0,5.0,4.5,5.0,6.0,4.5,4.5,5.0,5.11,5.5,3.5,5.0,5.0,5.11,6.5,5.0,3.5,5.0,6.0,3.5,5.0,5.5,5.515384,MO,Serie A
Candreva Antonio,5.0,5.23,4.5,5.0,6.5,6.0,3.5,6.0,6.0,3.0,5.5,5.0,5.5,6.0,6.0,4.5,2.5,5.0,6.0,3.0,4.0,5.0,5.0,6.0,8.5,5.0,6.0,5.0,5.5,5.0,5.5,5.0,4.5,4.5,5.5,6.0,4.5,7.5,5.0,5.5,5.455571,MO,Serie A
Mkhitaryan Henrikh,5.43,5.66,5.0,5.43,5.43,5.43,5.5,5.0,4.5,5.0,6.5,5.5,5.5,6.5,5.5,5.5,5.0,6.0,5.0,5.5,5.0,6.5,6.0,6.5,6.0,5.5,5.43,4.5,6.0,5.43,7.0,7.0,6.0,5.0,6.0,5.43,5.43,5.43,5.43,5.43,5.4423323,MO,Serie A
Pereyra Roberto,5.33,5.41,5.5,5.0,5.0,5.0,8.0,6.5,5.0,4.5,6.5,5.0,4.0,5.5,6.0,5.0,3.5,6.5,5.0,4.5,5.33,5.33,5.33,5.33,5.33,5.33,4.5,7.0,6.0,5.0,5.5,8.0,5.33,5.5,5.33,4.0,4.5,4.0,7.0,5.33,5.42347,MO,Serie A
Felipe Anderson,5.58,5.57,5.0,4.5,7.0,5.0,6.0,4.5,6.0,7.0,5.5,5.0,7.0,4.0,6.5,5.0,3.5,5.0,7.0,7.0,6.0,4.5,6.5,5.0,5.5,5.0,7.0,5.0,8.0,5.58,2.5,6.0,6.0,5.0,4.0,5.0,5.5,5.5,8.0,5.58,5.4108825,MO,Serie A
Barak Antonín,4.97,5.16,4.5,4.97,5.0,4.5,5.5,5.0,5.5,5.0,4.5,4.5,5.0,4.97,5.0,5.0,6.0,4.5,4.97,5.0,4.5,4.5,9.0,7.0,4.5,7.0,4.97,4.97,4.97,3.5,5.0,4.97,4.97,5.0,4.5,6.5,4.0,4.97,4.97,5.0,5.308947,MO,Serie A
Castrovilli Gaetano,5.0,5.13,5.0,5.0,5.0,5.0,5.0,5.0,5.0,5.0,5.0,5.0,5.0,5.0,5.0,5.0,5.0,5.0,5.0,5.0,5.0,3.0,5.0,5.0,5.0,5.0,5.5,6.0,5.0,5.0,5.5,6.5,5.0,5.5,5.0,5.0,5.0,5.0,5.0,5.0,5.2578897,MO,Serie A
Soriano Roberto,5.35,5.35,6.0,5.5,4.5,4.5,7.0,6.0,5.0,3.5,5.0,5.35,5.0,5.5,6.0,5.0,7.5,5.0,5.0,5.0,5.0,5.35,5.35,6.0,5.5,4.5,6.0,4.0,5.0,5.5,5.5,5.0,5.0,6.5,6.0,6.0,5.5,4.5,5.35,5.35,5.246411,MO,Serie A
Junior Messias Junior,5.46,5.4,5.0,5.0,5.0,5.0,5.5,7.0,4.5,5.46,5.46,5.46,6.0,6.5,5.5,5.5,5.46,5.46,5.46,5.0,7.0,5.0,4.5,5.0,4.5,5.5,7.0,5.0,5.0,5.5,5.5,4.5,5.0,6.0,5.5,5.0,5.0,6.0,5.46,5.46,5.240014,MO,Serie A
De Ketelaere Charles,5.17,5.17,5.0,5.5,7.0,5.0,5.0,6.0,5.0,5.5,5.0,5.17,5.0,5.0,5.0,4.5,5.17,4.5,4.5,5.17,5.17,5.17,5.17,5.17,5.17,5.17,5.17,5.17,5.17,5.17,5.17,5.17,5.17,5.17,5.17,5.17,5.17,5.17,5.17,5.17,5.2290792,MO,Serie A
Gabriel Strefezza Gabriel,5.5,5.5,5.0,4.5,6.5,4.5,5.5,5.5,6.5,7.0,7.0,5.0,4.5,5.5,4.5,5.5,5.5,6.5,5.0,5.5,5.5,5.5,5.5,5.5,5.5,5.5,5.5,5.5,5.5,5.5,5.5,5.5,5.5,5.5,5.5,5.5,5.5,5.5,5.5,5.0,5.2194037,MO,Serie A
Marcos Antônio,5.17,5.17,5.17,4.5,4.5,5.0,5.17,6.0,5.17,5.0,6.0,5.17,5.17,5.17,5.17,5.0,5.0,5.5,5.17,5.17,5.17,5.17,5.17,5.17,5.17,5.17,5.17,5.17,5.17,5.17,5.17,5.17,5.17,5.17,5.17,5.17,5.17,5.17,5.17,5.17,5.2111416,MO,Serie A
Thorstvedt Kristian,5.09,5.09,4.0,5.0,5.5,5.0,5.0,5.0,5.0,8.0,5.0,5.0,6.0,4.0,5.0,4.5,5.0,4.5,5.09,5.0,5.09,5.09,5.09,5.09,5.09,5.09,5.09,5.09,5.09,5.09,5.09,5.09,5.09,5.09,5.09,5.09,5.09,5.09,5.09,5.09,5.207747,MO,Serie A
Radonjic Nemanja,5.12,5.12,5.5,5.5,7.0,5.0,4.5,4.5,4.0,5.0,5.0,4.0,6.0,5.12,4.5,7.0,5.0,4.5,5.0,5.0,5.12,5.12,5.12,5.12,5.12,5.12,5.12,5.12,5.12,5.12,5.12,5.12,5.12,5.12,5.12,5.12,5.12,5.12,5.12,5.12,5.196228,MO,Serie A
Tahirovic Benjamin,5.13,5.13,5.13,5.13,5.13,5.13,5.13,5.13,5.13,5.13,5.13,5.13,5.13,5.13,5.13,5.13,5.0,5.5,5.0,5.0,5.13,5.13,5.13,5.13,5.13,5.13,5.13,5.13,5.13,5.13,5.13,5.13,5.13,5.13,5.13,5.13,5.13,5.13,5.13,5.13,5.14819,MO,Serie A
Romero Luka,5.13,5.0,5.13,5.13,5.13,5.13,5.13,5.13,5.13,5.13,5.13,5.13,5.13,5.13,5.0,6.0,4.5,5.0,5.13,5.13,5.13,5.13,5.5,5.13,5.13,5.13,5.13,5.13,5.0,5.13,5.0,5.13,5.13,5.0,5.13,5.0,4.5,5.13,4.5,5.13,5.143038,MO,Serie A
Lopez Maxime,5.21,5.35,5.21,6.0,6.0,5.0,5.5,4.0,6.0,7.5,4.5,5.0,5.0,3.0,5.5,6.0,5.21,5.21,5.21,4.0,6.0,7.0,5.0,4.5,3.5,5.0,6.0,6.0,5.21,6.5,6.0,5.21,7.0,5.5,6.0,4.5,6.0,5.0,3.5,5.21,5.1380906,MO,Serie A
Maleh Youssef,5.09,5.0,5.0,5.0,5.5,5.0,5.5,5.09,5.09,5.09,4.5,5.09,5.09,4.5,5.09,5.09,5.09,5.0,6.0,5.0,5.0,4.5,6.0,5.5,5.09,5.5,5.0,4.5,5.0,5.09,5.09,5.0,5.5,5.0,3.5,4.5,5.0,4.5,5.09,5.0,5.1253524,MO,Serie A
Saponara Riccardo,5.23,5.11,5.0,4.5,5.0,4.0,5.23,5.5,5.0,5.0,5.5,5.23,5.23,6.0,5.0,6.5,5.0,5.0,6.5,5.23,5.23,5.0,6.5,5.23,5.23,5.5,5.23,6.0,3.5,5.23,5.0,5.0,4.0,5.23,6.0,4.0,5.0,4.0,5.0,5.0,5.0627007,MO,Serie A
Adli Yacine,5.0,4.86,5.0,5.0,4.5,5.0,5.0,5.0,5.5,5.0,5.0,5.0,5.0,5.0,5.0,5.0,5.0,5.0,5.0,5.0,5.0,3.5,4.5,2.5,5.0,5.5,6.0,4.0,4.0,6.0,5.5,6.0,5.0,5.0,5.0,5.0,4.5,5.0,5.0,5.0,5.0555983,MO,Serie A
Bajrami Nedim,5.0,5.09,5.5,4.5,4.5,5.0,4.5,5.0,5.0,6.0,5.5,4.5,4.5,3.5,5.0,5.0,7.0,5.0,5.0,5.0,6.0,5.0,5.5,7.0,4.5,6.0,4.5,5.0,5.5,5.0,4.5,5.0,5.5,3.5,6.0,5.0,4.0,5.0,5.5,5.0,5.0335584,MO,Serie A
Gaetano Gianluca,5.0,5.0,5.0,5.0,5.0,5.0,5.0,5.5,5.0,5.0,5.0,5.0,4.5,5.0,5.0,5.0,5.0,5.0,5.0,5.0,5.0,5.0,5.0,5.0,5.0,5.0,5.0,5.0,5.0,5.0,5.0,5.0,5.0,5.0,5.0,5.0,5.0,5.0,5.0,5.0,5.0164433,MO,Serie A
Cambiaghi Nicolò,5.0,5.0,5.0,4.5,5.0,5.0,5.0,4.0,5.0,4.5,4.5,5.0,5.0,5.0,5.0,5.0,7.5,4.5,6.0,4.5,5.0,5.0,5.0,5.0,5.0,5.0,5.0,5.0,5.0,5.0,5.0,5.0,5.0,5.0,5.0,5.0,5.0,5.0,5.0,5.0,5.013275,MO,Serie A
D'Andrea Luca,5.0,5.0,5.0,5.0,5.0,5.0,5.0,5.0,5.5,5.0,5.0,6.0,4.5,5.0,4.0,5.0,5.0,5.0,5.0,5.0,5.0,5.0,5.0,5.0,5.0,5.0,5.0,5.0,5.0,5.0,5.0,5.0,5.0,5.0,5.0,5.0,5.0,5.0,5.0,5.0,5.0082607,MO,Serie A
Cortinovis Alessandro,5.0,5.0,5.0,5.0,5.0,5.0,5.0,5.0,5.0,5.0,5.0,5.0,5.0,5.0,5.0,5.0,5.0,5.0,5.0,5.0,5.0,5.0,5.0,5.0,5.0,5.0,5.0,5.0,5.0,5.0,5.0,5.0,5.0,5.0,5.0,5.0,5.0,5.0,5.0,5.0,5.003771,MO,Serie A
Bohinen Emil,5.06,5.33,5.06,5.06,5.06,5.06,5.06,5.06,5.06,5.06,5.06,5.0,4.5,5.0,4.5,5.0,5.5,5.5,5.5,5.06,6.0,5.06,5.06,5.06,5.06,5.06,5.06,5.0,5.06,5.06,5.06,5.0,5.0,6.0,6.0,6.5,5.5,5.06,5.0,5.06,4.9940276,MO,Serie A
Miretti Fabio,5.06,5.0,5.0,5.0,5.5,7.0,4.5,5.0,5.0,5.0,5.0,5.06,5.0,5.0,5.0,4.5,5.06,5.0,4.5,5.0,5.06,5.06,5.06,5.06,5.06,5.06,5.06,5.06,5.06,5.06,5.0,5.06,5.06,5.06,5.0,5.0,5.0,4.5,4.5,5.0,4.977027,MO,Serie A
Vignato Emanuel,5.0,4.97,5.0,5.0,4.5,4.5,5.0,5.0,5.0,4.5,5.0,5.0,5.0,5.0,6.5,5.0,5.0,5.0,5.0,5.0,5.0,5.0,5.0,5.0,5.0,5.0,5.0,4.5,5.0,5.0,5.0,5.0,5.0,5.0,5.0,5.0,5.0,5.0,5.0,5.0,4.974926,MO,Serie A
Verre Valerio,5.08,5.02,5.0,5.0,5.5,5.0,4.0,5.0,5.0,5.0,5.0,5.5,5.5,4.5,5.08,5.0,5.5,6.0,5.5,4.5,5.08,5.08,5.08,5.08,5.0,5.0,5.08,5.0,4.5,5.08,5.08,5.08,5.08,4.5,5.0,4.5,5.08,5.5,5.08,5.0,4.971615,MO,Serie A
Bondo Warren,5.0,5.0,5.0,5.0,5.0,5.0,5.0,5.0,5.0,5.0,5.0,5.0,5.0,5.0,5.0,5.0,5.0,5.0,5.0,5.0,5.0,5.5,4.5,5.0,5.0,5.0,5.0,5.0,5.0,5.0,5.0,5.0,5.0,5.0,5.0,5.0,5.0,5.0,5.0,5.0,4.960904,MO,Serie A
Wijnaldum Georginio,5.0,4.97,5.0,5.0,5.0,5.0,5.0,5.0,5.0,5.0,5.0,5.0,5.0,5.0,5.0,5.0,5.0,5.0,5.0,5.0,4.5,5.5,5.0,5.0,5.0,3.0,5.5,4.5,7.0,3.5,4.5,5.0,5.0,5.5,5.0,5.0,5.5,5.5,5.0,5.0,4.9520025,MO,Serie A
Oudin Remi,4.79,4.83,4.79,4.79,4.79,4.79,5.0,4.79,5.0,4.79,4.5,4.5,5.0,5.0,5.0,5.0,4.5,5.0,4.5,4.5,4.5,4.0,7.0,4.5,5.0,6.5,5.0,4.5,4.5,4.79,4.5,4.79,5.0,4.5,5.0,4.5,4.0,5.0,4.5,4.79,4.9500623,MO,Serie A
Zaniolo Nicolò,4.77,4.92,4.5,5.5,4.77,4.77,4.77,4.77,4.5,4.5,4.5,4.5,4.5,6.5,4.5,5.0,4.5,5.0,4.0,4.77,3.5,4.77,4.0,7.0,4.5,4.77,4.77,6.0,6.0,5.0,4.77,4.77,5.0,4.0,4.77,5.0,5.0,4.77,6.0,4.77,4.9266286,MO,Serie A
Ilkhan Emirhan,4.88,4.88,4.5,4.88,4.88,4.88,5.0,5.0,4.88,4.88,4.88,4.88,4.88,4.88,4.88,5.0,4.88,4.88,4.88,4.88,4.88,4.88,4.88,4.88,4.88,4.88,4.88,4.88,4.88,4.88,4.88,4.88,4.88,4.88,4.88,4.88,4.88,4.88,4.88,4.88,4.9013515,MO,Serie A
Benassi Marco,5.0,4.68,5.0,5.0,5.0,5.0,5.0,5.0,5.0,5.0,5.0,5.0,5.0,5.0,5.0,5.0,5.0,5.0,5.0,5.0,5.0,5.0,5.0,4.5,5.5,4.5,4.0,4.5,4.5,5.0,5.0,5.0,5.0,3.5,5.0,5.0,5.0,4.5,5.0,5.0,4.896812,MO,Serie A
Zanimacchia Luca,4.82,4.82,5.5,4.5,5.5,4.0,5.0,4.5,3.5,6.5,4.5,4.5,4.82,4.82,5.0,4.82,5.0,4.82,5.0,4.5,4.82,4.82,4.82,4.82,4.82,4.82,4.82,4.82,4.82,4.82,4.82,4.82,4.82,4.82,4.82,4.82,4.82,4.82,4.82,4.82,4.8666763,MO,Serie A
Gonzàlez Joan,5.29,5.29,5.0,4.5,5.5,4.0,6.0,7.0,4.5,5.0,5.5,5.5,4.5,4.5,5.5,6.0,6.0,6.0,6.0,5.0,5.29,5.29,5.29,5.29,5.29,5.29,5.29,5.29,5.29,5.29,5.29,5.29,5.29,5.29,5.29,5.29,5.29,5.29,5.29,4.5,4.8241353,MO,Serie A
Hjulmand Morten,5.56,5.56,5.5,6.0,5.5,7.0,4.5,5.0,6.5,5.0,3.5,5.56,5.0,4.5,5.5,7.5,7.5,5.5,5.56,6.0,5.56,5.56,5.56,5.56,5.56,5.56,5.56,5.56,5.56,5.56,5.56,5.56,5.56,5.56,5.56,5.56,5.56,5.56,5.56,4.5,4.8207245,MO,Serie A
Pasalic Mario,5.21,5.27,7.0,5.5,5.21,5.0,5.0,4.5,4.5,5.0,5.0,7.0,4.5,6.5,5.0,4.0,4.5,5.5,5.0,5.21,5.5,7.0,6.0,5.21,5.21,4.5,5.0,5.21,4.0,5.5,6.5,4.5,4.5,4.5,6.5,5.5,6.5,5.0,4.5,5.0,4.8023605,MO,Serie A
Lazaro Valentino,4.83,4.83,5.0,5.0,4.83,3.5,5.5,4.5,5.0,3.5,5.0,4.5,5.0,5.5,4.5,4.83,4.5,5.0,6.5,4.83,4.83,4.83,4.83,4.83,4.83,4.83,4.83,4.83,4.83,4.83,4.83,4.83,4.83,4.83,4.83,4.83,4.83,4.83,4.83,4.83,4.780083,MO,Serie A
Kovalenko Viktor,4.94,4.82,4.94,5.0,5.5,5.0,5.0,5.0,4.5,4.94,5.0,4.94,4.94,4.94,4.94,4.94,4.94,4.5,4.94,4.94,4.94,4.94,6.5,4.5,4.94,4.94,4.94,4.94,5.0,5.5,2.5,4.0,5.0,4.5,4.5,4.5,5.0,5.5,4.5,5.0,4.7781878,MO,Serie A
Milanese Tommaso,4.75,4.75,4.75,4.75,4.75,4.75,4.75,4.75,5.0,4.75,4.75,4.75,4.75,4.75,4.75,4.75,4.75,4.5,4.75,4.75,4.75,4.75,4.75,4.75,4.75,4.75,4.75,4.75,4.75,4.75,4.75,4.75,4.75,4.75,4.75,4.75,4.75,4.75,4.75,4.75,4.7514086,MO,Serie A
Sabiri Abdelhamid,4.69,5.13,5.0,5.5,3.0,5.5,4.5,3.5,7.0,2.5,4.0,4.5,5.0,4.69,4.69,4.69,4.69,4.69,4.69,6.0,4.69,4.69,4.69,4.69,4.69,4.5,6.0,4.69,5.0,7.5,6.5,5.0,4.0,5.0,5.0,8.0,4.5,8.0,3.5,5.0,4.7484355,MO,Serie A
Báez Jaime,4.75,4.75,4.75,5.0,4.5,4.75,4.75,4.75,4.75,4.75,4.75,4.75,4.75,4.75,4.75,4.75,4.75,4.75,4.75,4.75,4.75,4.75,4.75,4.75,4.75,4.75,4.75,4.75,4.75,4.75,4.75,4.75,4.75,4.75,4.75,4.75,4.75,4.75,4.75,4.75,4.7416887,MO,Serie A
Iling-Junior Samuel,4.75,4.75,4.75,4.75,4.75,4.75,4.75,4.75,4.75,4.75,4.75,4.75,4.5,5.5,4.75,4.75,4.75,4.5,4.75,4.5,4.75,4.75,4.75,4.75,4.75,4.75,4.75,4.75,4.75,4.75,4.75,4.75,4.75,4.75,4.75,4.75,4.75,4.75,4.75,4.75,4.734288,MO,Serie A
Pjaca Marko,4.67,4.7,4.67,4.67,4.67,4.67,5.0,5.5,4.5,4.5,4.5,4.67,5.0,4.5,4.67,4.67,4.67,4.67,4.0,4.5,4.5,4.5,5.0,5.0,4.67,3.5,4.0,5.0,4.67,4.67,4.5,5.5,4.67,4.67,6.0,4.67,4.67,4.67,4.5,4.67,4.724464,MO,Serie A
D'Alessandro Marco,4.63,4.63,4.5,4.0,4.63,4.63,4.63,4.63,4.63,4.5,5.0,5.0,4.63,4.5,4.63,4.63,4.5,4.63,4.63,5.0,4.63,4.63,4.63,4.63,4.63,4.63,4.63,4.63,4.63,4.63,4.63,4.63,4.63,4.63,4.63,4.63,4.63,4.63,4.63,4.63,4.658547,MO,Serie A
Lameck Banda,5.05,5.05,5.0,5.5,6.5,5.5,5.0,5.0,4.5,5.0,5.0,5.0,4.5,5.0,4.0,5.0,7.0,4.0,5.0,5.0,5.05,5.05,5.05,5.05,5.05,5.05,5.05,5.05,5.05,5.05,5.05,5.05,5.05,5.05,5.05,5.05,5.05,5.05,5.05,4.5,4.6113453,MO,Serie A
Sansone Nicola,4.8,4.88,5.0,4.8,5.0,6.0,4.5,4.8,4.8,4.0,4.5,4.5,4.8,4.5,4.8,4.8,4.8,4.8,3.5,6.5,6.0,4.8,4.8,3.5,4.5,4.8,6.0,4.5,5.0,4.0,4.8,4.8,5.0,4.8,6.5,4.8,4.5,5.0,4.8,4.8,4.592453,MO,Serie A
Kastanos Grigoris,4.85,5.1,4.5,4.85,6.0,4.85,5.0,4.5,4.0,5.0,4.85,5.0,4.85,4.85,4.85,4.85,5.0,4.5,4.85,5.0,5.0,8.0,4.85,4.85,4.85,4.5,6.0,5.0,4.5,4.5,4.85,4.85,5.5,5.0,5.0,5.0,5.5,5.0,5.5,4.85,4.566546,MO,Serie A
Valoti Mattia,4.83,4.83,5.5,4.5,4.5,4.83,4.83,5.0,4.83,4.83,4.83,4.83,4.83,5.0,4.83,4.83,4.83,4.83,4.83,4.83,4.83,4.83,4.83,4.83,4.83,4.83,4.83,4.83,4.83,4.83,4.83,4.83,4.83,4.83,4.83,4.83,4.83,4.83,4.83,4.5,4.566235,MO,Serie A
Djuricic Filip,4.94,4.88,5.5,5.0,4.5,5.0,5.0,6.0,5.0,4.0,6.0,5.0,6.0,4.0,4.5,4.0,4.5,4.94,5.5,5.0,4.94,4.94,4.94,4.94,4.94,4.94,4.94,4.94,4.94,4.94,4.94,4.94,4.94,4.5,5.0,4.0,4.94,4.94,4.94,4.5,4.5296593,MO,Serie A
Politano Matteo,5.25,5.17,6.0,4.5,5.0,6.5,6.0,5.0,6.0,6.0,6.0,4.0,6.0,5.25,5.0,5.0,5.0,4.5,5.0,4.5,5.5,5.0,5.25,5.0,6.0,5.0,5.25,6.0,4.5,6.0,4.0,6.0,3.5,5.25,4.0,4.5,4.5,5.25,6.5,4.5,4.512852,MO,Serie A
Kostic Filip,5.53,5.53,4.5,5.0,5.5,5.5,5.5,6.5,5.0,7.0,4.5,5.5,7.0,6.0,8.0,5.0,6.5,5.0,6.0,3.0,5.53,5.53,5.53,5.53,5.53,5.53,5.53,5.53,5.53,5.53,5.53,5.53,5.53,5.53,5.53,5.53,5.53,5.53,5.53,4.0,4.5054374,MO,Serie A
Pablo Rodríguez,4.5,4.5,4.5,4.5,4.5,4.5,4.5,4.5,4.5,4.5,4.5,4.5,5.0,4.0,4.5,4.5,4.5,4.5,4.5,4.5,4.5,4.5,4.5,4.5,4.5,4.5,4.5,4.5,4.5,4.5,4.5,4.5,4.5,4.5,4.5,4.5,4.5,4.5,4.5,4.5,4.5000777,MO,Serie A
Listkowski Marcin,4.5,4.5,4.5,4.5,4.5,4.5,4.5,4.5,4.5,4.5,4.5,4.5,4.5,4.5,4.5,4.5,4.5,4.5,4.5,4.5,4.5,4.5,4.5,4.5,4.5,4.5,4.5,4.5,4.5,4.5,4.5,4.5,4.5,4.5,4.5,4.5,4.5,4.5,4.5,4.5,4.490743,MO,Serie A
Solbakken Ola,4.5,4.5,4.5,4.5,4.5,4.5,4.5,4.5,4.5,4.5,4.5,4.5,4.5,4.5,4.5,4.5,4.5,4.5,4.5,4.5,4.5,4.5,4.5,4.5,4.5,4.5,4.5,4.5,4.5,4.5,4.5,4.5,4.5,4.5,4.5,4.5,4.5,4.5,4.5,4.5,4.490743,MO,Serie A
Vignato Samuele,4.5,4.5,4.5,4.5,4.5,4.5,4.5,4.5,4.5,4.5,4.5,4.5,4.5,4.5,4.5,4.5,4.5,4.5,4.5,4.5,4.5,4.5,4.5,4.5,4.5,4.5,4.5,4.5,4.5,4.5,4.5,4.5,4.5,4.5,4.5,4.5,4.5,4.5,4.5,4.5,4.490743,MO,Serie A
Zerbin Alessio,4.38,4.38,4.0,4.5,4.38,4.38,4.38,4.38,4.5,4.38,4.38,4.38,4.38,4.38,4.5,4.38,4.38,4.38,4.38,4.38,4.38,4.38,4.38,4.38,4.38,4.38,4.38,4.38,4.38,4.38,4.38,4.38,4.38,4.38,4.38,4.38,4.38,4.38,4.38,4.38,4.3811803,MO,Serie A
Faraoni Marco,4.25,4.63,3.5,5.0,4.25,4.5,4.25,4.25,4.25,4.25,5.0,4.5,3.5,3.0,5.0,4.25,4.25,4.25,4.25,4.25,4.25,4.25,5.0,5.0,4.25,5.0,4.25,4.25,5.0,4.5,4.25,5.0,4.0,5.5,4.5,5.0,6.0,4.25,4.0,4.25,4.328029,MO,Serie A
Éderson,5.26,5.28,5.26,5.26,4.5,5.5,6.5,5.0,4.5,5.5,5.0,5.0,5.0,6.0,5.0,5.5,6.0,4.0,5.5,7.0,5.0,5.26,5.26,5.26,5.26,5.0,5.0,5.5,2.5,4.5,6.0,5.0,5.0,6.0,4.5,8.0,5.5,5.5,5.26,4.0,4.309345,MO,Serie A
Léris Mehdi,4.68,4.68,5.0,4.5,5.5,5.0,5.0,5.0,4.5,4.68,6.0,5.5,4.5,4.0,4.0,4.68,3.0,5.0,5.0,4.0,4.68,4.68,4.68,4.68,4.68,4.68,4.68,4.68,4.68,4.68,4.68,4.68,4.68,4.68,4.68,4.68,4.68,4.68,4.68,4.0,4.247733,MO,Serie A
Maldini Daniel,4.86,4.75,4.86,4.86,4.86,4.86,4.86,4.86,4.86,4.86,5.0,5.0,5.0,4.86,6.0,4.5,4.86,4.5,4.86,4.86,4.5,4.5,4.86,4.86,4.86,4.86,4.86,4.5,4.86,4.86,4.86,4.86,4.86,4.86,4.86,4.86,4.86,4.86,4.86,4.0,4.247007,MO,Serie A
Agudelo Kevin,4.67,4.93,6.0,3.0,4.5,4.5,4.0,4.5,5.0,5.0,4.0,5.0,4.5,5.0,4.5,6.0,5.0,4.67,4.5,5.5,3.5,4.67,7.0,6.0,4.67,6.0,5.0,5.0,5.0,5.5,4.5,5.0,4.5,5.5,5.0,6.0,4.5,5.5,5.0,3.5,4.02354,MO,Serie A
