Joueur,Note,Note 1 an,j1,j2,j3,j4,j5,j6,j7,j8,j9,j10,j11,j12,j13,j14,j15,j16,j17,j18,j20,j21,j22,j23,j24,j25,j26,j27,j28,j29,j30,j31,j32,j33,j34,j35,j36,j37,j38,j19,prediction_label,Poste,Championnat
Smalling Chris,5.55,5.47,6.0,7.5,6.0,5.5,3.0,5.0,5.5,7.0,6.5,6.0,5.0,5.0,4.5,5.0,5.5,6.5,4.5,5.5,4.5,3.5,5.55,5.0,7.0,4.5,5.55,5.5,5.5,5.5,6.0,6.0,7.0,6.0,3.5,5.55,4.5,6.5,5.55,6.0,6.217335,DC,Serie A
Rodrigo Becão,5.38,5.16,5.0,5.5,6.0,5.5,6.0,5.5,5.5,5.5,5.38,4.5,5.38,5.38,5.38,5.38,5.38,5.5,5.0,4.5,5.5,2.5,5.38,5.5,6.0,3.5,4.5,5.5,4.0,4.5,4.0,7.0,7.5,6.0,4.0,4.5,4.5,5.38,6.0,6.0,6.0562716,DC,Serie A
Zima David,5.11,4.95,5.11,5.11,5.11,5.11,5.11,4.5,5.0,5.11,5.11,5.0,4.0,5.0,5.11,6.5,5.0,5.11,5.0,5.11,3.0,5.0,5.5,5.5,3.5,5.0,5.11,5.11,5.11,5.11,5.11,5.11,4.5,5.0,5.0,5.11,5.11,6.0,5.0,6.0,6.053287,DC,Serie A
Mancini Gianluca,5.21,5.06,6.0,6.0,5.0,5.0,3.5,5.5,4.5,5.5,5.0,6.0,4.0,5.0,4.5,6.0,5.5,5.5,4.5,6.0,3.0,5.21,6.0,5.0,5.5,3.5,5.21,4.5,6.0,5.0,5.0,5.0,5.21,6.0,3.0,6.0,4.0,5.21,5.5,6.0,6.030159,DC,Serie A
Ibañez,5.5,5.15,5.5,6.5,6.0,7.0,3.0,6.5,5.5,5.0,5.5,5.5,5.0,6.0,4.0,5.5,5.5,6.0,5.5,5.5,3.0,2.5,5.5,5.0,6.5,5.5,5.5,5.5,4.5,5.5,5.5,5.5,4.5,4.0,3.5,6.0,4.5,5.0,5.5,5.5,6.0046782,DC,Serie A
Pérez Nehuén,5.09,4.83,4.0,3.5,5.09,5.09,6.5,5.5,5.5,5.5,7.0,5.5,4.5,5.0,5.0,4.5,3.0,6.0,5.0,4.5,5.09,2.0,4.0,4.5,5.09,5.09,6.0,4.5,5.5,5.5,5.09,5.09,5.0,6.0,3.5,4.0,5.0,3.5,6.0,6.0,5.999163,DC,Serie A
Juan Jesus,6.0,5.67,6.0,6.0,6.0,6.0,6.0,6.0,6.0,6.0,6.0,6.5,6.0,6.0,6.0,6.0,5.5,6.0,6.0,6.0,5.5,6.0,6.0,7.0,5.5,5.0,5.0,5.0,6.0,6.0,6.0,5.5,6.0,5.0,4.5,6.0,6.0,6.0,6.0,6.0,5.9668617,DC,Serie A
Martínez Lucas,5.5,5.07,4.5,6.0,5.5,5.5,5.5,6.0,7.5,6.0,3.5,5.0,4.0,6.0,5.5,5.5,5.5,6.5,5.5,5.5,3.0,3.0,5.5,5.5,5.5,5.5,5.5,4.0,5.5,5.5,5.0,5.5,5.0,5.5,5.5,4.0,5.5,5.5,5.5,5.5,5.915845,DC,Serie A
Bijol Jaka,5.43,5.43,5.43,5.0,5.43,6.5,5.0,5.43,7.0,7.5,4.5,5.5,5.0,5.5,5.0,5.5,3.5,5.43,5.5,4.5,5.43,5.43,5.43,5.43,5.43,5.43,5.43,5.43,5.43,5.43,5.43,5.43,5.43,5.43,5.43,5.43,5.43,5.43,5.43,6.0,5.8993883,DC,Serie A
Milenkovic Nikola,5.36,5.08,6.0,5.5,5.5,5.36,5.0,5.36,5.36,5.36,4.5,5.0,4.5,7.0,7.0,6.0,3.0,5.36,5.5,5.0,3.0,3.0,6.0,6.0,3.0,5.0,6.0,5.36,4.5,6.5,5.0,6.0,4.5,5.0,3.5,5.5,6.0,3.0,6.0,5.5,5.8283825,DC,Serie A
Kim Min-Jae,5.69,5.69,5.5,7.5,5.5,5.5,6.0,5.69,5.5,6.0,6.0,4.5,5.5,7.0,6.0,5.5,3.5,4.5,5.5,7.0,5.69,5.69,5.69,5.69,5.69,5.69,5.69,5.69,5.69,5.69,5.69,5.69,5.69,5.69,5.69,5.69,5.69,5.69,5.69,6.0,5.8192,DC,Serie A
Ismajli Ardian,5.54,5.06,6.0,6.0,5.5,6.5,4.5,4.5,6.0,5.54,5.54,5.54,5.54,5.0,6.0,5.0,7.0,5.0,5.0,5.5,4.5,3.0,6.0,3.5,5.54,5.0,5.54,4.0,5.54,5.54,5.54,5.0,5.5,3.0,5.54,5.54,4.5,5.54,5.54,5.54,5.8098135,DC,Serie A
Magnani Giangiacomo,4.86,4.9,4.86,4.86,4.86,4.86,4.86,4.86,4.86,4.86,4.86,4.5,5.0,4.5,4.0,4.86,4.86,4.86,5.0,5.0,4.86,4.86,4.86,4.5,4.86,5.5,4.86,4.86,4.86,4.86,4.86,4.86,4.86,4.86,4.86,4.86,4.86,4.86,5.0,6.0,5.783836,DC,Serie A
Patric,5.65,5.33,6.0,6.0,5.5,5.0,4.5,5.5,7.5,5.5,6.0,5.65,5.65,5.65,5.65,5.65,5.65,5.65,5.65,5.0,4.5,5.65,5.5,6.0,6.0,5.0,4.5,4.0,5.65,5.65,5.65,5.5,5.0,5.0,5.0,3.5,7.0,5.0,5.65,5.65,5.6993484,DC,Serie A
Ferrari Gian Marco,4.67,4.69,3.0,5.5,4.5,6.0,5.0,4.0,6.0,7.0,4.0,4.0,4.67,3.0,5.0,5.0,3.0,3.5,5.0,4.5,5.5,6.0,3.5,4.5,3.5,5.0,4.67,5.5,4.67,4.5,5.5,5.0,5.0,6.0,4.67,2.0,5.5,6.0,2.5,6.0,5.698533,DC,Serie A
Buongiorno Alessandro,4.83,4.94,4.83,5.5,5.0,4.5,5.5,4.5,3.5,3.0,4.83,4.83,5.5,4.0,4.0,6.0,5.5,4.83,4.5,5.5,4.83,4.83,4.83,4.83,5.0,4.83,5.0,4.83,4.83,6.0,5.0,5.0,5.0,5.0,5.5,6.0,4.83,4.83,3.5,6.0,5.6564937,DC,Serie A
Gatti Federico,5.6,5.6,5.6,5.6,5.6,6.0,5.6,5.6,4.0,5.6,5.6,5.6,5.6,6.0,5.6,5.6,6.0,6.0,5.6,5.6,5.6,5.6,5.6,5.6,5.6,5.6,5.6,5.6,5.6,5.6,5.6,5.6,5.6,5.6,5.6,5.6,5.6,5.6,5.6,5.6,5.588015,DC,Serie A
Rugani Daniele,5.5,5.25,5.5,4.5,5.5,5.5,5.5,5.5,5.5,5.5,5.5,5.5,6.0,5.5,5.5,5.5,5.5,5.5,6.0,5.5,5.5,4.0,6.0,6.0,5.5,5.5,5.5,5.5,5.5,5.5,5.0,5.5,5.5,5.5,4.5,5.5,4.5,5.5,5.0,5.5,5.5772023,DC,Serie A
Izzo Armando,5.67,5.37,5.67,5.67,5.67,5.67,5.5,5.0,6.5,6.0,6.0,5.67,5.67,5.67,6.0,5.0,7.0,5.0,5.0,5.5,5.67,5.67,5.67,5.67,5.67,5.67,5.67,5.67,5.67,4.5,5.0,5.5,5.5,5.0,5.67,5.67,3.5,5.0,5.67,5.5,5.5608025,DC,Serie A
Tomori Fikayo,5.39,5.55,5.0,5.5,5.5,5.0,5.5,5.0,4.5,6.0,7.5,5.0,6.0,4.0,6.0,6.0,5.5,5.5,4.5,5.0,5.39,5.39,5.39,5.39,5.39,6.0,4.5,4.5,6.0,6.0,6.0,6.5,6.0,6.0,5.5,6.0,5.5,6.0,6.0,5.39,5.5439386,DC,Serie A
Thiaw Malick,5.5,5.5,5.5,5.5,5.5,5.5,5.5,5.5,5.5,5.5,5.5,6.0,5.5,5.5,5.0,6.0,5.0,5.5,5.5,5.5,5.5,5.5,5.5,5.5,5.5,5.5,5.5,5.5,5.5,5.5,5.5,5.5,5.5,5.5,5.5,5.5,5.5,5.5,5.5,5.5,5.52828,DC,Serie A
Ceccherini Federico,4.85,4.62,4.85,4.85,4.0,4.5,4.85,5.0,4.85,4.0,4.5,4.85,6.0,5.0,4.85,5.0,4.0,4.5,6.0,5.0,5.0,4.0,4.0,4.5,4.0,5.0,4.85,4.85,5.0,3.5,4.85,5.5,4.5,6.0,5.0,4.5,3.0,4.0,3.5,5.5,5.5090356,DC,Serie A
Medel Gary,5.44,5.18,4.5,5.5,4.0,4.5,6.0,6.0,5.5,5.0,5.0,5.5,6.5,5.5,6.0,5.0,7.0,5.5,5.5,5.44,5.0,5.44,5.44,4.5,6.0,4.0,5.44,5.0,5.0,4.5,5.5,6.0,5.5,5.5,5.44,4.5,3.5,3.5,5.44,5.44,5.4960403,DC,Serie A
Rrahmani Amir,5.67,5.52,5.0,6.0,6.0,5.67,5.0,6.0,5.0,6.0,5.5,5.67,5.67,5.67,5.67,5.67,5.67,5.5,5.5,7.0,5.5,6.0,5.67,7.5,6.0,5.0,5.0,5.5,4.5,5.5,5.5,5.67,4.5,5.0,3.5,7.0,4.5,6.0,5.67,5.5,5.4831953,DC,Serie A
Bonucci Leonardo,5.5,5.31,7.0,5.5,5.5,5.5,5.0,6.0,5.5,6.0,3.5,5.5,6.0,5.0,5.5,5.5,5.5,5.5,5.5,5.5,5.5,5.5,5.5,5.5,5.5,5.0,5.5,5.0,5.5,5.5,5.5,5.5,5.0,5.5,5.0,8.0,4.5,3.5,4.5,5.5,5.4663854,DC,Serie A
Djidji Koffi,4.85,4.86,5.5,5.5,5.0,4.0,5.5,4.5,5.5,3.5,5.0,4.0,4.85,6.5,4.5,4.85,4.0,5.0,5.0,3.5,5.0,5.5,4.85,4.85,4.85,3.5,5.0,4.0,5.0,5.0,4.85,4.85,4.85,4.85,4.5,5.0,5.5,5.5,4.85,6.0,5.4498105,DC,Serie A
Karsdorp Rick,5.11,4.98,6.0,5.5,5.0,5.11,4.0,5.11,5.11,5.11,5.11,5.0,4.5,6.5,4.5,5.0,5.11,5.11,5.11,5.11,3.5,5.11,5.0,5.0,5.0,4.0,5.11,5.5,6.0,4.5,7.0,6.0,5.0,5.0,3.5,5.0,3.5,5.0,5.0,5.11,5.392653,DC,Serie A
Romagnoli Alessio,5.29,5.33,6.0,5.5,5.5,6.0,3.5,5.29,5.0,7.5,6.0,4.5,6.0,4.0,6.0,6.0,4.0,4.0,4.5,6.0,5.29,5.29,5.29,6.0,5.0,5.5,5.0,6.0,5.29,5.29,5.29,5.29,5.29,5.29,5.29,5.29,5.29,5.29,5.0,5.29,5.3728714,DC,Serie A
Tolói Rafael,5.61,5.24,6.0,4.5,6.0,5.5,6.5,6.5,6.5,5.5,5.61,5.61,5.61,7.0,4.5,5.61,5.61,5.0,5.5,4.5,3.5,6.0,5.61,4.5,5.61,4.5,4.0,5.61,5.61,5.0,5.61,5.61,4.0,5.61,5.61,5.61,5.61,5.61,5.61,5.0,5.355975,DC,Serie A
Pongracic Marin,5.33,5.33,5.33,5.33,5.0,5.33,5.33,5.0,6.0,5.5,5.33,6.0,5.0,4.5,5.33,5.0,6.0,5.33,5.33,5.33,5.33,5.33,5.33,5.33,5.33,5.33,5.33,5.33,5.33,5.33,5.33,5.33,5.33,5.33,5.33,5.33,5.33,5.33,5.33,5.33,5.3379326,DC,Serie A
Erlic Martin,5.04,4.88,5.04,6.0,5.5,5.5,6.0,5.04,5.04,6.0,4.0,4.5,5.0,3.0,4.5,5.04,5.04,5.04,5.04,5.0,5.5,5.04,5.5,5.0,5.04,5.0,4.0,6.0,5.0,7.0,3.5,6.0,5.5,3.5,3.0,5.04,3.5,4.5,3.5,5.5,5.3240075,DC,Serie A
Posch Stefan,5.41,5.41,5.41,5.41,5.41,5.41,5.41,6.5,5.0,5.41,5.41,4.0,6.0,7.5,7.0,3.0,6.0,5.0,3.5,6.0,5.41,5.41,5.41,5.41,5.41,5.41,5.41,5.41,5.41,5.41,5.41,5.41,5.41,5.41,5.41,5.41,5.41,5.41,5.41,5.41,5.285152,DC,Serie A
Hien Isak,4.44,4.44,4.44,4.44,4.5,5.5,4.5,3.5,4.5,3.5,3.5,4.5,3.0,4.0,4.44,4.5,4.0,5.0,6.0,5.0,4.44,4.44,4.44,4.44,4.44,4.44,4.44,4.44,4.44,4.44,4.44,4.44,4.44,4.44,4.44,4.44,4.44,4.44,4.44,5.5,5.240988,DC,Serie A
Kjaer Simon,5.19,5.19,5.19,5.19,5.19,5.0,5.0,5.5,4.5,5.5,5.19,5.19,5.5,5.19,5.19,5.5,5.19,5.19,5.19,5.0,5.19,5.19,5.19,5.19,5.19,5.19,5.19,5.19,5.19,5.19,5.19,5.19,5.19,5.19,5.19,5.19,5.19,5.19,5.19,5.19,5.2320704,DC,Serie A
Nuytinck Bram,5.1,4.97,4.0,6.0,5.0,5.0,5.1,5.1,5.1,5.1,5.1,5.1,5.1,5.1,5.0,5.5,5.1,5.0,6.0,4.5,5.5,2.0,4.5,5.0,5.1,5.1,5.1,5.1,5.1,5.1,5.1,5.5,5.1,5.0,5.1,5.1,6.0,4.0,6.0,5.0,5.204946,DC,Serie A
Djimsiti Berat,4.93,5.0,5.5,4.5,4.93,4.93,4.93,4.93,4.93,4.93,4.93,4.93,4.5,5.5,4.93,4.0,4.93,4.93,5.5,4.93,4.5,4.0,5.0,5.5,4.93,5.0,4.0,4.93,5.0,5.5,6.0,5.0,4.93,5.5,5.5,4.5,6.0,4.0,5.5,5.0,5.168924,DC,Serie A
Walukiewicz Sebastian,5.17,5.1,5.17,5.17,5.17,5.17,5.17,5.17,5.17,5.17,4.5,5.17,5.17,5.0,5.17,5.17,6.0,5.17,5.17,5.17,5.17,5.17,5.17,5.17,5.17,5.17,5.17,5.17,5.17,5.17,5.17,5.0,5.17,5.17,5.0,5.17,5.17,5.17,5.17,5.17,5.154997,DC,Serie A
de Vrij Stefan,5.17,5.16,6.0,6.0,3.5,6.0,3.5,5.5,4.0,5.17,5.17,6.0,5.0,7.5,4.5,5.17,4.5,5.17,5.17,5.17,4.0,6.0,5.0,5.5,4.0,4.0,4.0,5.5,6.0,5.17,5.17,5.17,5.0,5.0,5.0,6.0,5.5,6.0,6.0,5.17,5.1465116,DC,Serie A
Palomino José Luis,5.2,5.1,5.2,5.2,5.2,5.2,5.2,5.2,5.2,5.2,5.2,5.2,5.2,5.2,5.2,5.2,5.0,5.5,6.0,4.5,4.5,4.5,5.0,5.0,5.2,5.2,5.2,5.2,4.5,6.5,5.5,4.0,5.0,5.5,5.0,5.5,5.0,4.0,6.5,5.0,5.1439347,DC,Serie A
Gila Mario,5.13,5.08,5.13,5.13,5.13,5.0,5.13,5.13,5.0,5.5,5.13,5.13,5.13,5.13,5.13,5.13,5.0,5.13,5.13,5.13,5.13,5.13,5.13,5.13,5.13,5.13,5.13,5.13,5.13,5.13,5.13,5.13,5.13,5.13,5.0,5.13,5.0,5.13,5.13,5.13,5.141044,DC,Serie A
Kumbulla Marash,5.25,5.23,5.25,5.25,5.0,5.0,5.25,5.25,5.25,5.25,5.0,5.25,5.25,5.25,5.25,5.25,5.25,5.25,5.25,6.0,5.25,5.25,6.0,5.25,5.25,4.0,5.25,6.0,5.5,5.25,5.25,4.5,4.0,5.25,5.25,6.0,5.25,4.0,7.0,5.25,5.131172,DC,Serie A
Okoli Memeh,5.04,5.04,5.5,5.0,6.0,4.0,5.04,4.5,5.5,6.0,5.0,5.5,4.0,5.0,5.04,4.0,5.5,5.04,5.04,5.04,5.04,5.04,5.04,5.04,5.04,5.04,5.04,5.04,5.04,5.04,5.04,5.04,5.04,5.04,5.04,5.04,5.04,5.04,5.04,5.04,5.0853047,DC,Serie A
Scalvini Giorgio,4.9,4.8,5.5,4.5,4.9,4.9,5.0,4.9,6.0,5.5,4.0,5.0,3.5,5.5,4.0,4.9,5.0,4.0,5.0,6.0,4.0,4.9,4.9,5.0,4.9,4.9,5.0,4.9,4.9,5.0,5.0,3.5,4.0,4.5,6.0,4.0,4.9,5.0,5.0,5.0,5.0779424,DC,Serie A
Caldirola Luca,4.87,4.87,4.87,4.87,4.0,4.0,4.0,4.87,5.0,6.0,6.0,4.0,4.0,4.87,5.5,5.0,6.0,4.5,5.5,4.5,4.87,4.87,4.87,4.87,4.87,4.87,4.87,4.87,4.87,4.87,4.87,4.87,4.87,4.87,4.87,4.87,4.87,4.87,4.87,5.0,5.076607,DC,Serie A
Lucumí Jhon,5.07,5.07,5.07,5.07,4.5,5.5,4.5,5.0,5.5,5.07,5.5,4.0,5.5,5.5,4.5,4.0,7.5,5.0,4.5,5.0,5.07,5.07,5.07,5.07,5.07,5.07,5.07,5.07,5.07,5.07,5.07,5.07,5.07,5.07,5.07,5.07,5.07,5.07,5.07,5.07,5.05453,DC,Serie A
Bronn Dylan,4.91,4.93,5.5,4.5,6.0,6.0,5.0,4.0,4.0,4.0,5.0,5.0,5.0,5.5,5.0,4.0,4.0,4.91,6.0,4.91,4.91,4.91,4.91,5.0,4.5,6.0,5.0,5.5,5.5,4.0,5.5,3.0,5.0,4.91,4.91,4.91,5.0,6.0,4.5,4.91,5.0180078,DC,Serie A
Luperto Sebastiano,5.0,4.85,4.5,5.0,5.0,5.5,4.5,4.5,5.5,3.5,5.0,7.0,3.5,5.0,5.5,4.5,5.0,5.5,5.0,6.0,4.0,5.0,5.0,5.0,5.0,5.0,5.0,4.0,5.5,5.5,5.0,3.5,5.0,3.0,4.5,5.5,3.0,5.5,7.0,5.0,5.0160894,DC,Serie A
Dermaku Kastriot,5.0,5.0,5.0,5.0,5.0,5.0,5.0,5.0,5.0,5.0,5.0,5.0,5.0,5.0,5.0,5.0,5.0,5.0,5.0,5.0,5.0,5.0,5.0,5.0,5.0,5.0,5.0,5.0,5.0,5.0,5.0,5.0,5.0,5.0,5.0,5.0,5.0,5.0,5.0,5.0,5.003771,DC,Serie A
Çetin Yildirim,5.0,5.0,5.0,5.0,5.0,5.0,5.0,5.0,5.0,5.0,5.0,5.0,5.0,5.0,5.0,5.0,5.0,5.0,5.0,5.0,5.0,5.0,5.0,5.0,5.0,5.0,5.0,5.0,5.0,5.0,5.0,5.0,5.0,5.0,5.0,5.0,5.0,5.0,5.0,5.0,5.003771,DC,Serie A
Gabbia Matteo,5.06,5.12,5.06,5.06,5.0,5.06,5.06,5.06,5.06,5.06,5.5,6.0,5.0,4.0,5.5,5.06,5.06,5.0,4.5,5.06,5.5,5.5,4.0,5.06,5.06,5.06,5.06,5.06,5.06,5.06,5.06,5.06,5.0,6.0,5.06,5.06,5.06,5.06,5.06,5.06,4.9914193,DC,Serie A
Colley Omar,4.7,4.89,4.5,6.0,3.5,5.0,4.0,4.7,5.0,3.5,5.0,5.0,7.5,3.0,4.5,4.0,4.7,4.7,4.7,5.0,4.7,4.7,4.7,4.7,7.0,5.5,6.0,4.7,5.0,3.0,5.5,4.5,4.5,3.5,5.5,6.5,4.5,5.5,4.7,5.0,4.978531,DC,Serie A
Acerbi Francesco,5.08,5.15,5.08,5.08,5.08,5.08,5.08,5.08,4.5,3.5,5.5,6.0,5.0,6.0,4.0,6.0,4.5,6.0,4.5,5.5,5.0,5.08,5.08,5.08,5.08,5.08,5.08,5.0,6.0,5.08,4.0,5.5,6.0,5.5,4.5,6.0,6.0,4.5,4.5,5.08,4.977444,DC,Serie A
Chiriches Vlad,5.0,4.84,4.0,5.0,5.0,5.0,6.5,5.0,4.5,5.0,5.0,5.0,5.0,5.0,5.0,5.0,5.0,5.0,5.0,5.0,5.0,5.5,3.0,5.0,4.0,4.5,6.0,6.0,5.0,4.5,5.0,5.0,6.0,5.0,4.5,2.0,5.0,6.0,5.0,5.0,4.9737225,DC,Serie A
Demiral Merih,5.41,5.27,5.41,4.5,5.5,6.0,6.0,7.0,6.0,5.0,4.5,6.0,5.0,7.0,4.5,5.41,4.0,5.41,5.5,5.0,6.0,5.41,5.0,5.5,5.41,4.5,5.5,5.41,5.5,5.5,6.0,5.41,4.0,4.0,4.5,4.5,6.0,5.0,5.5,5.0,4.964612,DC,Serie A
Dawidowicz Pawel,4.77,4.81,3.0,4.77,4.77,4.5,5.0,4.77,5.0,4.77,4.77,4.77,4.77,5.0,4.77,5.0,4.0,5.0,6.0,5.0,4.77,4.77,4.77,4.77,4.77,4.77,4.77,4.77,4.77,4.77,4.77,4.77,4.77,4.77,4.77,4.77,4.77,5.0,5.0,5.0,4.945744,DC,Serie A
Igor Julio,4.68,4.98,4.68,4.68,5.0,4.5,5.0,3.0,4.68,4.5,4.5,4.5,4.68,4.68,5.0,5.0,4.0,6.0,5.5,4.0,4.5,3.5,6.0,6.0,4.68,5.5,6.0,4.0,6.0,6.0,4.5,6.0,5.5,6.0,3.0,5.5,7.0,3.0,6.0,5.0,4.9352336,DC,Serie A
Tuia Alessandro,4.83,4.83,4.83,4.83,4.83,5.5,4.0,4.83,4.83,4.83,4.83,4.83,4.83,4.83,4.83,4.83,4.83,4.83,4.83,4.83,4.83,4.83,4.83,4.83,4.83,4.83,4.83,4.83,4.83,4.83,4.83,4.83,4.83,4.83,4.83,4.83,4.83,4.83,4.83,5.0,4.9333158,DC,Serie A
Schuurs Perr,4.92,4.92,4.92,4.92,6.0,4.92,5.5,4.92,4.5,5.0,5.5,4.5,5.0,4.5,4.5,5.0,4.92,4.0,5.0,5.0,4.92,4.92,4.92,4.92,4.92,4.92,4.92,4.92,4.92,4.92,4.92,4.92,4.92,4.92,4.92,4.92,4.92,4.92,4.92,4.92,4.9288106,DC,Serie A
Gyömbér Norbert,5.11,5.0,5.0,6.0,6.0,4.5,5.5,5.0,4.5,5.11,6.0,4.0,6.0,5.0,5.11,5.11,5.11,5.11,5.0,4.0,6.0,5.5,5.11,5.11,5.11,5.11,5.11,5.11,5.11,4.0,4.5,5.0,4.0,5.0,5.0,6.0,4.5,5.0,3.0,5.0,4.9227524,DC,Serie A
Marlon Santos,4.63,4.63,4.5,3.0,4.63,3.0,3.5,5.0,5.5,4.63,4.63,5.0,4.63,4.0,5.5,4.5,6.0,5.5,4.5,5.0,4.63,4.63,4.63,4.63,4.63,4.63,4.63,4.63,4.63,4.63,4.63,4.63,4.63,4.63,4.63,4.63,4.63,4.63,4.63,5.0,4.9188046,DC,Serie A
Bremer,5.31,5.26,6.0,5.5,5.5,6.5,5.0,5.5,4.5,6.0,4.0,5.5,5.31,5.31,6.0,6.0,5.5,6.0,5.31,2.5,4.5,7.0,5.5,5.5,5.31,3.0,5.0,5.0,5.5,7.0,4.0,5.5,6.0,6.0,5.0,5.31,3.5,5.31,5.31,5.0,4.9014263,DC,Serie A
Bastoni Alessandro,5.18,5.25,5.0,7.0,3.0,5.18,3.5,5.0,4.5,4.5,5.5,5.18,5.18,6.5,5.18,5.0,5.5,6.0,5.5,6.0,5.18,8.0,5.5,4.5,4.0,5.18,5.18,5.5,5.5,4.5,5.0,5.5,5.5,5.5,5.0,5.18,5.18,5.0,5.5,5.18,4.858825,DC,Serie A
Günter Koray,4.73,4.74,3.0,5.0,5.5,4.73,5.5,4.73,4.5,4.5,3.5,6.0,4.5,4.0,5.0,5.0,5.5,4.73,4.73,4.73,5.0,4.5,5.0,5.0,4.5,7.0,4.73,4.73,6.0,4.5,5.0,6.0,4.5,4.0,3.0,5.0,3.5,3.5,4.73,4.73,4.8584886,DC,Serie A
Nikolaou Dimitrios,4.71,4.63,5.5,3.5,5.0,5.0,5.0,5.0,5.5,3.0,3.0,4.5,4.5,4.0,4.71,5.0,5.0,5.0,6.0,5.5,4.5,4.71,4.5,6.0,4.71,4.5,4.0,6.5,5.0,5.5,3.5,6.0,5.5,4.0,3.5,3.0,3.5,4.5,3.5,4.71,4.846316,DC,Serie A
Kiwior Jakub,4.79,4.88,6.0,4.0,4.0,4.0,4.5,5.5,6.0,3.5,5.0,5.0,4.0,4.5,4.0,5.5,6.0,4.0,6.0,4.79,4.0,4.79,5.5,6.0,4.79,4.5,5.5,5.5,4.79,7.0,4.0,5.0,5.5,4.5,5.0,4.5,4.5,4.5,4.0,4.79,4.8225665,DC,Serie A
Ferrari Alex,4.6,4.79,4.5,5.0,3.0,5.0,4.5,5.5,4.0,4.6,4.6,4.0,4.6,4.5,4.5,5.0,5.0,4.5,5.0,5.0,3.0,5.0,4.0,5.0,6.5,4.6,6.0,4.6,4.5,4.6,5.0,5.0,5.0,4.5,5.5,4.5,5.0,7.5,3.5,4.6,4.8020253,DC,Serie A
Ayhan Kaan,4.65,4.84,3.5,5.0,4.65,4.65,5.5,4.0,5.5,5.0,5.0,4.65,5.0,4.65,4.65,4.5,3.5,4.65,4.65,4.65,4.65,5.0,5.0,4.65,4.65,5.0,5.0,4.65,4.65,5.0,7.0,5.0,5.0,4.65,5.0,4.5,4.5,4.65,4.0,4.65,4.8018346,DC,Serie A
Soumaoro Adama,5.0,5.07,3.0,5.0,5.0,5.5,5.0,5.0,5.0,5.0,5.0,5.0,5.0,6.5,6.0,3.0,6.0,5.5,4.0,5.5,6.0,5.0,5.0,5.0,6.0,4.0,4.5,5.5,5.0,5.0,5.5,6.0,5.5,5.0,5.0,5.5,4.5,4.0,5.0,5.0,4.791257,DC,Serie A
Aiwu Emanuel,4.75,4.75,5.0,4.0,5.0,3.5,6.0,6.0,3.5,4.75,3.5,4.75,4.5,6.0,5.0,5.5,4.0,4.75,4.75,5.0,4.75,4.75,4.75,4.75,4.75,4.75,4.75,4.75,4.75,4.75,4.75,4.75,4.75,4.75,4.75,4.75,4.75,4.75,4.75,4.75,4.780456,DC,Serie A
Østigård Leo,5.0,4.78,5.0,5.0,5.0,5.5,5.0,5.0,5.0,5.0,5.0,5.0,5.0,5.0,5.0,5.0,4.5,5.0,5.0,5.0,5.0,5.0,3.0,5.0,4.0,5.0,5.0,6.0,5.5,6.0,3.5,5.0,3.5,4.0,5.5,4.5,6.0,4.5,5.0,5.0,4.7612214,DC,Serie A
Fazio Federico,4.96,5.07,5.0,6.0,6.5,5.0,4.5,5.0,4.96,4.96,4.96,4.96,6.0,7.0,4.0,4.96,4.96,4.5,5.0,1.0,6.5,4.96,4.96,4.96,4.96,5.5,5.0,5.5,3.0,5.5,4.5,3.0,4.96,7.5,6.0,5.5,5.0,5.5,3.5,4.96,4.7611346,DC,Serie A
Ampadu Ethan,5.0,5.07,5.0,5.0,5.0,5.0,5.0,4.5,5.5,2.0,4.0,5.0,5.0,3.5,6.0,8.0,4.5,5.5,5.5,6.5,4.0,5.5,5.5,5.5,5.0,4.5,5.0,5.0,5.0,5.0,4.5,4.5,6.0,5.0,6.5,4.5,5.0,5.0,6.0,4.5,4.7500877,DC,Serie A
Singo Stephane,4.89,5.18,5.5,5.0,5.0,4.89,4.89,5.0,4.5,4.0,4.89,5.0,4.89,5.0,4.0,5.0,6.0,4.89,5.0,4.5,4.5,8.0,7.0,6.5,4.5,4.0,5.0,5.0,6.0,5.0,5.0,6.0,5.5,5.0,5.5,5.0,4.5,4.89,4.89,5.0,4.744853,DC,Serie A
Skriniar Milan,4.94,5.07,6.0,5.5,3.5,5.0,4.0,5.5,2.5,4.5,4.0,6.0,5.0,6.0,4.0,6.0,5.5,6.0,4.0,6.0,4.5,7.5,5.5,5.0,3.0,6.0,3.0,4.94,5.5,5.0,5.0,6.0,5.5,6.0,5.0,5.0,5.5,5.0,5.5,4.94,4.7328963,DC,Serie A
Ruan,4.33,4.43,4.33,4.33,4.33,4.33,4.33,4.0,4.33,4.33,5.0,4.33,4.33,4.33,4.33,4.33,4.33,5.0,3.5,3.5,4.33,4.33,4.33,5.0,4.33,6.0,7.0,4.33,4.33,4.5,4.33,4.33,4.5,4.5,4.33,4.33,5.0,4.0,4.33,5.0,4.7282014,DC,Serie A
de Winter Koni,4.69,4.69,4.69,5.0,5.5,4.69,4.69,4.69,4.69,3.5,5.0,5.5,3.5,4.5,4.69,4.69,5.0,4.69,4.69,4.69,4.69,4.69,4.69,4.69,4.69,4.69,4.69,4.69,4.69,4.69,4.69,4.69,4.69,4.69,4.69,4.69,4.69,4.69,4.69,4.69,4.687692,DC,Serie A
Cabal Juan,4.67,4.67,4.67,4.67,4.67,4.67,4.67,4.0,4.67,4.67,5.0,5.0,4.67,4.67,4.67,4.67,4.67,4.67,4.67,4.67,4.67,4.67,4.67,4.67,4.67,4.67,4.67,4.67,4.67,4.67,4.67,4.67,4.67,4.67,4.67,4.67,4.67,4.67,4.67,4.67,4.6624775,DC,Serie A
Bianchetti Matteo,4.61,4.61,5.0,5.0,5.0,3.5,4.61,4.61,5.0,5.0,2.0,5.5,4.5,5.5,4.61,6.0,4.61,4.5,3.5,4.5,4.61,4.61,4.61,4.61,4.61,4.61,4.61,4.61,4.61,4.61,4.61,4.61,4.61,4.61,4.61,4.61,4.61,4.61,4.61,4.61,4.6518383,DC,Serie A
Hristov Petko,4.78,4.85,4.78,5.0,5.0,4.0,5.0,5.0,5.0,4.78,4.78,4.78,4.78,4.5,5.0,4.78,4.78,4.78,4.78,4.78,4.78,4.78,4.78,4.78,4.78,4.78,4.78,4.78,4.78,5.0,4.78,4.78,4.78,4.78,5.0,5.5,4.5,4.78,4.78,4.5,4.62867,DC,Serie A
Bonifazi Kevin,4.43,4.86,3.5,4.5,5.0,4.43,4.43,5.0,4.43,4.0,4.43,4.0,5.0,4.43,4.43,4.43,4.43,4.43,4.43,4.43,4.43,4.43,4.43,5.0,4.43,5.0,5.5,5.0,4.43,4.0,4.43,5.5,5.0,5.0,5.0,6.0,4.43,4.43,5.5,4.43,4.5675035,DC,Serie A
Marí Pablo,4.96,5.0,4.0,4.96,4.96,4.96,4.0,5.5,6.0,6.5,7.5,4.5,3.0,4.96,4.96,4.96,4.96,5.5,3.0,5.0,8.0,4.96,4.96,4.96,5.5,2.5,4.5,5.5,5.0,5.5,4.5,4.96,5.5,6.0,5.0,3.0,5.5,5.0,4.96,5.0,4.5229,DC,Serie A
Hendry Jack,4.5,4.5,4.5,4.5,4.5,4.5,4.5,5.0,4.5,4.5,4.5,4.5,4.5,4.5,4.5,4.5,4.0,4.5,4.5,4.5,4.5,4.5,4.5,4.5,4.5,4.5,4.5,4.5,4.5,4.5,4.5,4.5,4.5,4.5,4.5,4.5,4.5,4.5,4.5,4.5,4.4974627,DC,Serie A
Vásquez Johan,4.57,4.68,3.0,4.57,4.5,4.5,4.57,4.57,4.5,4.57,4.57,5.5,4.57,5.0,4.57,5.0,4.57,4.57,4.57,4.57,5.5,4.57,4.57,5.0,5.0,4.5,4.0,5.0,5.0,4.5,5.5,4.5,3.5,4.5,5.5,3.5,4.57,4.57,5.5,4.57,4.4775405,DC,Serie A
Pirola Lorenzo,4.22,4.22,4.22,4.22,5.0,4.22,4.22,4.22,4.22,4.22,5.5,3.5,4.22,4.22,4.5,4.5,3.5,4.22,5.0,2.0,4.22,4.22,4.22,4.22,4.22,4.22,4.22,4.22,4.22,4.22,4.22,4.22,4.22,4.22,4.22,4.22,4.22,4.22,4.22,4.5,4.4614935,DC,Serie A
Murillo Jeison,4.55,4.5,4.5,4.55,4.55,5.0,4.55,5.0,3.0,3.5,6.0,4.55,4.55,4.55,5.0,3.5,5.0,5.0,4.5,4.55,4.55,4.55,4.0,4.55,4.55,4.55,4.55,4.55,4.55,5.0,3.5,4.55,5.0,4.55,4.55,4.55,3.5,4.55,5.5,4.55,4.452111,DC,Serie A
Lochoshvili Luka,4.5,4.5,4.5,5.5,4.5,4.5,5.0,5.0,3.0,5.0,3.0,5.0,5.5,6.0,4.0,4.5,4.0,4.0,3.5,4.5,4.5,4.5,4.5,4.5,4.5,4.5,4.5,4.5,4.5,4.5,4.5,4.5,4.5,4.5,4.5,4.5,4.5,4.5,4.5,4.5,4.4199443,DC,Serie A
Umtiti Samuel,5.17,5.17,5.17,5.17,5.17,5.17,5.17,5.17,5.17,5.17,5.5,5.0,5.17,5.17,5.5,5.0,5.0,6.0,5.5,5.0,5.17,5.17,5.17,5.17,5.17,5.17,5.17,5.17,5.17,5.17,5.17,5.17,5.17,5.17,5.17,5.17,5.17,5.17,5.17,4.0,4.3124638,DC,Serie A
Antov Valentin,4.13,4.13,4.13,4.0,5.0,4.13,4.13,4.13,4.13,4.13,4.13,4.13,2.5,4.13,5.0,4.13,4.13,4.13,4.13,4.13,4.13,4.13,4.13,4.13,4.13,4.13,4.13,4.13,4.13,4.13,4.13,4.13,4.13,4.13,4.13,4.13,4.13,4.13,4.13,4.13,4.151411,DC,Serie A
Carboni Andrea,4.0,4.64,4.0,3.0,4.0,4.0,4.0,4.0,4.0,4.0,4.0,4.0,4.0,4.0,4.0,5.0,4.0,4.0,4.0,4.0,5.0,4.0,5.5,4.0,4.0,4.0,4.0,4.0,4.5,4.0,4.0,5.0,4.5,6.0,4.0,4.5,4.0,5.0,5.0,4.0,4.093942,DC,Serie A
Caldara Mattia,4.71,4.9,6.0,4.0,4.0,4.71,4.71,4.71,5.0,3.5,4.71,4.0,4.71,4.71,4.5,5.5,5.0,4.71,5.5,5.5,5.0,4.71,5.5,4.5,5.0,5.0,6.0,4.71,4.71,4.71,3.5,5.5,4.71,5.0,4.71,4.5,4.5,6.5,5.5,4.0,4.0661483,DC,Serie A
Coppola Diego,4.25,3.89,4.25,4.5,4.5,5.0,5.0,3.0,3.5,4.25,4.25,4.25,4.25,4.25,4.25,4.25,4.25,4.25,4.25,4.25,4.25,4.25,4.25,4.25,4.25,4.25,4.25,4.25,4.25,4.25,5.5,4.25,4.25,4.25,4.25,4.25,4.25,4.25,4.0,4.25,4.0604143,DC,Serie A
Marchizza Riccardo,4.25,4.4,4.25,4.25,4.25,4.5,4.25,4.0,4.25,4.25,4.25,4.25,4.25,4.25,4.25,4.25,4.25,4.25,4.25,4.25,5.5,5.0,4.25,3.0,4.25,4.25,4.25,4.25,4.25,4.25,4.25,4.25,4.25,4.25,4.25,4.25,4.25,4.25,4.25,4.25,4.0557413,DC,Serie A
Amione Bruno,4.44,4.44,3.5,4.44,4.44,4.44,4.44,4.44,4.44,4.44,4.44,4.44,5.0,4.0,5.0,4.0,3.5,6.0,4.44,5.0,4.44,4.44,4.44,4.44,4.44,4.44,4.44,4.44,4.44,4.44,4.44,4.44,4.44,4.44,4.44,4.44,4.44,4.44,4.44,4.0,4.0344906,DC,Serie A
Lovato Matteo,3.6,4.32,3.6,3.6,3.6,3.6,3.6,3.6,3.6,3.0,3.6,3.6,3.6,3.6,4.0,3.6,3.6,4.0,3.6,3.0,5.0,3.6,3.6,4.5,3.6,5.0,6.0,4.0,4.5,4.0,5.5,2.0,4.5,5.5,3.6,4.0,4.0,3.6,5.5,4.0,3.9353185,DC,Serie A
Sosa Joaquín,4.0,4.0,4.0,4.0,4.0,4.0,4.0,4.0,4.0,3.0,4.0,4.0,5.0,4.0,4.0,3.0,5.0,4.0,4.0,4.0,4.0,4.0,4.0,4.0,4.0,4.0,4.0,4.0,4.0,4.0,4.0,4.0,4.0,4.0,4.0,4.0,4.0,4.0,4.0,4.0,3.9151511,DC,Serie A
Marrone Luca,3.75,3.75,3.75,3.75,4.0,3.5,3.75,3.75,3.75,3.75,3.75,3.75,3.75,3.75,3.75,3.75,3.75,3.75,3.75,3.75,3.75,3.75,3.75,3.75,3.75,3.75,3.75,3.75,3.75,3.75,3.75,3.75,3.75,3.75,3.75,3.75,3.75,3.75,3.75,3.75,3.7268946,DC,Serie A
