Joueur,Note,Note 1 an,j1,j2,j3,j4,j5,j6,j7,j8,j9,j10,j11,j12,j13,j14,j15,j16,j17,j18,j20,j21,j22,j23,j24,j25,j26,j27,j28,j29,j30,j31,j32,j33,j34,j35,j36,j37,j38,j19,prediction_label,Poste,Championnat,Terrain
Frattesi Davide,5.58,5.41,4.0,5.5,7.0,5.0,5.5,7.0,6.0,6.5,6.0,6.0,7.0,4.5,4.5,6.0,3.5,4.5,6.0,4.5,5.58,6.0,3.5,5.5,5.0,5.5,6.0,5.5,5.58,5.0,7.0,5.0,5.58,5.0,5.0,2.5,5.0,7.0,5.0,7.0,6.885638,MD,Serie A,M
Zambo Anguissa André-Frank,6.15,5.96,7.0,7.5,6.0,4.5,7.0,6.0,6.0,8.0,5.5,6.15,6.15,5.5,5.5,5.5,6.5,5.0,6.0,6.0,6.15,6.15,6.15,6.15,6.15,5.0,6.15,6.15,5.0,6.0,5.5,4.5,6.15,5.5,6.0,7.0,6.0,7.0,5.0,7.0,6.8356905,MD,Serie A,M
Ilic Ivan,5.14,4.96,3.5,6.5,4.0,5.5,5.0,4.5,5.0,5.14,5.14,5.14,5.14,5.14,5.14,5.14,5.14,5.0,5.5,5.0,5.0,5.0,5.14,5.0,4.5,5.5,5.14,5.14,4.0,4.5,5.14,4.5,5.5,5.5,4.5,5.5,4.0,4.5,5.14,7.0,6.612701,MD,Serie A,M
El Shaarawy Stephan,5.08,5.04,4.5,5.5,5.0,5.0,5.08,5.08,5.08,5.08,5.08,4.5,4.5,6.5,4.5,4.5,5.0,5.0,4.5,5.08,4.5,5.08,5.08,5.08,5.0,5.08,5.08,4.5,5.08,4.5,5.08,5.08,5.0,7.0,4.5,4.5,4.5,6.0,5.0,7.0,6.5839725,MO,Serie A,M
Di María Ángel,5.25,5.41,7.0,5.25,5.25,4.5,5.0,5.25,2.5,5.25,5.25,5.25,5.25,5.25,5.0,5.0,4.5,5.25,6.0,6.0,5.25,5.0,5.0,4.0,5.0,5.0,5.0,4.0,5.25,5.25,5.25,5.25,5.25,7.5,4.5,5.0,7.0,7.0,8.0,7.0,6.484699,MO,Serie A,M
Ricci Samuele,5.65,5.47,7.0,6.0,6.0,5.65,5.65,5.65,5.65,5.65,5.0,5.65,5.0,5.5,6.0,5.5,6.5,5.0,5.0,4.5,5.5,4.0,6.0,5.0,5.65,5.65,5.65,5.0,5.5,5.0,5.65,5.5,5.0,6.0,6.0,6.0,5.0,5.0,5.5,6.5,6.43376,MD,Serie A,M
Lazovic Darko,5.17,5.28,2.5,6.0,5.0,5.0,7.0,4.0,4.0,4.5,5.17,5.17,5.17,5.17,4.5,5.5,4.0,6.0,8.0,4.5,6.5,6.0,5.5,6.5,4.0,6.0,5.17,5.17,5.0,5.17,5.17,5.5,4.5,6.0,5.0,5.17,4.0,5.0,6.0,7.0,6.3713465,MO,Serie A,M
de Roon Marten,5.18,5.24,6.0,5.0,6.5,5.0,6.0,4.5,4.5,5.5,6.0,4.5,4.5,5.18,4.5,4.5,5.18,5.0,5.0,4.5,6.0,5.0,5.5,5.18,5.18,6.0,4.5,5.18,5.5,5.18,7.0,7.0,5.18,5.0,5.0,4.5,4.5,4.5,4.5,6.5,6.340555,MD,Serie A,M
Miranchuk Aleksey,5.5,5.31,7.0,5.5,5.5,5.5,5.5,5.5,5.5,4.0,4.5,5.0,5.5,7.0,5.5,5.5,5.0,6.0,5.5,4.0,5.5,7.0,5.0,5.0,5.5,5.5,5.5,5.5,4.5,5.5,5.5,5.5,4.0,4.0,5.5,5.0,5.5,5.5,5.5,7.0,6.337458,MO,Serie A,M
Kvaratskhelia Khvicha,6.33,6.33,7.5,8.0,5.5,4.5,7.0,6.0,6.0,6.5,7.0,7.0,5.0,8.0,6.33,6.33,6.33,3.5,4.5,9.0,6.33,6.33,6.33,6.33,6.33,6.33,6.33,6.33,6.33,6.33,6.33,6.33,6.33,6.33,6.33,6.33,6.33,6.33,6.33,6.33,6.261459,MO,Serie A,M
Boga Jérémie,5.17,4.82,5.17,5.17,5.0,5.17,4.5,5.17,5.17,5.17,5.17,4.0,5.17,5.17,5.0,4.0,4.5,5.17,6.0,7.0,5.0,5.17,5.17,5.17,5.17,5.5,4.0,5.17,4.5,4.0,5.17,4.5,5.0,4.5,3.0,5.5,4.0,4.5,5.5,6.5,6.196439,MO,Serie A,M
Zaccagni Mattia,5.97,5.79,4.5,5.0,5.0,5.5,6.5,6.5,6.0,7.5,8.0,5.0,7.0,6.0,5.0,5.97,5.97,4.5,6.5,7.0,6.0,5.0,6.0,5.5,6.5,8.0,6.0,5.0,5.0,5.97,5.97,5.0,5.5,5.0,4.0,6.0,6.0,6.0,5.0,5.97,6.182605,MO,Serie A,M
Zielinski Piotr,6.03,5.6,7.5,8.0,5.5,5.5,6.5,6.0,5.5,5.5,4.5,6.5,5.5,4.5,7.0,6.5,7.0,5.5,5.0,6.5,5.5,6.03,6.03,6.0,5.0,5.5,4.5,5.0,4.5,5.0,5.0,5.5,4.5,4.5,4.5,6.03,5.0,5.0,6.5,6.0,6.0805,MO,Serie A,M
Lobotka Stanislav,6.24,5.97,8.0,8.0,5.0,6.0,6.0,6.5,7.0,5.5,6.5,5.5,6.0,7.0,6.0,6.0,5.5,5.5,6.0,6.5,5.0,6.5,6.24,7.0,7.0,5.5,6.24,5.0,5.0,6.0,5.0,6.0,4.5,5.0,6.24,6.24,5.0,6.0,6.0,6.0,6.045931,MD,Serie A,M
Pellegrini Lorenzo,5.72,5.83,5.5,8.0,5.5,7.0,3.0,5.5,7.0,6.0,5.0,7.0,3.5,5.5,4.5,5.72,5.72,7.0,6.0,5.5,4.5,6.0,5.72,5.72,5.72,5.5,5.72,6.0,6.0,6.0,8.0,5.5,5.72,6.5,5.0,5.5,4.0,7.0,8.0,5.72,5.972848,MO,Serie A,M
Fagioli Nicolò,5.7,5.7,5.7,5.7,5.7,5.7,5.0,5.5,5.0,5.7,5.7,5.7,5.7,6.0,7.5,5.5,6.0,5.5,5.0,5.7,5.7,5.7,5.7,5.7,5.7,5.7,5.7,5.7,5.7,5.7,5.7,5.7,5.7,5.7,5.7,5.7,5.7,5.7,5.7,6.0,5.9147315,MO,Serie A,M
Pessina Matteo,5.53,5.33,5.53,5.53,4.0,4.5,4.5,5.0,5.5,7.0,7.0,5.0,6.0,5.0,6.0,4.0,7.5,5.5,6.0,5.5,4.5,6.5,5.5,6.0,5.53,5.53,5.5,5.53,4.5,5.5,4.5,5.53,4.5,5.53,5.0,5.53,4.5,4.5,5.0,6.0,5.880965,MO,Serie A,M
Milinkovic-Savic Sergej,6.09,6.13,6.5,5.5,7.0,6.0,5.0,7.0,8.0,8.5,8.0,5.0,6.5,4.5,6.09,5.5,4.5,4.5,4.5,7.0,8.0,5.0,7.5,6.0,6.5,5.5,5.5,5.5,7.0,6.09,4.0,8.0,4.5,6.0,6.0,7.5,6.5,7.0,5.0,6.09,5.876864,MO,Serie A,M
Bennacer Ismaël,5.69,5.55,6.0,7.5,6.0,4.0,6.5,5.0,6.0,5.5,6.5,5.0,6.0,5.0,7.0,6.0,4.5,5.5,5.5,5.0,5.69,5.69,5.69,5.5,6.0,6.0,4.5,5.69,6.0,5.5,7.0,5.5,5.69,5.5,5.69,4.5,4.5,4.5,4.5,5.69,5.865831,MD,Serie A,M
Machín José,4.88,4.88,4.88,4.88,4.5,3.0,4.88,5.0,4.88,4.88,4.88,4.88,4.88,4.88,4.88,5.0,4.88,5.0,5.5,5.0,4.88,4.88,4.88,4.88,4.88,4.88,4.88,4.88,4.88,4.88,4.88,4.88,4.88,4.88,4.88,4.88,4.88,4.88,4.88,6.0,5.7954946,MD,Serie A,M
Cataldi Danilo,5.69,5.56,5.5,5.0,6.0,5.5,4.5,5.69,7.0,6.5,5.69,5.0,6.0,4.5,7.0,6.0,5.0,5.5,5.5,6.5,5.0,6.0,5.0,5.69,5.0,5.5,6.0,5.69,5.69,5.69,5.0,5.5,5.5,4.5,5.0,5.5,6.0,6.0,6.0,5.69,5.7854557,MD,Serie A,M
Elmas Eljif,5.58,5.51,5.0,5.5,5.0,6.5,5.5,5.5,5.0,5.0,5.58,4.5,5.0,5.0,6.0,5.0,7.0,5.5,6.5,7.0,5.0,7.0,5.58,7.0,5.0,5.0,4.5,6.0,5.5,5.5,5.0,7.0,5.0,5.0,5.58,4.5,5.0,5.0,5.5,6.0,5.7822967,MO,Serie A,M
Zalewski Nicola,5.0,5.0,5.0,4.5,5.0,5.0,4.5,5.0,5.0,5.0,5.5,5.5,5.0,5.0,4.5,5.0,4.5,4.5,4.0,6.5,5.0,5.0,5.0,5.0,5.0,5.0,5.0,5.0,6.0,5.0,5.5,5.5,5.0,5.0,3.5,4.5,4.0,6.0,5.0,6.0,5.7775006,MO,Serie A,M
Baldanzi Tommaso,5.78,5.7,5.78,5.78,5.0,7.0,5.78,5.78,5.78,5.78,5.78,5.5,5.0,5.78,7.0,5.0,5.78,6.5,5.0,6.0,5.78,5.78,5.78,5.78,5.78,5.78,5.78,5.78,5.78,5.78,5.78,5.78,5.78,5.78,5.78,5.78,5.78,5.78,5.0,5.78,5.739398,MO,Serie A,M
Çalhanoglu Hakan,5.82,5.69,4.5,6.0,4.5,7.0,3.0,7.0,5.82,4.5,6.0,7.5,5.0,7.5,5.5,7.5,6.5,6.0,5.0,6.0,4.5,5.82,4.5,5.5,6.5,5.0,4.0,4.0,4.5,5.5,4.0,6.5,5.5,6.5,8.0,5.82,7.0,6.0,7.0,5.82,5.7351575,MO,Serie A,M
Rovella Nicolò,5.62,5.44,5.0,4.5,5.0,5.62,5.5,5.0,6.5,7.0,5.0,5.5,5.62,5.0,6.0,5.5,7.5,5.62,5.62,5.62,5.62,5.62,5.62,5.62,5.62,5.0,4.5,5.5,5.0,5.62,5.62,5.62,5.62,5.62,5.62,5.62,5.62,5.62,5.0,5.62,5.7046785,MD,Serie A,M
Tonali Sandro,5.67,5.8,5.67,5.0,5.5,5.0,7.0,5.0,5.0,5.0,6.0,6.5,5.67,5.5,5.5,5.0,5.0,8.0,6.0,5.67,5.5,6.0,5.67,6.0,5.5,5.5,5.0,6.5,5.5,6.0,5.67,7.0,5.5,5.0,7.5,6.0,7.5,5.5,5.0,5.67,5.6893206,MD,Serie A,M
Barella Nicolò,5.64,5.57,5.0,6.0,4.5,8.0,4.5,6.5,5.5,5.5,5.0,7.0,6.0,7.0,4.5,6.0,5.0,6.0,4.5,5.0,5.0,5.5,6.0,6.0,4.5,4.0,4.5,5.0,8.5,5.0,5.5,5.0,6.0,6.0,5.0,5.0,6.0,6.0,6.0,5.64,5.6726527,MO,Serie A,M
Bonaventura Giacomo,5.72,5.43,7.0,6.0,6.0,5.72,5.72,6.0,5.0,5.0,5.0,5.0,6.0,5.0,7.5,7.0,5.72,5.0,6.0,5.0,3.5,3.5,8.0,5.0,3.5,5.72,6.0,3.5,5.72,5.0,5.72,5.72,5.72,5.72,5.72,5.0,7.0,3.5,7.0,5.0,5.6618724,MO,Serie A,M
Díaz Brahim,5.66,5.36,7.0,5.0,5.66,5.0,5.0,5.66,5.0,4.5,7.0,5.5,7.5,4.5,6.0,5.5,5.0,6.0,6.0,6.0,6.0,5.0,4.5,5.5,5.0,4.5,4.5,5.5,5.66,5.0,5.0,6.0,4.5,5.0,5.5,4.5,5.66,5.66,5.0,5.66,5.656488,MO,Serie A,M
Walace,5.55,5.5,5.0,4.5,6.0,5.0,7.5,6.0,5.0,7.0,5.5,6.0,5.5,5.5,5.5,5.5,5.0,5.0,5.5,4.5,8.0,3.5,5.0,6.0,5.0,3.5,5.5,5.0,6.5,5.55,5.5,5.0,4.5,6.5,6.0,5.5,5.5,5.0,7.0,6.0,5.6549215,MD,Serie A,M
Laurienté Armand,5.46,5.53,5.46,5.46,5.46,5.46,5.5,6.0,5.5,8.0,6.0,5.46,6.5,4.0,5.46,6.0,4.0,5.0,4.0,5.0,5.46,6.0,5.5,5.46,5.5,6.0,6.0,3.5,5.5,4.5,4.5,7.0,6.0,6.0,4.5,5.0,3.5,5.0,6.0,5.5,5.635091,MO,Serie A,M
Volpato Cristian,5.75,5.6,5.75,5.75,5.75,5.75,5.75,5.75,5.75,5.75,5.75,5.75,5.75,8.0,5.0,5.0,5.0,5.75,5.75,5.75,5.75,5.75,5.75,5.75,5.75,5.75,5.75,5.75,5.75,5.75,5.75,5.75,5.75,5.75,5.75,5.75,5.75,5.0,5.75,5.75,5.616365,MO,Serie A,M
Ferguson Lewis,5.63,5.63,5.63,5.63,4.5,5.63,5.63,5.63,5.63,5.0,5.0,5.0,7.0,7.0,5.5,5.0,7.0,5.0,5.0,6.5,5.63,5.63,5.63,5.63,5.63,5.63,5.63,5.63,5.63,5.63,5.63,5.63,5.63,5.63,5.63,5.63,5.63,5.63,5.63,5.63,5.5871644,MD,Serie A,M
Samardzic Lazar,5.31,5.26,5.0,5.31,5.0,5.0,7.5,6.5,5.0,6.0,5.0,6.0,4.5,5.0,3.5,5.0,6.5,5.0,4.5,5.0,5.31,5.31,5.0,5.31,5.31,5.31,5.31,5.31,5.31,5.0,5.0,5.31,6.0,6.0,5.5,4.5,5.0,5.0,6.0,5.5,5.582547,MO,Serie A,M
Traorè Hamed,4.65,5.35,4.65,4.65,4.65,4.65,4.65,4.65,4.65,4.65,4.65,4.5,6.0,3.5,4.0,4.5,3.5,5.5,5.0,4.5,4.65,4.65,4.65,4.65,5.5,7.0,7.0,6.0,4.65,7.0,5.5,6.5,8.0,4.0,4.5,4.65,5.0,5.5,5.0,5.5,5.5758924,MO,Serie A,M
Koopmeiners Teun,5.64,5.38,5.5,5.0,7.0,8.0,5.5,6.0,6.0,5.5,5.0,4.5,4.0,6.0,4.5,4.0,5.0,7.0,6.0,7.0,5.64,6.5,5.5,5.64,5.64,6.5,4.5,5.64,4.5,5.0,5.5,4.0,5.5,3.5,4.5,5.64,6.0,3.5,5.5,5.64,5.5731287,MD,Serie A,M
Locatelli Manuel,5.63,5.5,5.5,5.0,4.5,5.5,5.0,5.63,5.63,6.5,4.0,6.5,7.5,5.63,6.0,6.0,7.0,5.5,5.0,5.0,5.5,6.0,5.5,4.5,5.63,5.0,5.0,5.0,6.0,6.5,5.63,5.0,5.63,5.63,5.63,5.63,5.63,5.5,4.5,5.5,5.552775,MD,Serie A,M
Matic Nemanja,5.32,5.25,4.5,5.0,5.0,6.5,3.5,5.5,5.5,6.0,5.0,5.0,5.0,6.5,5.0,6.5,6.5,4.5,5.0,5.0,4.5,5.0,5.0,5.32,5.32,5.32,5.32,5.0,5.32,5.5,3.5,5.0,4.5,5.0,5.5,7.0,4.5,7.0,5.32,5.5,5.523909,MD,Serie A,M
Luis Alberto,5.53,5.66,4.5,5.0,7.0,5.5,4.5,6.5,5.0,6.5,6.0,4.5,5.53,6.0,5.0,5.53,5.5,5.53,6.0,5.5,5.5,5.0,6.0,5.0,7.0,7.0,5.53,5.0,8.0,5.53,3.5,6.5,6.0,4.5,4.5,6.0,8.0,5.0,5.53,5.53,5.5214005,MO,Serie A,M
Ikoné Jonathan,5.11,5.0,5.11,4.0,4.0,4.5,5.0,5.0,7.0,4.5,4.0,5.0,6.0,5.5,6.0,5.5,5.5,5.0,5.0,5.0,4.5,5.0,6.0,4.5,4.5,5.0,5.11,5.5,3.5,5.0,5.0,5.11,6.5,5.0,3.5,5.0,6.0,3.5,5.0,5.5,5.515384,MO,Serie A,M
Lazzari Manuel,5.33,5.38,5.0,5.0,5.5,5.5,4.5,6.0,5.33,7.0,6.0,5.0,6.0,4.0,5.5,5.0,5.33,5.0,5.0,5.33,5.0,5.0,6.0,5.5,5.5,7.0,5.33,5.33,5.33,5.33,5.0,7.0,6.0,5.0,4.5,4.0,7.0,5.0,4.0,5.33,5.5132933,MD,Serie A,M
Blin Alexis,5.38,5.38,6.0,5.0,5.0,5.0,5.38,5.38,5.0,4.5,6.0,5.5,5.5,4.5,5.5,5.5,5.0,6.0,6.5,5.5,5.38,5.38,5.38,5.38,5.38,5.38,5.38,5.38,5.38,5.38,5.38,5.38,5.38,5.38,5.38,5.38,5.38,5.38,5.38,5.5,5.476064,MD,Serie A,M
Candreva Antonio,5.0,5.23,4.5,5.0,6.5,6.0,3.5,6.0,6.0,3.0,5.5,5.0,5.5,6.0,6.0,4.5,2.5,5.0,6.0,3.0,4.0,5.0,5.0,6.0,8.5,5.0,6.0,5.0,5.5,5.0,5.5,5.0,4.5,4.5,5.5,6.0,4.5,7.5,5.0,5.5,5.455571,MO,Serie A,M
Vecino Matías,5.41,5.25,5.0,5.0,5.5,5.41,5.5,5.0,6.0,5.5,8.0,5.5,6.0,3.5,6.0,5.5,6.0,4.5,4.5,5.0,5.41,5.41,5.41,5.0,5.0,5.41,5.41,4.5,5.41,4.5,5.41,5.41,5.41,5.41,5.41,4.5,5.41,5.41,5.41,5.41,5.4552436,MD,Serie A,M
Mkhitaryan Henrikh,5.43,5.66,5.0,5.43,5.43,5.43,5.5,5.0,4.5,5.0,6.5,5.5,5.5,6.5,5.5,5.5,5.0,6.0,5.0,5.5,5.0,6.5,6.0,6.5,6.0,5.5,5.43,4.5,6.0,5.43,7.0,7.0,6.0,5.0,6.0,5.43,5.43,5.43,5.43,5.43,5.4423323,MO,Serie A,M
Bandinelli Filippo,5.25,5.04,4.5,5.5,4.5,4.5,4.0,6.5,7.5,4.5,4.5,6.0,4.5,5.0,6.0,6.0,5.5,4.5,5.0,6.0,4.5,5.25,5.5,4.5,4.5,5.5,5.5,4.0,4.5,4.0,5.0,4.0,6.0,5.0,4.5,5.25,4.0,5.0,6.0,5.25,5.4412074,MD,Serie A,M
Pereyra Roberto,5.33,5.41,5.5,5.0,5.0,5.0,8.0,6.5,5.0,4.5,6.5,5.0,4.0,5.5,6.0,5.0,3.5,6.5,5.0,4.5,5.33,5.33,5.33,5.33,5.33,5.33,4.5,7.0,6.0,5.0,5.5,8.0,5.33,5.5,5.33,4.0,4.5,4.0,7.0,5.33,5.42347,MO,Serie A,M
Obiang Pedro,5.13,5.13,5.13,5.13,5.13,5.13,5.13,5.13,5.13,5.0,5.13,5.13,6.0,5.5,5.13,5.0,4.0,5.13,5.0,5.0,5.13,5.13,5.13,5.13,5.13,5.13,5.13,5.13,5.13,5.13,5.13,5.13,5.13,5.13,5.13,5.13,5.13,5.13,5.13,5.5,5.4183164,MD,Serie A,M
Domínguez Nicolás,5.37,5.22,5.0,5.0,5.0,5.5,6.0,5.37,6.0,4.5,6.0,5.0,5.5,5.5,5.0,5.37,7.0,5.0,4.5,5.37,5.0,5.37,5.37,4.5,5.37,5.37,5.37,5.37,5.37,5.37,5.37,5.37,5.0,4.5,4.5,6.0,4.5,5.37,5.5,5.37,5.414926,MD,Serie A,M
Felipe Anderson,5.58,5.57,5.0,4.5,7.0,5.0,6.0,4.5,6.0,7.0,5.5,5.0,7.0,4.0,6.5,5.0,3.5,5.0,7.0,7.0,6.0,4.5,6.5,5.0,5.5,5.0,7.0,5.0,8.0,5.58,2.5,6.0,6.0,5.0,4.0,5.0,5.5,5.5,8.0,5.58,5.4108825,MO,Serie A,M
Sensi Stefano,5.27,5.22,5.0,3.5,4.5,5.0,5.5,6.5,5.0,8.0,5.0,4.5,4.0,6.0,6.0,5.27,5.27,5.27,5.27,5.27,5.27,5.27,5.27,5.27,8.0,4.0,5.27,5.27,5.0,5.0,6.0,4.0,5.0,5.0,4.5,5.0,5.27,5.27,5.27,5.27,5.372026,MD,Serie A,M
Krunic Rade,5.25,5.2,5.0,5.25,5.25,5.25,5.25,5.25,5.5,6.0,5.5,5.5,5.25,5.25,4.5,4.5,5.5,5.25,5.25,5.25,4.5,5.25,4.5,5.5,4.5,5.5,5.25,5.25,5.0,5.0,5.5,5.25,5.0,5.5,5.0,4.5,5.5,6.5,5.5,5.25,5.3639946,MD,Serie A,M
Cristante Bryan,5.42,5.41,7.0,5.5,4.5,6.0,4.5,5.0,4.5,5.5,6.0,6.5,4.5,5.0,5.0,6.0,5.0,6.0,5.0,6.5,5.0,4.5,5.42,6.0,5.0,6.0,5.42,6.5,5.5,5.5,6.5,6.0,5.0,4.5,5.42,5.5,4.0,6.0,5.0,5.0,5.3459144,MD,Serie A,M
Paredes Leandro,5.21,5.63,5.21,5.21,5.21,5.21,4.5,5.5,5.0,5.5,5.5,4.5,6.0,5.21,5.21,5.5,5.0,6.0,4.5,5.0,6.0,5.0,8.0,7.5,6.0,5.21,5.21,5.21,8.0,4.0,5.5,5.21,5.21,5.21,5.21,5.21,5.21,5.21,5.21,5.21,5.3271008,MD,Serie A,M
Brozovic Marcelo,5.3,5.71,4.5,7.0,4.0,6.0,5.5,7.0,4.5,5.3,5.3,5.3,5.3,5.3,4.5,5.5,4.5,5.3,5.3,5.3,5.0,6.0,6.0,6.0,5.0,6.0,5.3,5.0,6.0,5.3,5.3,6.5,6.0,7.0,6.0,5.5,7.0,6.0,6.5,5.3,5.326599,MD,Serie A,M
Arslan Tolgay,5.0,5.11,5.0,5.0,5.0,5.0,5.0,5.5,6.0,5.5,4.0,5.0,4.5,5.0,5.0,4.5,4.5,5.0,5.0,5.0,6.0,5.0,5.5,6.0,6.0,5.0,4.5,6.0,5.0,5.0,5.0,5.0,5.5,5.0,5.5,4.0,5.0,5.0,5.0,5.5,5.32655,MD,Serie A,M
Barak Antonín,4.97,5.16,4.5,4.97,5.0,4.5,5.5,5.0,5.5,5.0,4.5,4.5,5.0,4.97,5.0,5.0,6.0,4.5,4.97,5.0,4.5,4.5,9.0,7.0,4.5,7.0,4.97,4.97,4.97,3.5,5.0,4.97,4.97,5.0,4.5,6.5,4.0,4.97,4.97,5.0,5.308947,MO,Serie A,M
Tameze Adrien,4.78,5.16,3.5,4.5,5.5,5.0,5.0,4.5,4.5,4.5,4.0,5.5,5.5,4.0,4.0,4.78,5.0,5.0,5.5,5.0,5.5,5.0,6.0,5.0,4.5,8.0,4.78,4.78,5.0,6.0,5.0,6.0,5.0,6.5,5.5,5.5,6.0,5.0,5.0,5.5,5.3049116,MD,Serie A,M
Castrovilli Gaetano,5.0,5.13,5.0,5.0,5.0,5.0,5.0,5.0,5.0,5.0,5.0,5.0,5.0,5.0,5.0,5.0,5.0,5.0,5.0,5.0,5.0,3.0,5.0,5.0,5.0,5.0,5.5,6.0,5.0,5.0,5.5,6.5,5.0,5.5,5.0,5.0,5.0,5.0,5.0,5.0,5.2578897,MO,Serie A,M
Soriano Roberto,5.35,5.35,6.0,5.5,4.5,4.5,7.0,6.0,5.0,3.5,5.0,5.35,5.0,5.5,6.0,5.0,7.5,5.0,5.0,5.0,5.0,5.35,5.35,6.0,5.5,4.5,6.0,4.0,5.0,5.5,5.5,5.0,5.0,6.5,6.0,6.0,5.5,4.5,5.35,5.35,5.246411,MO,Serie A,M
Junior Messias Junior,5.46,5.4,5.0,5.0,5.0,5.0,5.5,7.0,4.5,5.46,5.46,5.46,6.0,6.5,5.5,5.5,5.46,5.46,5.46,5.0,7.0,5.0,4.5,5.0,4.5,5.5,7.0,5.0,5.0,5.5,5.5,4.5,5.0,6.0,5.5,5.0,5.0,6.0,5.46,5.46,5.240014,MO,Serie A,M
Moro Nikola,5.25,5.25,5.25,5.25,5.25,5.25,5.0,5.25,5.25,5.25,5.25,5.5,5.25,4.5,5.25,4.5,5.0,5.25,5.25,7.0,5.25,5.25,5.25,5.25,5.25,5.25,5.25,5.25,5.25,5.25,5.25,5.25,5.25,5.25,5.25,5.25,5.25,5.25,5.25,5.25,5.232636,MD,Serie A,M
De Ketelaere Charles,5.17,5.17,5.0,5.5,7.0,5.0,5.0,6.0,5.0,5.5,5.0,5.17,5.0,5.0,5.0,4.5,5.17,4.5,4.5,5.17,5.17,5.17,5.17,5.17,5.17,5.17,5.17,5.17,5.17,5.17,5.17,5.17,5.17,5.17,5.17,5.17,5.17,5.17,5.17,5.17,5.2290792,MO,Serie A,M
Aebischer Michel,5.13,5.11,4.5,5.0,5.0,5.0,5.13,5.0,4.5,4.5,6.0,5.0,6.5,4.5,5.0,5.13,7.0,5.5,5.0,4.0,5.0,5.13,5.13,5.13,5.0,5.0,5.0,5.13,5.13,5.0,5.13,6.0,5.0,5.0,5.5,5.0,5.13,4.5,5.0,5.13,5.2210174,MD,Serie A,M
Gabriel Strefezza Gabriel,5.5,5.5,5.0,4.5,6.5,4.5,5.5,5.5,6.5,7.0,7.0,5.0,4.5,5.5,4.5,5.5,5.5,6.5,5.0,5.5,5.5,5.5,5.5,5.5,5.5,5.5,5.5,5.5,5.5,5.5,5.5,5.5,5.5,5.5,5.5,5.5,5.5,5.5,5.5,5.0,5.2194037,MO,Serie A,M
Marcos Antônio,5.17,5.17,5.17,4.5,4.5,5.0,5.17,6.0,5.17,5.0,6.0,5.17,5.17,5.17,5.17,5.0,5.0,5.5,5.17,5.17,5.17,5.17,5.17,5.17,5.17,5.17,5.17,5.17,5.17,5.17,5.17,5.17,5.17,5.17,5.17,5.17,5.17,5.17,5.17,5.17,5.2111416,MO,Serie A,M
Thorstvedt Kristian,5.09,5.09,4.0,5.0,5.5,5.0,5.0,5.0,5.0,8.0,5.0,5.0,6.0,4.0,5.0,4.5,5.0,4.5,5.09,5.0,5.09,5.09,5.09,5.09,5.09,5.09,5.09,5.09,5.09,5.09,5.09,5.09,5.09,5.09,5.09,5.09,5.09,5.09,5.09,5.09,5.207747,MO,Serie A,M
Radonjic Nemanja,5.12,5.12,5.5,5.5,7.0,5.0,4.5,4.5,4.0,5.0,5.0,4.0,6.0,5.12,4.5,7.0,5.0,4.5,5.0,5.0,5.12,5.12,5.12,5.12,5.12,5.12,5.12,5.12,5.12,5.12,5.12,5.12,5.12,5.12,5.12,5.12,5.12,5.12,5.12,5.12,5.196228,MO,Serie A,M
Mandragora Rolando,5.5,5.48,7.0,6.0,5.5,5.0,5.0,5.0,7.5,5.0,3.5,4.5,5.5,6.0,6.0,5.5,5.5,5.5,5.5,5.5,5.5,8.0,4.5,6.0,4.0,5.5,6.0,5.5,5.5,5.5,4.0,6.0,5.5,5.5,5.5,5.5,5.5,5.5,5.0,5.5,5.1769514,MD,Serie A,M
Askildsen Kristoffer,5.12,5.06,5.12,5.0,5.0,5.0,4.5,5.5,5.5,5.5,6.0,4.5,4.5,5.0,5.12,5.12,5.5,5.0,5.12,5.12,5.12,5.5,4.5,5.12,5.12,5.12,5.12,5.12,5.12,5.12,5.12,5.12,5.12,5.12,5.12,5.12,5.0,5.12,4.5,5.12,5.1670814,MD,Serie A,M
Zurkowski Szymon,5.17,5.29,5.5,5.17,5.17,5.17,5.0,5.17,5.17,5.17,5.17,5.17,5.17,5.17,5.17,5.17,5.17,5.17,5.17,5.0,6.0,3.5,7.5,4.0,6.0,4.5,5.5,6.0,5.5,4.5,5.0,4.5,4.0,5.17,5.5,6.5,5.5,4.5,7.0,5.17,5.155716,MD,Serie A,M
Tahirovic Benjamin,5.13,5.13,5.13,5.13,5.13,5.13,5.13,5.13,5.13,5.13,5.13,5.13,5.13,5.13,5.13,5.13,5.0,5.5,5.0,5.0,5.13,5.13,5.13,5.13,5.13,5.13,5.13,5.13,5.13,5.13,5.13,5.13,5.13,5.13,5.13,5.13,5.13,5.13,5.13,5.13,5.14819,MO,Serie A,M
Romero Luka,5.13,5.0,5.13,5.13,5.13,5.13,5.13,5.13,5.13,5.13,5.13,5.13,5.13,5.13,5.0,6.0,4.5,5.0,5.13,5.13,5.13,5.13,5.5,5.13,5.13,5.13,5.13,5.13,5.0,5.13,5.0,5.13,5.13,5.0,5.13,5.0,4.5,5.13,4.5,5.13,5.143038,MO,Serie A,M
Lopez Maxime,5.21,5.35,5.21,6.0,6.0,5.0,5.5,4.0,6.0,7.5,4.5,5.0,5.0,3.0,5.5,6.0,5.21,5.21,5.21,4.0,6.0,7.0,5.0,4.5,3.5,5.0,6.0,6.0,5.21,6.5,6.0,5.21,7.0,5.5,6.0,4.5,6.0,5.0,3.5,5.21,5.1380906,MO,Serie A,M
Maleh Youssef,5.09,5.0,5.0,5.0,5.5,5.0,5.5,5.09,5.09,5.09,4.5,5.09,5.09,4.5,5.09,5.09,5.09,5.0,6.0,5.0,5.0,4.5,6.0,5.5,5.09,5.5,5.0,4.5,5.0,5.09,5.09,5.0,5.5,5.0,3.5,4.5,5.0,4.5,5.09,5.0,5.1253524,MO,Serie A,M
Grassi Alberto,5.23,5.38,5.23,5.0,5.0,5.5,5.5,5.0,4.0,5.5,5.23,5.23,5.23,5.23,5.23,5.0,7.0,5.0,5.0,5.23,6.5,5.23,5.23,5.0,5.23,6.0,6.0,6.5,4.5,5.0,5.5,3.5,5.23,7.0,5.0,5.0,6.5,5.0,5.5,5.23,5.110773,MD,Serie A,M
Lovric Sandi,5.22,5.22,5.0,5.5,5.0,6.0,6.0,7.0,5.5,5.0,4.5,5.0,5.0,5.0,5.22,6.0,4.0,5.0,5.5,4.0,5.22,5.22,5.22,5.22,5.22,5.22,5.22,5.22,5.22,5.22,5.22,5.22,5.22,5.22,5.22,5.22,5.22,5.22,5.22,5.0,5.0946374,MD,Serie A,M
Castagnetti Michele,5.09,5.09,5.09,5.09,5.09,5.0,5.0,5.09,5.09,5.5,5.09,6.0,4.5,5.09,5.0,5.5,5.0,5.0,4.0,5.5,5.09,5.09,5.09,5.09,5.09,5.09,5.09,5.09,5.09,5.09,5.09,5.09,5.09,5.09,5.09,5.09,5.09,5.09,5.09,5.09,5.093271,MD,Serie A,M
Ranocchia Filippo,5.05,5.05,5.0,4.5,5.05,5.05,5.05,5.05,5.05,5.05,5.0,5.05,7.0,4.0,5.05,5.0,5.0,5.0,5.5,4.5,5.05,5.05,5.05,5.05,5.05,5.05,5.05,5.05,5.05,5.05,5.05,5.05,5.05,5.05,5.05,5.05,5.05,5.05,5.05,5.05,5.0871944,MD,Serie A,M
Ekdal Albin,4.79,4.92,5.0,4.79,3.5,4.79,4.79,4.79,5.0,5.0,5.0,5.0,4.5,5.5,5.0,5.0,4.5,4.5,4.5,5.0,3.5,4.5,4.79,5.0,4.79,5.5,5.5,4.79,4.5,4.79,5.5,4.79,4.79,5.0,5.0,7.0,4.79,4.79,4.79,4.79,5.080098,MD,Serie A,M
Helgason Thórir,5.08,5.08,5.0,5.0,5.08,5.0,5.08,5.5,5.08,5.08,5.0,5.0,5.08,5.08,5.08,5.08,5.08,5.08,5.08,5.08,5.08,5.08,5.08,5.08,5.08,5.08,5.08,5.08,5.08,5.08,5.08,5.08,5.08,5.08,5.08,5.08,5.08,5.08,5.08,5.08,5.07952,MD,Serie A,M
Harroui Abdou,5.13,5.09,5.0,5.0,5.13,4.5,5.5,4.0,5.0,6.5,5.0,5.13,5.13,5.0,5.5,5.5,5.0,5.13,5.13,5.13,6.0,5.5,5.0,4.0,5.0,5.0,5.5,5.13,5.13,4.5,5.0,5.0,5.13,5.13,5.13,5.13,5.13,5.13,5.13,5.13,5.0652995,MD,Serie A,M
Saponara Riccardo,5.23,5.11,5.0,4.5,5.0,4.0,5.23,5.5,5.0,5.0,5.5,5.23,5.23,6.0,5.0,6.5,5.0,5.0,6.5,5.23,5.23,5.0,6.5,5.23,5.23,5.5,5.23,6.0,3.5,5.23,5.0,5.0,4.0,5.23,6.0,4.0,5.0,4.0,5.0,5.0,5.0627007,MO,Serie A,M
Adli Yacine,5.0,4.86,5.0,5.0,4.5,5.0,5.0,5.0,5.5,5.0,5.0,5.0,5.0,5.0,5.0,5.0,5.0,5.0,5.0,5.0,5.0,3.5,4.5,2.5,5.0,5.5,6.0,4.0,4.0,6.0,5.5,6.0,5.0,5.0,5.0,5.0,4.5,5.0,5.0,5.0,5.0555983,MO,Serie A,M
Bajrami Nedim,5.0,5.09,5.5,4.5,4.5,5.0,4.5,5.0,5.0,6.0,5.5,4.5,4.5,3.5,5.0,5.0,7.0,5.0,5.0,5.0,6.0,5.0,5.5,7.0,4.5,6.0,4.5,5.0,5.5,5.0,4.5,5.0,5.5,3.5,6.0,5.0,4.0,5.0,5.5,5.0,5.0335584,MO,Serie A,M
Amrabat Sofyan,5.06,5.23,5.0,5.06,5.5,4.5,6.0,5.0,5.0,5.5,4.5,5.06,4.0,5.0,5.5,5.5,5.0,5.0,5.06,5.0,5.06,5.06,5.06,5.06,5.0,6.5,5.0,5.0,5.0,5.06,5.06,5.5,5.0,5.0,3.5,6.5,7.0,5.06,6.5,5.0,5.0291567,MD,Serie A,M
Gaetano Gianluca,5.0,5.0,5.0,5.0,5.0,5.0,5.0,5.5,5.0,5.0,5.0,5.0,4.5,5.0,5.0,5.0,5.0,5.0,5.0,5.0,5.0,5.0,5.0,5.0,5.0,5.0,5.0,5.0,5.0,5.0,5.0,5.0,5.0,5.0,5.0,5.0,5.0,5.0,5.0,5.0,5.0164433,MO,Serie A,M
Cambiaghi Nicolò,5.0,5.0,5.0,4.5,5.0,5.0,5.0,4.0,5.0,4.5,4.5,5.0,5.0,5.0,5.0,5.0,7.5,4.5,6.0,4.5,5.0,5.0,5.0,5.0,5.0,5.0,5.0,5.0,5.0,5.0,5.0,5.0,5.0,5.0,5.0,5.0,5.0,5.0,5.0,5.0,5.013275,MO,Serie A,M
Pickel Charles,5.03,5.03,4.5,5.5,4.5,4.5,5.5,5.0,5.0,5.5,5.03,6.5,4.0,6.0,6.0,5.0,4.5,5.5,3.5,4.5,5.03,5.03,5.03,5.03,5.03,5.03,5.03,5.03,5.03,5.03,5.03,5.03,5.03,5.03,5.03,5.03,5.03,5.03,5.03,5.03,5.01041,MD,Serie A,M
D'Andrea Luca,5.0,5.0,5.0,5.0,5.0,5.0,5.0,5.0,5.5,5.0,5.0,6.0,4.5,5.0,4.0,5.0,5.0,5.0,5.0,5.0,5.0,5.0,5.0,5.0,5.0,5.0,5.0,5.0,5.0,5.0,5.0,5.0,5.0,5.0,5.0,5.0,5.0,5.0,5.0,5.0,5.0082607,MO,Serie A,M
Esposito Salvatore,5.0,5.0,5.0,5.0,5.0,5.0,5.0,5.0,5.0,5.0,5.0,5.0,5.0,5.0,5.0,5.0,5.0,5.0,5.0,5.0,5.0,5.0,5.0,5.0,5.0,5.0,5.0,5.0,5.0,5.0,5.0,5.0,5.0,5.0,5.0,5.0,5.0,5.0,5.0,5.0,5.003771,MD,Serie A,M
Cortinovis Alessandro,5.0,5.0,5.0,5.0,5.0,5.0,5.0,5.0,5.0,5.0,5.0,5.0,5.0,5.0,5.0,5.0,5.0,5.0,5.0,5.0,5.0,5.0,5.0,5.0,5.0,5.0,5.0,5.0,5.0,5.0,5.0,5.0,5.0,5.0,5.0,5.0,5.0,5.0,5.0,5.0,5.003771,MO,Serie A,M
Bohinen Emil,5.06,5.33,5.06,5.06,5.06,5.06,5.06,5.06,5.06,5.06,5.06,5.0,4.5,5.0,4.5,5.0,5.5,5.5,5.5,5.06,6.0,5.06,5.06,5.06,5.06,5.06,5.06,5.0,5.06,5.06,5.06,5.0,5.0,6.0,6.0,6.5,5.5,5.06,5.0,5.06,4.9940276,MO,Serie A,M
Hongla Martin,5.0,4.97,4.0,6.0,5.5,5.0,5.0,5.0,5.0,5.0,5.0,4.5,5.0,5.5,4.5,5.0,5.0,5.0,5.0,5.0,5.0,5.0,5.0,5.0,5.0,5.0,5.0,5.0,5.0,4.5,5.0,5.0,5.0,5.0,5.0,4.5,4.0,5.0,6.5,5.0,4.992293,MD,Serie A,M
Coulibaly Lassana,5.03,5.02,4.5,5.03,8.0,5.0,5.5,3.5,4.5,3.5,7.0,5.5,6.0,5.0,5.5,4.5,3.5,6.0,5.03,3.0,5.0,5.03,5.03,5.03,5.03,5.5,5.0,6.0,3.5,5.5,4.0,4.5,5.5,4.5,5.5,6.0,5.0,4.5,4.0,5.0,4.9896345,MD,Serie A,M
Bove Edoardo,5.0,4.96,5.0,5.0,5.0,5.0,5.0,5.0,5.0,5.0,5.0,5.0,5.0,5.0,5.0,5.0,5.0,5.0,5.0,5.0,5.0,5.0,5.0,5.0,5.0,5.0,5.0,5.0,5.0,5.0,5.0,4.5,5.0,5.0,5.0,5.0,5.0,5.0,5.0,5.0,4.9892254,MD,Serie A,M
Basic Toma,4.96,4.96,5.0,5.0,4.96,5.0,4.5,5.5,5.0,4.96,4.96,4.96,4.5,5.0,5.0,5.5,4.5,5.0,5.0,4.96,4.96,4.5,4.96,5.0,5.0,5.0,6.0,5.0,4.5,4.96,4.96,4.5,5.0,5.0,5.0,5.0,5.0,5.5,4.5,4.96,4.9807925,MD,Serie A,M
Matheus Henrique,4.95,4.94,4.5,5.0,6.0,5.0,5.0,5.0,4.95,4.95,4.95,5.0,4.95,4.5,4.95,4.95,4.5,5.0,4.95,4.95,4.95,4.95,4.95,4.95,5.5,5.0,5.0,5.0,4.95,5.0,5.5,5.0,4.5,4.5,5.0,4.0,6.0,5.5,3.5,5.0,4.980325,MD,Serie A,M
Miguel Veloso,5.13,5.17,5.13,4.5,5.0,5.5,5.0,5.0,5.0,5.0,5.0,4.5,5.0,5.5,5.5,5.5,6.0,5.13,5.13,5.0,5.5,6.0,6.0,5.5,3.5,5.13,5.13,5.13,5.13,5.13,5.13,5.13,5.13,5.0,5.0,5.5,5.13,5.13,5.0,5.13,4.979588,MD,Serie A,M
Miretti Fabio,5.06,5.0,5.0,5.0,5.5,7.0,4.5,5.0,5.0,5.0,5.0,5.06,5.0,5.0,5.0,4.5,5.06,5.0,4.5,5.0,5.06,5.06,5.06,5.06,5.06,5.06,5.06,5.06,5.06,5.06,5.0,5.06,5.06,5.06,5.0,5.0,5.0,4.5,4.5,5.0,4.977027,MO,Serie A,M
Henderson Liam,4.88,4.81,4.5,5.5,5.0,4.0,5.5,4.88,5.5,4.5,4.5,6.0,4.5,4.0,4.88,5.0,5.0,4.88,4.88,4.88,4.5,4.0,5.0,5.0,5.0,4.5,5.0,4.5,5.0,4.5,4.5,4.5,5.0,4.0,6.0,5.0,5.0,4.5,5.0,4.88,4.9750934,MD,Serie A,M
Vignato Emanuel,5.0,4.97,5.0,5.0,4.5,4.5,5.0,5.0,5.0,4.5,5.0,5.0,5.0,5.0,6.5,5.0,5.0,5.0,5.0,5.0,5.0,5.0,5.0,5.0,5.0,5.0,5.0,4.5,5.0,5.0,5.0,5.0,5.0,5.0,5.0,5.0,5.0,5.0,5.0,5.0,4.974926,MO,Serie A,M
Verre Valerio,5.08,5.02,5.0,5.0,5.5,5.0,4.0,5.0,5.0,5.0,5.0,5.5,5.5,4.5,5.08,5.0,5.5,6.0,5.5,4.5,5.08,5.08,5.08,5.08,5.0,5.0,5.08,5.0,4.5,5.08,5.08,5.08,5.08,4.5,5.0,4.5,5.08,5.5,5.08,5.0,4.971615,MO,Serie A,M
Adopo Michel,4.9,4.9,5.0,4.9,4.9,4.9,4.9,4.9,4.9,4.5,4.9,4.9,4.9,5.0,4.9,4.9,5.0,4.9,4.9,4.9,4.9,4.9,4.9,4.9,4.9,4.9,4.9,4.9,4.9,4.9,4.9,4.9,4.9,4.9,4.9,4.9,4.9,4.9,4.9,5.0,4.9638596,MD,Serie A,M
Bondo Warren,5.0,5.0,5.0,5.0,5.0,5.0,5.0,5.0,5.0,5.0,5.0,5.0,5.0,5.0,5.0,5.0,5.0,5.0,5.0,5.0,5.0,5.5,4.5,5.0,5.0,5.0,5.0,5.0,5.0,5.0,5.0,5.0,5.0,5.0,5.0,5.0,5.0,5.0,5.0,5.0,4.960904,MO,Serie A,M
Maggiore Giulio,5.05,5.02,5.05,5.0,6.5,5.5,5.0,5.0,5.5,4.0,4.5,5.05,5.05,5.05,5.05,4.5,5.0,5.05,5.05,5.05,4.5,5.05,4.5,5.05,5.05,4.5,4.5,4.5,4.5,6.0,3.5,6.0,5.5,6.0,5.05,4.5,5.5,7.0,4.0,5.05,4.958568,MD,Serie A,M
Wijnaldum Georginio,5.0,4.97,5.0,5.0,5.0,5.0,5.0,5.0,5.0,5.0,5.0,5.0,5.0,5.0,5.0,5.0,5.0,5.0,5.0,5.0,4.5,5.5,5.0,5.0,5.0,3.0,5.5,4.5,7.0,3.5,4.5,5.0,5.0,5.5,5.0,5.0,5.5,5.5,5.0,5.0,4.9520025,MO,Serie A,M
Oudin Remi,4.79,4.83,4.79,4.79,4.79,4.79,5.0,4.79,5.0,4.79,4.5,4.5,5.0,5.0,5.0,5.0,4.5,5.0,4.5,4.5,4.5,4.0,7.0,4.5,5.0,6.5,5.0,4.5,4.5,4.79,4.5,4.79,5.0,4.5,5.0,4.5,4.0,5.0,4.5,4.79,4.9500623,MO,Serie A,M
Bianco Alessandro,4.83,4.83,4.83,4.83,4.83,4.83,4.83,4.83,4.83,4.83,4.83,4.83,4.83,4.83,4.83,4.83,4.83,5.0,4.5,4.83,4.83,4.83,4.83,4.83,4.83,4.83,4.83,4.83,4.83,4.83,4.83,4.83,4.83,4.83,4.83,4.83,4.83,4.83,4.83,5.0,4.9435687,MD,Serie A,M
Asllani Kristjan,4.83,5.15,4.83,5.0,4.83,4.5,4.83,4.83,4.83,5.0,5.0,4.5,4.83,4.5,4.83,5.0,4.83,4.83,5.0,5.0,4.83,5.0,5.0,4.83,6.0,6.0,4.5,5.0,6.0,5.0,5.0,5.0,5.5,4.5,6.0,4.5,6.0,6.5,5.0,4.83,4.9403834,MD,Serie A,M
Meïté Soualiho,4.88,4.88,4.88,4.88,4.88,4.88,4.88,5.0,4.5,5.0,4.0,5.0,5.5,5.5,5.0,6.0,3.5,5.5,4.88,4.0,4.88,4.88,4.88,4.88,4.88,4.88,4.88,4.88,4.88,4.88,4.88,4.88,4.88,4.88,4.88,4.88,4.88,4.88,4.88,4.88,4.936937,MD,Serie A,M
Linetty Karol,5.11,5.02,5.0,6.0,5.5,5.5,5.0,5.0,5.0,4.0,4.5,5.5,5.0,5.0,5.11,5.5,6.5,5.0,4.5,4.5,5.11,5.11,5.11,5.11,5.11,4.0,5.11,5.11,5.11,5.11,5.11,5.0,5.11,5.11,5.11,5.11,4.5,5.11,5.11,5.0,4.935308,MD,Serie A,M
Zaniolo Nicolò,4.77,4.92,4.5,5.5,4.77,4.77,4.77,4.77,4.5,4.5,4.5,4.5,4.5,6.5,4.5,5.0,4.5,5.0,4.0,4.77,3.5,4.77,4.0,7.0,4.5,4.77,4.77,6.0,6.0,5.0,4.77,4.77,5.0,4.0,4.77,5.0,5.0,4.77,6.0,4.77,4.9266286,MO,Serie A,M
Sambia Junior,4.5,4.68,4.5,4.5,4.0,4.5,4.5,5.0,4.5,4.5,5.0,4.5,4.5,4.5,4.5,4.5,4.5,3.0,4.5,5.0,4.5,4.5,5.0,4.5,4.5,6.0,4.5,4.5,4.5,5.0,4.0,5.0,4.5,4.5,4.5,4.5,4.5,5.0,5.0,5.0,4.925732,MD,Serie A,M
Gagliardini Roberto,4.94,4.91,4.94,5.0,5.0,4.94,4.94,4.94,5.0,4.94,5.0,4.94,4.94,4.94,4.94,5.0,4.94,4.5,4.0,6.0,5.0,5.0,4.94,4.94,4.94,4.94,4.0,4.94,5.5,4.94,4.94,4.5,4.5,4.94,4.5,5.0,4.94,6.0,4.94,4.94,4.917775,MD,Serie A,M
Demme Diego,5.0,5.25,5.0,5.0,5.0,5.0,5.0,5.0,5.0,5.0,5.0,4.5,5.0,5.5,5.0,5.0,5.0,5.0,5.0,5.0,5.5,6.0,5.0,5.0,5.0,5.0,5.0,5.5,5.0,5.0,5.0,5.0,5.0,5.0,5.0,4.5,5.0,5.0,6.5,5.0,4.9160504,MD,Serie A,M
Zortea Nadir,5.06,5.06,5.0,5.0,5.5,4.5,5.06,5.5,5.06,5.06,5.06,5.0,5.06,5.0,5.06,3.5,5.06,5.06,5.06,6.5,5.0,5.5,5.06,5.06,5.06,5.0,5.06,6.5,4.0,6.5,5.0,4.5,3.5,5.06,4.5,4.5,5.0,6.0,5.0,5.06,4.9118404,MD,Serie A,M
Marin Razvan,5.06,5.06,5.5,5.0,4.0,4.5,5.5,5.0,6.0,4.0,5.0,5.0,3.5,5.5,6.0,4.0,5.0,5.0,5.5,7.0,6.0,5.06,5.5,5.0,5.06,5.5,5.5,5.0,4.5,5.5,5.0,5.06,5.0,7.0,4.5,3.0,5.0,4.0,5.0,5.06,4.905753,MD,Serie A,M
Ilkhan Emirhan,4.88,4.88,4.5,4.88,4.88,4.88,5.0,5.0,4.88,4.88,4.88,4.88,4.88,4.88,4.88,5.0,4.88,4.88,4.88,4.88,4.88,4.88,4.88,4.88,4.88,4.88,4.88,4.88,4.88,4.88,4.88,4.88,4.88,4.88,4.88,4.88,4.88,4.88,4.88,4.88,4.9013515,MO,Serie A,M
Benassi Marco,5.0,4.68,5.0,5.0,5.0,5.0,5.0,5.0,5.0,5.0,5.0,5.0,5.0,5.0,5.0,5.0,5.0,5.0,5.0,5.0,5.0,5.0,5.0,4.5,5.5,4.5,4.0,4.5,4.5,5.0,5.0,5.0,5.0,3.5,5.0,5.0,5.0,4.5,5.0,5.0,4.896812,MO,Serie A,M
Vranckx Aster,4.86,4.86,4.86,4.86,4.86,4.86,4.86,5.0,4.86,4.86,5.0,4.86,5.0,4.86,4.86,4.86,5.5,5.0,4.0,4.5,4.86,4.86,4.86,4.86,4.86,4.86,4.86,4.86,4.86,4.86,4.86,4.86,4.86,4.86,4.86,4.86,4.86,4.86,4.86,4.86,4.86835,MD,Serie A,M
Zanimacchia Luca,4.82,4.82,5.5,4.5,5.5,4.0,5.0,4.5,3.5,6.5,4.5,4.5,4.82,4.82,5.0,4.82,5.0,4.82,5.0,4.5,4.82,4.82,4.82,4.82,4.82,4.82,4.82,4.82,4.82,4.82,4.82,4.82,4.82,4.82,4.82,4.82,4.82,4.82,4.82,4.82,4.8666763,MO,Serie A,M
Escalante Gonzalo,4.67,5.12,3.5,4.67,5.0,4.5,5.0,5.0,4.5,4.67,5.0,4.67,4.67,5.0,4.67,4.5,4.67,4.67,4.67,4.67,4.5,3.5,5.5,4.5,6.5,4.0,6.0,4.67,5.0,6.0,5.5,6.0,6.0,5.0,7.0,4.67,6.5,4.5,4.67,4.67,4.8470106,MD,Serie A,M
Barberis Andrea,4.79,4.79,4.5,3.5,4.79,4.79,4.79,4.79,5.0,5.0,6.0,5.5,4.0,4.79,4.79,4.79,4.79,4.79,4.79,4.79,4.79,4.79,4.79,4.79,4.79,4.79,4.79,4.79,4.79,4.79,4.79,4.79,4.79,4.79,4.79,4.79,4.79,4.79,4.79,4.79,4.8461742,MD,Serie A,M
Haas Nicolas,4.92,4.92,4.92,4.5,5.0,6.0,4.0,4.0,5.5,4.5,5.0,6.0,4.0,4.92,5.5,4.5,4.92,4.92,4.92,5.5,4.92,4.92,4.92,4.92,4.92,4.92,4.92,4.92,4.92,4.92,4.92,4.92,4.92,4.92,4.92,4.92,4.92,4.92,4.92,4.92,4.8395495,MD,Serie A,M
Pobega Tommaso,4.95,4.98,5.0,4.95,5.0,5.5,5.0,5.5,4.95,4.95,4.0,5.0,5.5,3.5,4.95,4.95,4.95,4.95,6.0,4.5,5.5,5.0,5.0,4.5,4.5,5.0,5.0,3.5,5.0,5.5,4.5,4.95,5.5,5.5,4.95,6.0,5.0,5.5,4.5,4.95,4.831899,MD,Serie A,M
Gonzàlez Joan,5.29,5.29,5.0,4.5,5.5,4.0,6.0,7.0,4.5,5.0,5.5,5.5,4.5,4.5,5.5,6.0,6.0,6.0,6.0,5.0,5.29,5.29,5.29,5.29,5.29,5.29,5.29,5.29,5.29,5.29,5.29,5.29,5.29,5.29,5.29,5.29,5.29,5.29,5.29,4.5,4.8241353,MO,Serie A,M
Hjulmand Morten,5.56,5.56,5.5,6.0,5.5,7.0,4.5,5.0,6.5,5.0,3.5,5.56,5.0,4.5,5.5,7.5,7.5,5.5,5.56,6.0,5.56,5.56,5.56,5.56,5.56,5.56,5.56,5.56,5.56,5.56,5.56,5.56,5.56,5.56,5.56,5.56,5.56,5.56,5.56,4.5,4.8207245,MO,Serie A,M
Radovanovic Ivan,4.85,4.96,4.85,4.5,4.85,4.85,4.85,4.85,4.85,4.5,5.5,4.85,6.0,5.5,5.0,5.0,4.5,3.5,4.85,4.5,5.5,4.85,4.85,4.85,4.85,5.5,5.0,4.85,4.5,5.0,4.0,5.5,5.5,5.5,4.85,4.85,4.5,6.5,3.0,4.85,4.804964,MD,Serie A,M
Pasalic Mario,5.21,5.27,7.0,5.5,5.21,5.0,5.0,4.5,4.5,5.0,5.0,7.0,4.5,6.5,5.0,4.0,4.5,5.5,5.0,5.21,5.5,7.0,6.0,5.21,5.21,4.5,5.0,5.21,4.0,5.5,6.5,4.5,4.5,4.5,6.5,5.5,6.5,5.0,4.5,5.0,4.8023605,MO,Serie A,M
Duncan Alfred,4.73,4.91,4.73,5.0,4.73,4.73,4.73,4.73,5.0,5.0,4.73,5.0,4.0,5.5,5.0,5.0,4.5,4.0,4.5,4.5,3.5,4.73,5.0,4.73,4.5,4.5,5.0,4.73,5.5,4.5,6.0,5.5,6.0,5.0,4.0,5.0,6.0,4.0,7.0,4.5,4.7946973,MD,Serie A,M
Schouten Jerdy,5.04,5.29,5.0,6.0,4.0,5.5,5.0,5.0,5.0,4.5,5.5,5.04,5.04,5.04,5.0,2.5,5.04,5.5,5.0,7.0,5.5,5.04,5.04,5.04,5.5,3.0,6.0,5.5,5.5,5.5,5.5,7.0,5.5,5.0,5.04,6.0,7.0,5.5,5.0,5.04,4.7844815,MD,Serie A,M
Saelemaekers Alexis,4.8,5.02,5.0,5.5,5.5,3.5,5.0,4.8,4.5,4.5,4.8,4.8,4.8,4.8,4.8,4.8,4.8,5.0,5.0,4.5,5.5,5.0,5.0,5.0,4.5,5.0,5.0,5.0,5.0,4.5,5.5,4.8,5.5,4.5,5.0,4.8,5.5,6.0,6.0,4.8,4.7806406,MD,Serie A,M
Lazaro Valentino,4.83,4.83,5.0,5.0,4.83,3.5,5.5,4.5,5.0,3.5,5.0,4.5,5.0,5.5,4.5,4.83,4.5,5.0,6.5,4.83,4.83,4.83,4.83,4.83,4.83,4.83,4.83,4.83,4.83,4.83,4.83,4.83,4.83,4.83,4.83,4.83,4.83,4.83,4.83,4.83,4.780083,MO,Serie A,M
Molina Salvatore,4.8,4.8,4.8,5.0,4.0,5.5,4.5,5.0,4.8,4.8,4.8,4.8,4.8,4.8,4.8,4.8,4.8,4.8,4.8,4.8,4.8,4.8,4.8,4.8,4.8,4.8,4.8,4.8,4.8,4.8,4.8,4.8,4.8,4.8,4.8,4.8,4.8,4.8,4.8,4.8,4.7795143,MD,Serie A,M
Kovalenko Viktor,4.94,4.82,4.94,5.0,5.5,5.0,5.0,5.0,4.5,4.94,5.0,4.94,4.94,4.94,4.94,4.94,4.94,4.5,4.94,4.94,4.94,4.94,6.5,4.5,4.94,4.94,4.94,4.94,5.0,5.5,2.5,4.0,5.0,4.5,4.5,4.5,5.0,5.5,4.5,5.0,4.7781878,MO,Serie A,M
Milanese Tommaso,4.75,4.75,4.75,4.75,4.75,4.75,4.75,4.75,5.0,4.75,4.75,4.75,4.75,4.75,4.75,4.75,4.75,4.5,4.75,4.75,4.75,4.75,4.75,4.75,4.75,4.75,4.75,4.75,4.75,4.75,4.75,4.75,4.75,4.75,4.75,4.75,4.75,4.75,4.75,4.75,4.7514086,MO,Serie A,M
Sabiri Abdelhamid,4.69,5.13,5.0,5.5,3.0,5.5,4.5,3.5,7.0,2.5,4.0,4.5,5.0,4.69,4.69,4.69,4.69,4.69,4.69,6.0,4.69,4.69,4.69,4.69,4.69,4.5,6.0,4.69,5.0,7.5,6.5,5.0,4.0,5.0,5.0,8.0,4.5,8.0,3.5,5.0,4.7484355,MO,Serie A,M
Ndombélé Tanguy,5.06,5.02,5.06,5.06,4.5,5.0,5.0,6.0,5.0,5.0,5.5,5.0,5.0,5.0,5.0,5.5,5.0,5.0,5.0,5.0,5.06,5.06,5.06,5.5,7.0,5.0,4.0,5.06,4.5,5.06,5.5,4.0,5.06,5.06,5.06,5.5,4.0,5.0,5.0,4.5,4.74786,MD,Serie A,M
Báez Jaime,4.75,4.75,4.75,5.0,4.5,4.75,4.75,4.75,4.75,4.75,4.75,4.75,4.75,4.75,4.75,4.75,4.75,4.75,4.75,4.75,4.75,4.75,4.75,4.75,4.75,4.75,4.75,4.75,4.75,4.75,4.75,4.75,4.75,4.75,4.75,4.75,4.75,4.75,4.75,4.75,4.7416887,MO,Serie A,M
Iling-Junior Samuel,4.75,4.75,4.75,4.75,4.75,4.75,4.75,4.75,4.75,4.75,4.75,4.75,4.5,5.5,4.75,4.75,4.75,4.5,4.75,4.5,4.75,4.75,4.75,4.75,4.75,4.75,4.75,4.75,4.75,4.75,4.75,4.75,4.75,4.75,4.75,4.75,4.75,4.75,4.75,4.75,4.734288,MO,Serie A,M
Vieira Ronaldo,5.1,5.0,6.0,5.5,6.0,5.0,5.5,5.0,4.5,5.5,5.0,5.1,5.1,5.0,4.5,5.1,5.1,5.5,5.0,4.0,5.1,5.1,5.1,4.5,5.0,5.5,5.0,5.1,4.5,5.1,5.0,5.0,5.5,5.1,5.0,4.5,4.0,6.0,4.0,4.5,4.731328,MD,Serie A,M
Pjaca Marko,4.67,4.7,4.67,4.67,4.67,4.67,5.0,5.5,4.5,4.5,4.5,4.67,5.0,4.5,4.67,4.67,4.67,4.67,4.0,4.5,4.5,4.5,5.0,5.0,4.67,3.5,4.0,5.0,4.67,4.67,4.5,5.5,4.67,4.67,6.0,4.67,4.67,4.67,4.5,4.67,4.724464,MO,Serie A,M
Colpani Andrea,5.18,5.18,5.18,4.5,6.0,5.5,5.5,4.5,5.0,5.18,5.18,5.0,5.18,5.18,6.5,5.5,6.0,5.0,5.0,4.0,5.18,5.18,5.18,5.18,5.18,5.18,5.18,5.18,5.18,5.18,5.18,5.18,5.18,5.18,5.18,5.18,5.18,5.18,5.18,4.5,4.7197223,MD,Serie A,M
Rabiot Adrien,5.83,5.64,5.83,5.5,5.5,7.0,5.83,5.83,5.83,5.0,5.0,6.5,8.0,5.5,6.5,6.0,7.5,5.5,6.5,3.5,5.0,5.83,5.0,5.0,6.0,5.5,4.5,7.0,5.5,4.0,6.5,6.5,5.0,6.0,6.0,6.0,5.5,5.83,4.0,4.0,4.709455,MD,Serie A,M
D'Alessandro Marco,4.63,4.63,4.5,4.0,4.63,4.63,4.63,4.63,4.63,4.5,5.0,5.0,4.63,4.5,4.63,4.63,4.5,4.63,4.63,5.0,4.63,4.63,4.63,4.63,4.63,4.63,4.63,4.63,4.63,4.63,4.63,4.63,4.63,4.63,4.63,4.63,4.63,4.63,4.63,4.63,4.658547,MO,Serie A,M
Ellertsson Mikael,4.64,4.64,5.0,5.0,4.64,4.5,5.0,5.0,4.5,3.5,4.5,4.64,4.64,4.64,4.5,5.0,4.5,4.64,4.64,4.64,4.64,4.64,4.64,4.64,4.64,4.64,4.64,4.64,4.64,4.64,4.64,4.64,4.64,4.64,4.64,4.64,4.64,4.64,4.64,4.64,4.6493344,MD,Serie A,M
Lukic Sasa,5.13,5.4,5.13,5.0,4.5,4.0,5.0,5.0,5.5,4.5,7.0,5.0,6.0,5.5,6.0,5.13,5.13,5.0,4.5,4.5,7.5,7.0,5.5,5.5,5.0,5.13,4.5,3.5,5.13,5.5,5.5,6.0,5.0,6.0,8.0,5.5,5.13,6.0,4.5,5.13,4.614198,MD,Serie A,M
Lameck Banda,5.05,5.05,5.0,5.5,6.5,5.5,5.0,5.0,4.5,5.0,5.0,5.0,4.5,5.0,4.0,5.0,7.0,4.0,5.0,5.0,5.05,5.05,5.05,5.05,5.05,5.05,5.05,5.05,5.05,5.05,5.05,5.05,5.05,5.05,5.05,5.05,5.05,5.05,5.05,4.5,4.6113453,MO,Serie A,M
Terracciano Filippo,5.0,5.0,5.0,5.5,4.5,5.0,5.0,4.5,5.0,5.0,5.0,5.0,5.0,5.0,6.0,5.0,5.0,5.0,5.0,5.0,5.0,5.0,5.0,5.0,5.0,5.0,5.0,5.0,5.0,5.0,5.0,5.0,5.0,5.0,5.0,5.0,5.0,5.0,5.0,4.5,4.6079006,MD,Serie A,M
Sansone Nicola,4.8,4.88,5.0,4.8,5.0,6.0,4.5,4.8,4.8,4.0,4.5,4.5,4.8,4.5,4.8,4.8,4.8,4.8,3.5,6.5,6.0,4.8,4.8,3.5,4.5,4.8,6.0,4.5,5.0,4.0,4.8,4.8,5.0,4.8,6.5,4.8,4.5,5.0,4.8,4.8,4.592453,MO,Serie A,M
Makengo Jean-Victor,5.06,5.32,4.5,5.0,6.0,5.5,5.5,5.0,5.5,5.0,5.5,5.5,4.0,5.0,5.06,5.06,5.06,4.5,5.0,4.5,7.5,5.06,4.5,5.0,6.5,3.5,5.5,5.0,5.06,5.5,4.5,7.0,6.5,6.5,5.5,5.06,6.0,4.0,7.0,5.0,4.5754275,MD,Serie A,M
Camara Mady,5.0,5.0,5.0,5.0,5.0,5.0,5.0,5.0,5.0,5.0,5.0,4.5,5.0,7.0,4.5,5.0,4.5,5.0,5.0,5.0,5.0,5.0,5.0,5.0,5.0,5.0,5.0,5.0,5.0,5.0,5.0,5.0,5.0,5.0,5.0,5.0,5.0,5.0,5.0,4.5,4.568842,MD,Serie A,M
Kastanos Grigoris,4.85,5.1,4.5,4.85,6.0,4.85,5.0,4.5,4.0,5.0,4.85,5.0,4.85,4.85,4.85,4.85,5.0,4.5,4.85,5.0,5.0,8.0,4.85,4.85,4.85,4.5,6.0,5.0,4.5,4.5,4.85,4.85,5.5,5.0,5.0,5.0,5.5,5.0,5.5,4.85,4.566546,MO,Serie A,M
Valoti Mattia,4.83,4.83,5.5,4.5,4.5,4.83,4.83,5.0,4.83,4.83,4.83,4.83,4.83,5.0,4.83,4.83,4.83,4.83,4.83,4.83,4.83,4.83,4.83,4.83,4.83,4.83,4.83,4.83,4.83,4.83,4.83,4.83,4.83,4.83,4.83,4.83,4.83,4.83,4.83,4.5,4.566235,MO,Serie A,M
Rincón Tomás,4.69,4.81,4.0,4.0,3.0,6.5,5.0,4.5,4.0,3.5,5.5,5.0,5.5,5.0,4.69,5.0,5.0,6.0,3.5,4.69,4.69,5.5,4.5,4.5,7.5,5.0,5.0,4.69,5.0,5.0,5.0,4.5,4.5,4.5,4.5,4.69,4.5,5.5,4.0,4.69,4.558169,MD,Serie A,M
Djuricic Filip,4.94,4.88,5.5,5.0,4.5,5.0,5.0,6.0,5.0,4.0,6.0,5.0,6.0,4.0,4.5,4.0,4.5,4.94,5.5,5.0,4.94,4.94,4.94,4.94,4.94,4.94,4.94,4.94,4.94,4.94,4.94,4.94,4.94,4.5,5.0,4.0,4.94,4.94,4.94,4.5,4.5296593,MO,Serie A,M
Politano Matteo,5.25,5.17,6.0,4.5,5.0,6.5,6.0,5.0,6.0,6.0,6.0,4.0,6.0,5.25,5.0,5.0,5.0,4.5,5.0,4.5,5.5,5.0,5.25,5.0,6.0,5.0,5.25,6.0,4.5,6.0,4.0,6.0,3.5,5.25,4.0,4.5,4.5,5.25,6.5,4.5,4.512852,MO,Serie A,M
Kostic Filip,5.53,5.53,4.5,5.0,5.5,5.5,5.5,6.5,5.0,7.0,4.5,5.5,7.0,6.0,8.0,5.0,6.5,5.0,6.0,3.0,5.53,5.53,5.53,5.53,5.53,5.53,5.53,5.53,5.53,5.53,5.53,5.53,5.53,5.53,5.53,5.53,5.53,5.53,5.53,4.0,4.5054374,MO,Serie A,M
Pablo Rodríguez,4.5,4.5,4.5,4.5,4.5,4.5,4.5,4.5,4.5,4.5,4.5,4.5,5.0,4.0,4.5,4.5,4.5,4.5,4.5,4.5,4.5,4.5,4.5,4.5,4.5,4.5,4.5,4.5,4.5,4.5,4.5,4.5,4.5,4.5,4.5,4.5,4.5,4.5,4.5,4.5,4.5000777,MO,Serie A,M
Hrustic Ajdin,4.5,4.5,4.5,4.5,4.5,4.5,4.5,5.0,4.5,4.5,4.0,4.5,4.5,4.5,4.5,4.5,4.5,4.5,4.5,4.5,4.5,4.5,4.5,4.5,4.5,4.5,4.5,4.5,4.5,4.5,4.5,4.5,4.5,4.5,4.5,4.5,4.5,4.5,4.5,4.5,4.4968505,MD,Serie A,M
Listkowski Marcin,4.5,4.5,4.5,4.5,4.5,4.5,4.5,4.5,4.5,4.5,4.5,4.5,4.5,4.5,4.5,4.5,4.5,4.5,4.5,4.5,4.5,4.5,4.5,4.5,4.5,4.5,4.5,4.5,4.5,4.5,4.5,4.5,4.5,4.5,4.5,4.5,4.5,4.5,4.5,4.5,4.490743,MO,Serie A,M
Solbakken Ola,4.5,4.5,4.5,4.5,4.5,4.5,4.5,4.5,4.5,4.5,4.5,4.5,4.5,4.5,4.5,4.5,4.5,4.5,4.5,4.5,4.5,4.5,4.5,4.5,4.5,4.5,4.5,4.5,4.5,4.5,4.5,4.5,4.5,4.5,4.5,4.5,4.5,4.5,4.5,4.5,4.490743,MO,Serie A,M
Vignato Samuele,4.5,4.5,4.5,4.5,4.5,4.5,4.5,4.5,4.5,4.5,4.5,4.5,4.5,4.5,4.5,4.5,4.5,4.5,4.5,4.5,4.5,4.5,4.5,4.5,4.5,4.5,4.5,4.5,4.5,4.5,4.5,4.5,4.5,4.5,4.5,4.5,4.5,4.5,4.5,4.5,4.490743,MO,Serie A,M
McKennie Weston,5.27,5.28,6.0,5.0,5.0,5.27,5.5,5.0,5.5,6.5,5.0,5.5,7.5,5.0,5.27,5.27,5.27,5.0,6.0,2.5,5.0,5.5,6.5,5.0,5.0,5.5,5.0,5.27,5.27,5.27,5.27,5.27,5.27,5.27,5.27,5.27,5.27,5.27,5.0,4.0,4.464809,MD,Serie A,M
Winks Harry,4.75,4.94,4.75,4.75,4.75,4.75,4.75,4.75,4.75,4.75,4.75,4.75,4.75,4.75,4.75,4.75,4.75,4.75,4.75,5.0,6.0,5.0,4.75,5.5,3.5,4.0,4.75,6.5,4.75,4.5,4.75,5.0,4.75,4.5,4.75,4.5,5.0,4.75,5.0,4.5,4.45031,MD,Serie A,M
Yepes Gerard,4.5,4.69,4.5,4.5,4.5,4.5,4.5,4.5,4.5,4.5,4.5,4.5,5.0,5.0,4.5,3.5,4.5,4.5,4.5,4.5,5.0,5.0,4.5,4.5,4.5,4.5,4.5,4.5,4.5,4.5,4.5,4.5,4.5,4.5,4.5,4.5,4.5,4.5,5.0,4.5,4.4035535,MD,Serie A,M
Zerbin Alessio,4.38,4.38,4.0,4.5,4.38,4.38,4.38,4.38,4.5,4.38,4.38,4.38,4.38,4.38,4.5,4.38,4.38,4.38,4.38,4.38,4.38,4.38,4.38,4.38,4.38,4.38,4.38,4.38,4.38,4.38,4.38,4.38,4.38,4.38,4.38,4.38,4.38,4.38,4.38,4.38,4.3811803,MO,Serie A,M
Faraoni Marco,4.25,4.63,3.5,5.0,4.25,4.5,4.25,4.25,4.25,4.25,5.0,4.5,3.5,3.0,5.0,4.25,4.25,4.25,4.25,4.25,4.25,4.25,5.0,5.0,4.25,5.0,4.25,4.25,5.0,4.5,4.25,5.0,4.0,5.5,4.5,5.0,6.0,4.25,4.0,4.25,4.328029,MO,Serie A,M
Éderson,5.26,5.28,5.26,5.26,4.5,5.5,6.5,5.0,4.5,5.5,5.0,5.0,5.0,6.0,5.0,5.5,6.0,4.0,5.5,7.0,5.0,5.26,5.26,5.26,5.26,5.0,5.0,5.5,2.5,4.5,6.0,5.0,5.0,6.0,4.5,8.0,5.5,5.5,5.26,4.0,4.309345,MO,Serie A,M
Bourabia Mehdi,5.16,5.12,6.0,4.0,5.0,5.5,4.5,5.5,5.0,4.0,5.0,5.5,6.5,4.0,5.5,5.0,6.0,6.5,5.0,5.5,5.16,5.16,5.16,5.16,5.16,5.0,5.16,5.16,4.5,5.16,5.16,5.16,5.16,5.16,5.16,5.16,5.16,5.16,5.16,4.0,4.2763395,MD,Serie A,M
Léris Mehdi,4.68,4.68,5.0,4.5,5.5,5.0,5.0,5.0,4.5,4.68,6.0,5.5,4.5,4.0,4.0,4.68,3.0,5.0,5.0,4.0,4.68,4.68,4.68,4.68,4.68,4.68,4.68,4.68,4.68,4.68,4.68,4.68,4.68,4.68,4.68,4.68,4.68,4.68,4.68,4.0,4.247733,MO,Serie A,M
Maldini Daniel,4.86,4.75,4.86,4.86,4.86,4.86,4.86,4.86,4.86,4.86,5.0,5.0,5.0,4.86,6.0,4.5,4.86,4.5,4.86,4.86,4.5,4.5,4.86,4.86,4.86,4.86,4.86,4.5,4.86,4.86,4.86,4.86,4.86,4.86,4.86,4.86,4.86,4.86,4.86,4.0,4.247007,MO,Serie A,M
Vilhena Tonny,4.94,4.76,4.0,5.5,8.0,5.5,6.0,4.5,4.5,3.5,6.0,4.5,5.0,5.0,4.5,4.5,4.94,4.0,6.5,3.5,4.94,4.94,4.94,7.0,4.5,5.0,3.5,6.0,4.0,4.5,5.0,4.5,4.5,4.5,4.5,4.5,5.0,5.0,5.5,4.0,4.161582,MD,Serie A,M
Agudelo Kevin,4.67,4.93,6.0,3.0,4.5,4.5,4.0,4.5,5.0,5.0,4.0,5.0,4.5,5.0,4.5,6.0,5.0,4.67,4.5,5.5,3.5,4.67,7.0,6.0,4.67,6.0,5.0,5.0,5.0,5.5,4.5,5.0,4.5,5.5,5.0,6.0,4.5,5.5,5.0,3.5,4.02354,MO,Serie A,M
