Joueur,Note,Note 1 an,j1,j2,j3,j4,j5,j6,j7,j8,j9,j10,j11,j12,j13,j14,j15,j16,j17,j18,j20,j21,j22,j23,j24,j25,j26,j27,j28,j29,j30,j31,j32,j33,j34,j35,j36,j37,j38,j19,prediction_label,Poste,Championnat,Terrain
Montipò Lorenzo,5.34,5.41,2.5,5.5,6.5,6.0,5.5,5.0,7.0,6.0,4.5,6.0,4.0,4.0,4.0,5.0,6.5,4.5,7.0,5.0,5.34,5.34,5.0,5.0,5.5,7.5,5.34,5.34,4.5,4.5,4.5,7.0,5.5,6.0,6.5,6.0,4.0,5.5,5.34,7.0,6.7813077,G,Serie A,G
Milinkovic-Savic Vanja,5.42,5.13,5.0,6.0,6.0,4.0,6.0,5.0,6.0,4.0,5.0,6.0,6.0,5.0,5.0,5.5,5.0,5.0,5.5,6.0,4.0,5.42,4.5,4.0,3.5,4.0,5.0,5.5,5.42,5.42,5.42,5.42,5.42,5.42,5.0,5.42,5.42,5.42,5.42,7.0,6.7128572,G,Serie A,G
Musso Juan,5.38,5.39,5.5,6.0,6.5,5.5,6.5,4.0,5.0,5.38,5.38,5.38,5.38,6.5,5.0,5.38,4.0,5.38,5.0,4.5,4.0,5.5,6.5,5.5,5.38,5.38,5.0,5.38,5.5,5.38,7.0,3.5,5.38,6.0,5.5,7.5,4.5,4.5,5.0,6.0,6.077349,G,Serie A,G
Rui Patrício,5.13,5.31,6.0,6.0,5.0,6.0,2.0,5.5,4.0,4.0,5.0,5.5,6.0,5.5,4.5,6.0,4.5,5.5,4.5,6.0,5.0,3.0,6.0,6.0,6.0,4.5,5.13,6.0,7.0,6.0,6.5,6.5,5.0,5.5,4.0,6.5,5.0,4.5,6.0,6.0,5.8943996,G,Serie A,G
Perin Mattia,5.86,5.72,7.5,5.5,5.86,5.0,7.0,5.0,5.5,5.86,5.86,5.86,5.86,5.86,5.86,5.5,5.86,5.86,5.86,5.86,5.86,5.86,5.86,5.86,5.86,5.86,5.86,5.86,5.86,5.86,5.86,5.86,5.86,5.86,5.86,5.86,5.86,6.0,4.5,5.86,5.8675237,G,Serie A,G
Gollini Pierluigi,5.83,5.83,5.5,6.0,6.0,5.83,5.83,5.83,5.83,5.83,5.83,5.83,5.83,5.83,5.83,5.83,5.83,5.83,5.83,5.83,5.83,5.83,5.83,5.83,5.83,5.83,5.83,5.83,5.83,5.83,5.83,5.83,5.83,5.83,5.83,5.83,5.83,5.83,5.83,5.83,5.8460608,G,Serie A,G
Meret Alex,5.58,5.52,4.5,6.0,7.0,6.5,5.0,6.0,6.0,5.5,4.5,3.5,6.0,7.5,6.0,5.5,5.0,4.0,6.0,5.5,5.58,5.58,5.58,4.5,5.58,5.58,5.58,5.58,5.58,5.58,5.58,5.58,5.58,7.0,3.5,5.58,5.58,5.58,6.0,6.0,5.84306,G,Serie A,G
Provedel Ivan,5.69,5.67,6.0,5.5,7.0,5.0,6.0,6.0,7.0,6.0,7.0,6.5,6.0,4.0,6.5,5.5,4.5,4.0,4.0,6.0,5.0,5.69,6.5,6.0,5.69,4.5,6.0,8.0,5.5,6.0,4.0,6.5,7.0,5.0,6.0,6.0,4.0,6.0,4.0,5.69,5.841161,G,Serie A,G
Maignan Mike,5.71,5.73,5.0,5.0,6.0,7.5,5.5,6.0,5.0,5.71,5.71,5.71,5.71,5.71,5.71,5.71,5.71,5.71,5.71,5.71,6.5,6.0,6.0,5.5,6.5,5.5,3.0,6.0,6.0,6.0,5.5,6.5,6.0,6.0,5.0,6.0,5.0,6.0,6.0,5.71,5.6375155,G,Serie A,G
Sepe Luigi,5.73,5.63,5.5,6.0,7.5,6.0,5.5,7.0,4.0,4.0,5.5,6.0,6.5,6.0,6.5,6.0,4.0,5.73,5.73,5.73,6.0,5.73,5.73,5.73,5.73,6.0,5.5,5.0,4.0,5.5,6.0,6.0,5.5,4.5,5.5,6.0,5.5,6.0,5.73,5.73,5.6298003,G,Serie A,G
Vicario Guglielmo,5.67,5.64,4.0,6.0,6.0,5.5,5.0,6.0,6.5,4.0,6.5,7.0,3.5,6.0,6.5,4.5,7.5,5.0,4.5,8.0,7.0,4.0,5.5,3.5,6.0,5.5,4.0,4.0,7.0,6.0,5.0,8.0,7.0,3.0,4.5,4.0,6.0,8.0,8.5,5.67,5.566876,G,Serie A,G
Onana André,5.55,5.55,5.55,5.55,5.55,5.55,5.55,5.55,5.55,5.55,6.0,6.5,4.0,6.0,4.0,5.5,6.0,6.5,5.0,6.0,5.55,5.55,5.55,5.55,5.55,5.55,5.55,5.55,5.55,5.55,5.55,5.55,5.55,5.55,5.55,5.55,5.55,5.55,5.55,5.55,5.5433807,G,Serie A,G
Radu Ionut,5.33,5.1,4.5,8.0,5.0,4.5,8.0,6.0,3.0,4.5,4.5,5.33,5.33,5.33,5.33,5.33,5.33,5.33,5.33,5.33,3.0,5.33,5.33,5.33,5.33,5.33,5.33,5.33,5.33,5.33,5.33,5.33,5.33,5.33,5.33,5.33,5.33,5.33,5.33,5.33,5.513617,G,Serie A,G
Audero Emil,5.39,5.47,4.0,6.5,2.5,6.0,7.0,5.0,4.5,4.0,5.5,6.0,8.0,5.0,4.0,4.5,4.0,6.0,8.0,6.0,6.0,5.5,5.39,5.39,5.39,5.39,5.39,5.39,5.39,5.39,6.0,4.5,4.0,4.0,5.0,8.0,7.0,5.0,6.5,6.0,5.513384,G,Serie A,G
Tatarusanu Ciprian,5.41,5.41,5.41,5.41,5.41,5.41,5.41,5.41,5.41,6.0,6.5,5.5,6.0,4.5,6.0,5.5,6.0,5.0,4.5,4.0,5.41,5.41,5.41,5.41,5.41,5.41,5.41,5.41,5.41,5.41,5.41,5.41,5.41,5.41,5.41,5.41,5.41,5.41,5.41,5.41,5.4850087,G,Serie A,G
Terracciano Pietro,4.97,4.86,4.97,4.97,4.97,5.0,4.5,4.5,6.0,6.0,3.0,4.5,4.0,7.0,6.0,4.5,4.0,5.5,6.0,4.0,3.0,3.0,5.5,6.0,4.5,4.5,4.97,4.97,4.5,5.5,6.0,5.5,5.0,5.5,4.0,4.0,6.0,2.5,6.0,5.0,5.4083133,G,Serie A,G
Handanovic Samir,5.13,5.31,5.5,5.5,4.0,6.0,4.0,8.0,4.0,4.0,5.13,5.13,5.13,5.13,5.13,5.13,5.13,5.13,5.13,5.13,5.13,4.0,7.5,5.5,4.0,6.0,4.0,5.5,6.0,5.5,5.5,6.5,6.0,5.0,5.0,6.0,4.0,5.0,6.0,5.13,5.401732,G,Serie A,G
Silvestri Marco,5.26,5.32,3.0,7.0,6.0,6.0,6.0,5.0,6.0,5.0,5.5,6.0,5.0,6.0,4.0,6.0,4.0,4.0,5.5,4.0,8.0,5.26,5.26,6.5,6.0,2.5,4.5,5.0,6.0,5.0,6.0,5.5,6.0,6.0,4.0,5.0,6.0,4.5,5.26,6.0,5.3744273,G,Serie A,G
Zoet Jeroen,5.33,5.33,5.33,5.33,5.33,5.33,5.33,5.33,5.33,5.33,5.33,5.33,5.33,5.33,5.33,5.0,6.0,5.0,5.33,5.33,5.33,5.33,5.33,5.33,5.33,5.33,5.33,5.33,5.33,5.33,5.33,5.33,5.33,5.33,5.33,5.33,5.33,5.33,5.33,5.33,5.3300133,G,Serie A,G
Pegolo Gianluca,4.75,4.75,4.75,4.75,4.75,4.75,4.75,4.75,4.75,4.75,4.75,4.75,4.75,4.75,4.75,4.75,4.75,4.75,4.75,4.0,4.75,4.75,4.75,4.75,4.75,4.75,4.75,4.75,4.75,4.75,4.75,4.75,4.75,4.75,4.75,4.75,4.75,4.75,4.75,5.5,5.32449,G,Serie A,G
Carnesecchi Marco,5.28,5.28,5.28,5.28,5.28,5.28,5.28,5.28,5.28,5.28,5.28,5.5,5.5,7.0,3.0,7.0,4.0,7.0,4.5,4.0,5.28,5.28,5.28,5.28,5.28,5.28,5.28,5.28,5.28,5.28,5.28,5.28,5.28,5.28,5.28,5.28,5.28,5.28,5.28,5.28,5.2879786,G,Serie A,G
Sportiello Marco,5.0,5.3,5.0,5.0,5.0,5.0,5.0,5.0,6.5,7.0,4.0,5.5,4.0,5.0,5.0,4.0,5.0,4.0,5.0,5.0,5.0,5.0,5.0,5.0,5.0,6.0,5.0,5.0,5.0,6.0,5.0,5.0,6.0,5.0,5.0,5.0,5.0,5.0,5.0,5.0,5.2151814,G,Serie A,G
Skorupski Lukasz,5.28,5.48,5.5,5.5,6.0,6.0,6.0,5.0,4.0,3.5,5.0,6.5,6.5,5.5,5.0,2.5,6.5,6.0,4.0,6.0,6.5,5.28,5.28,5.0,7.0,4.0,5.0,5.5,6.0,6.0,4.5,8.0,6.0,6.0,5.28,7.5,5.0,4.0,5.28,5.28,4.8887906,G,Serie A,G
Consigli Andrea,4.82,4.99,3.5,6.0,4.0,6.0,5.5,4.0,6.0,6.0,4.5,4.0,6.5,3.5,4.0,6.0,3.0,4.5,5.0,4.82,4.0,6.0,3.5,6.5,2.5,6.0,8.5,6.0,4.82,4.0,5.0,5.0,6.0,6.5,4.0,2.0,6.0,5.5,5.5,4.82,4.854196,G,Serie A,G
Ochoa Guillermo,5.5,5.5,5.5,5.5,5.5,5.5,5.5,5.5,5.5,5.5,5.5,5.5,5.5,5.5,5.5,5.5,5.5,7.5,7.0,3.0,5.5,5.5,5.5,5.5,5.5,5.5,5.5,5.5,5.5,5.5,5.5,5.5,5.5,5.5,5.5,5.5,5.5,5.5,5.5,4.5,4.798801,G,Serie A,G
Di Gregorio Michele,5.13,5.13,6.0,2.5,4.0,4.5,5.0,5.5,6.0,6.0,6.0,6.0,3.5,5.5,6.0,4.0,6.0,6.0,4.0,6.5,5.13,5.13,5.13,5.13,5.13,5.13,5.13,5.13,5.13,5.13,5.13,5.13,5.13,5.13,5.13,5.13,5.13,5.13,5.13,4.5,4.644584,G,Serie A,G
Zovko Petar,4.5,4.75,4.5,4.5,4.5,4.5,4.5,4.5,4.5,4.5,4.5,4.5,4.5,4.5,4.5,4.5,4.5,4.5,4.5,4.5,4.5,4.5,4.5,4.5,4.5,4.5,4.5,4.5,4.5,4.5,4.5,4.5,4.5,4.5,4.5,4.5,4.5,4.5,5.0,4.5,4.614443,G,Serie A,G
Falcone Wladimiro,5.58,5.72,7.0,5.0,5.5,6.5,5.5,4.5,6.0,5.0,6.5,6.0,4.5,6.0,6.0,6.0,6.5,5.5,6.0,4.0,5.58,5.5,7.5,4.5,8.0,7.5,6.5,5.58,5.0,4.0,5.58,5.58,5.58,5.58,5.58,5.58,5.58,5.58,5.58,4.0,4.55498,G,Serie A,G
Dragowski Bartlomiej,5.5,5.53,7.5,6.0,4.5,4.0,5.5,6.0,7.0,3.5,4.0,4.5,6.0,5.0,7.5,5.5,4.5,5.5,7.0,7.0,5.5,5.5,5.5,5.5,5.5,5.5,6.0,5.5,5.5,5.5,5.5,5.5,5.5,5.5,5.5,5.5,5.5,5.5,5.5,4.0,4.362996,G,Serie A,G
Szczesny Wojciech,5.58,5.65,5.58,5.58,6.0,5.0,5.58,5.58,5.58,6.0,4.0,6.0,6.5,5.5,6.5,5.58,7.0,6.5,6.5,3.0,5.5,7.0,6.0,6.5,6.0,4.5,5.5,4.0,6.5,7.0,6.5,4.5,4.5,4.5,7.0,5.5,6.0,5.58,5.58,4.0,4.2591753,G,Serie A,G
Luís Maximiano,3.5,5.18,3.5,3.5,3.5,3.5,3.5,3.5,3.5,3.5,3.5,3.5,3.5,3.5,3.5,3.5,3.5,3.5,3.5,3.5,3.5,3.0,5.0,3.5,6.0,4.0,7.0,4.0,5.0,7.0,4.5,4.0,4.0,6.0,6.0,6.0,6.5,4.0,7.0,3.5,3.724514,G,Serie A,G
