Joueur,Note,Note 1 an,j1,j2,j3,j4,j5,j6,j7,j8,j9,j10,j11,j12,j13,j14,j15,j16,j17,j18,j20,j21,j22,j23,j24,j25,j26,j27,j28,j29,j30,j31,j32,j33,j34,j35,j36,j37,j38,j19,prediction_label,Poste,Championnat
Di Lorenzo Giovanni,5.53,5.5,6.0,6.0,5.5,5.0,6.0,5.5,5.0,5.0,6.5,5.0,5.5,5.5,5.5,5.5,4.0,4.0,6.0,6.0,4.5,6.5,5.53,4.5,5.5,5.0,5.0,4.0,5.0,7.0,6.0,5.53,5.53,5.53,5.53,6.0,5.0,7.0,5.53,7.5,7.072269,DL,Serie A
Doig Josh,5.35,5.35,5.35,5.35,5.0,6.5,7.0,4.5,5.35,6.0,4.5,5.35,5.35,5.35,4.0,4.0,5.0,5.0,6.0,5.0,5.35,5.35,5.35,5.35,5.35,5.35,5.35,5.35,5.35,5.35,5.35,5.35,5.35,5.35,5.35,5.35,5.35,5.35,5.35,7.0,6.6188135,DL,Serie A
João Moutinho,5.17,5.27,5.17,5.17,5.0,5.5,6.0,5.5,5.17,5.0,4.0,5.0,5.0,5.0,4.0,5.5,4.5,4.5,6.0,5.0,6.0,5.5,5.5,8.0,5.17,5.17,5.5,5.17,4.0,7.0,4.5,6.0,5.0,3.5,5.0,4.5,4.0,5.5,5.0,6.0,6.5399084,DL,Serie A
João Moutinho,5.17,5.27,5.17,5.17,5.0,5.5,6.0,5.5,5.17,5.0,4.0,5.0,5.0,5.0,4.0,5.5,4.5,4.5,6.0,5.0,6.0,5.5,5.5,8.0,5.17,5.17,5.5,5.17,4.0,7.0,4.5,6.0,5.0,3.5,5.0,4.5,4.0,5.5,5.0,5.0,6.5399084,DL,Serie A
Depaoli Fabio,4.79,4.85,5.0,5.5,3.5,4.79,5.0,4.5,3.0,4.0,6.0,4.5,5.0,4.0,5.0,4.79,4.0,5.0,6.0,4.5,5.0,5.0,4.5,5.0,3.0,7.0,4.79,4.79,5.0,4.5,4.79,5.0,5.0,5.0,5.0,5.0,5.0,4.5,5.0,7.0,6.4538007,DL,Serie A
Ehizibue Kingsley,5.0,5.0,5.0,5.0,5.0,5.0,5.0,5.0,5.5,5.0,5.0,4.5,5.5,5.0,5.0,4.5,4.0,5.0,4.5,5.0,5.0,5.0,5.0,5.0,5.0,5.0,5.0,5.0,5.0,5.0,5.0,5.0,5.0,5.0,5.0,5.0,5.0,5.0,5.0,6.5,6.1132364,DL,Serie A
Danilo,6.0,6.0,6.0,6.0,6.0,6.0,6.0,6.0,6.0,6.0,6.0,6.0,6.0,6.0,6.0,6.0,6.0,6.0,6.0,6.0,6.0,6.0,6.0,6.0,6.0,6.0,6.0,6.0,6.0,6.0,6.0,6.0,6.0,6.0,6.0,6.0,6.0,6.0,6.0,6.0,6.029889,DL,Serie A
Danilo,6.0,6.0,6.0,6.0,6.0,6.0,6.0,6.0,6.0,6.0,6.0,6.0,6.0,6.0,6.0,6.0,6.0,6.0,6.0,6.0,6.0,6.0,6.0,6.0,6.0,6.0,6.0,6.0,6.0,6.0,6.0,6.0,6.0,6.0,6.0,6.0,6.0,6.0,6.0,6.0,6.029889,DL,Serie A
Danilo,5.42,5.45,5.5,5.0,5.5,5.0,5.0,5.0,4.5,5.0,4.0,7.0,7.0,6.0,5.5,5.5,5.5,6.0,7.0,3.0,5.42,5.42,5.42,5.42,6.0,6.5,5.42,4.5,5.5,5.0,6.0,5.0,5.0,5.5,5.5,6.0,5.42,5.42,5.42,6.0,5.9097176,DL,Serie A
Danilo,5.42,5.45,5.5,5.0,5.5,5.0,5.0,5.0,4.5,5.0,4.0,7.0,7.0,6.0,5.5,5.5,5.5,6.0,7.0,3.0,5.42,5.42,5.42,5.42,6.0,6.5,5.42,4.5,5.5,5.0,6.0,5.0,5.0,5.5,5.5,6.0,5.42,5.42,5.42,6.0,5.9097176,DL,Serie A
Mário Rui,5.7,5.47,6.0,6.0,5.0,5.7,6.0,5.0,5.5,6.5,6.0,4.5,5.7,7.0,5.7,6.0,4.5,5.7,6.5,5.0,5.7,5.7,5.7,5.5,5.0,4.5,5.5,4.5,4.5,5.0,6.5,6.5,4.5,5.0,3.5,7.0,6.0,5.0,5.7,6.0,5.839806,DL,Serie A
Rodríguez Ricardo,5.21,5.13,5.0,5.5,5.5,4.0,6.0,5.0,5.21,4.0,5.0,5.0,5.21,5.0,5.0,6.0,5.5,5.5,5.5,5.5,3.0,5.5,6.0,5.5,4.5,4.5,4.5,4.0,5.0,5.0,5.0,5.0,6.0,7.0,5.5,6.0,4.5,6.0,3.5,5.5,5.8189673,DL,Serie A
Dimarco Federico,5.69,5.63,6.0,6.5,4.5,6.0,6.0,6.0,5.0,5.0,5.0,6.0,5.0,6.0,5.0,8.0,5.5,7.0,5.0,5.0,6.0,5.0,5.69,5.0,4.5,6.0,3.5,5.0,5.69,6.0,5.0,5.69,7.0,5.69,6.0,7.0,6.0,5.69,5.5,5.69,5.738803,DL,Serie A
Ballo-Touré Fodé,5.67,5.5,5.67,5.67,5.0,5.67,5.67,5.67,5.67,6.0,5.67,5.67,5.67,5.67,5.67,6.0,5.67,5.67,5.67,5.67,5.67,5.67,5.67,5.67,5.67,5.67,5.67,5.67,5.67,5.67,5.67,5.67,5.67,5.0,5.67,5.67,5.67,5.67,5.67,5.67,5.6296883,DL,Serie A
Vojvoda Mërgim,5.15,5.18,5.15,5.15,6.0,5.0,6.5,5.0,5.15,5.15,5.0,5.15,5.0,5.15,4.5,7.0,4.5,4.0,4.5,4.0,5.15,7.0,7.0,5.5,4.5,4.5,5.0,3.0,5.0,5.0,4.5,6.5,5.0,5.0,5.0,5.0,5.0,6.0,5.15,6.0,5.5707026,DL,Serie A
Ebuehi Tyronne,5.67,5.3,5.67,5.67,5.0,5.67,5.67,5.67,5.67,5.67,6.5,5.5,5.67,4.5,6.0,5.67,6.0,5.0,5.5,7.0,5.67,5.67,5.67,5.67,5.0,5.67,5.0,5.67,5.67,5.67,4.0,5.0,4.5,5.67,5.67,5.67,5.67,5.0,5.67,5.67,5.4875617,DL,Serie A
Casale Nicolò,5.23,5.02,5.23,5.23,5.23,5.23,5.23,6.0,5.5,5.23,5.23,5.0,6.0,3.0,6.0,6.0,4.0,6.0,4.5,5.5,5.0,4.5,4.5,5.0,3.5,6.5,5.23,5.23,5.0,4.5,4.5,6.0,4.5,5.5,6.0,5.5,3.5,4.5,4.5,5.23,5.4670243,DL,Serie A
Biraghi Cristiano,5.06,5.08,5.5,5.5,5.0,5.06,5.0,4.5,6.5,5.0,4.0,5.0,3.5,6.0,6.0,5.0,5.0,5.0,5.0,4.5,3.5,3.0,8.5,4.0,4.0,6.0,5.0,5.0,6.0,5.5,5.0,7.0,5.0,5.5,4.5,4.5,5.0,4.0,6.0,5.0,5.458299,DL,Serie A
Cuadrado Juan,5.67,5.69,5.5,4.5,6.0,5.5,4.5,5.5,5.67,6.0,5.5,5.0,8.0,6.5,6.0,5.5,6.0,5.67,5.67,5.67,5.5,5.0,6.0,5.5,5.5,5.5,6.0,7.0,7.0,5.0,7.0,5.5,6.0,6.0,5.67,5.67,4.5,4.5,5.67,5.0,5.450261,DL,Serie A
Çelik Zeki,5.07,5.03,5.07,5.0,5.0,6.5,3.5,4.5,5.0,5.0,5.07,5.07,5.07,5.07,5.5,5.0,5.0,5.0,4.5,6.0,5.07,5.0,3.5,2.0,5.0,5.07,6.0,7.0,6.0,5.07,5.0,5.5,4.5,4.0,7.0,5.0,3.0,6.0,5.5,5.5,5.3746085,DL,Serie A
Rogerio,4.78,4.78,4.0,5.0,5.0,5.5,5.0,4.0,6.5,5.5,5.5,4.5,4.78,3.5,5.0,5.0,4.0,3.0,5.0,4.5,5.0,5.5,3.5,4.0,4.78,4.78,4.78,4.78,4.78,4.78,4.78,5.0,5.5,5.0,4.78,3.0,4.78,6.5,4.78,5.5,5.368816,DL,Serie A
Darmian Matteo,5.27,5.13,6.5,5.27,4.5,6.0,4.5,5.5,4.5,5.27,5.0,5.0,6.0,5.27,4.5,5.27,5.27,5.0,6.0,5.5,5.0,5.0,5.0,4.5,5.0,5.27,4.0,5.27,5.5,5.0,5.27,5.0,5.27,4.5,5.27,5.0,5.0,6.5,5.27,5.27,5.364741,DL,Serie A
Masina Adam,5.13,4.7,4.0,5.5,5.5,5.5,5.13,5.13,5.13,5.13,5.13,5.13,5.13,5.13,5.13,5.13,5.13,5.13,5.13,5.13,3.0,4.5,5.13,5.13,5.13,5.13,5.13,5.13,5.13,5.13,5.0,5.13,5.13,5.13,5.13,5.13,5.0,3.0,6.0,5.13,5.31178,DL,Serie A
Marusic Adam,5.19,5.11,6.0,5.0,5.0,5.5,4.0,6.0,6.0,5.0,6.5,5.0,6.5,4.0,5.5,5.0,3.0,5.0,4.5,6.0,4.0,5.0,5.0,5.0,6.0,5.0,5.0,4.5,6.0,5.19,3.5,5.0,7.0,5.5,4.5,4.5,6.0,4.5,4.5,5.19,5.286722,DL,Serie A
Hernández Theo,5.5,5.71,6.5,6.0,6.0,6.0,5.0,6.0,6.0,5.5,5.5,5.0,6.0,4.5,7.0,5.5,5.0,5.0,5.0,3.5,6.0,8.5,3.5,5.5,5.5,5.5,6.0,5.0,6.5,5.5,6.5,6.0,5.0,5.5,6.5,6.0,4.5,7.5,6.5,5.5,5.2647943,DL,Serie A
De Sciglio Mattia,5.13,5.24,5.0,5.0,4.5,6.0,5.5,5.0,5.0,5.0,5.13,5.13,5.13,5.13,5.13,5.13,5.13,5.13,5.13,5.13,5.0,6.0,6.5,5.0,5.0,5.0,5.0,5.13,5.13,4.5,7.0,5.0,5.13,5.0,5.5,5.13,4.5,5.13,5.13,5.13,5.2590694,DL,Serie A
Parisi Fabiano,5.15,4.97,4.5,5.0,6.5,7.0,5.0,5.0,6.0,4.0,4.5,5.5,3.0,5.15,5.0,4.0,7.0,5.5,4.5,5.5,4.5,5.15,5.15,5.15,5.0,6.0,4.0,5.0,5.0,5.5,4.5,5.15,4.5,4.5,4.0,5.0,3.0,6.0,5.0,5.15,5.2272735,DL,Serie A
Aina Ola,5.05,5.17,5.0,5.5,5.0,3.5,5.0,5.05,5.0,5.0,5.0,4.5,7.0,5.05,5.05,5.05,5.05,5.05,5.05,5.05,4.0,5.05,5.05,5.05,5.05,5.05,5.05,5.05,5.05,5.05,5.05,5.05,5.0,5.5,5.05,5.05,5.05,7.0,5.5,5.05,5.220229,DL,Serie A
Gosens Robin,5.07,5.14,5.0,5.0,4.5,5.0,5.0,5.0,5.07,5.0,5.07,5.0,5.0,5.07,5.0,6.5,5.0,5.0,5.0,5.0,5.07,5.07,5.07,5.07,5.07,5.07,5.07,5.07,6.5,5.0,5.0,5.0,5.5,5.07,5.0,5.07,5.07,5.07,5.0,5.07,5.1973844,DL,Serie A
Dumfries Denzel,5.06,5.1,6.5,6.0,6.0,6.0,3.0,5.0,3.5,3.5,6.5,6.0,4.5,5.5,4.5,5.0,5.5,5.0,4.0,5.06,4.0,5.5,5.0,6.0,3.0,5.0,5.0,5.0,6.5,5.06,6.0,6.0,5.0,5.0,6.0,5.06,4.5,5.0,5.0,5.06,5.164207,DL,Serie A
Ranieri Luca,5.5,4.64,5.5,5.5,5.5,5.5,5.5,5.5,5.5,5.5,5.5,5.5,5.5,5.5,5.5,5.5,5.5,5.5,5.5,5.5,5.5,5.5,3.5,5.5,5.5,5.0,4.5,4.0,3.0,5.0,5.5,5.5,5.5,5.0,5.0,5.5,5.5,5.5,5.5,5.5,5.154991,DL,Serie A
Stojanovic Petar,4.77,4.55,5.5,4.5,4.5,6.0,4.0,5.5,5.5,4.0,5.0,5.5,3.0,4.77,4.77,4.5,4.77,4.5,4.5,5.0,3.0,3.0,4.5,4.77,5.5,5.5,4.0,3.0,4.0,5.0,4.77,4.5,4.5,4.0,5.0,3.0,4.77,4.5,6.5,4.77,5.1369667,DL,Serie A
Destiny Udogie Iyenoma,5.23,5.24,5.23,5.0,6.5,5.0,7.5,5.0,5.5,5.0,3.5,5.0,5.0,5.0,5.23,5.23,5.23,5.5,5.0,4.5,8.0,3.5,5.0,5.0,5.0,4.0,5.23,7.0,7.0,5.0,4.5,4.5,5.0,6.0,5.5,5.0,4.5,3.5,8.0,5.5,5.1357427,DL,Serie A
Calabria Davide,5.15,5.17,6.0,6.0,5.0,5.15,4.5,5.5,4.5,5.0,5.15,5.15,5.15,5.15,5.15,5.15,5.15,5.0,5.0,5.0,5.15,5.15,5.0,5.0,5.5,5.0,4.5,4.5,6.0,5.0,5.5,4.5,5.0,5.15,4.5,6.0,6.0,5.0,6.0,5.15,5.1242256,DL,Serie A
Kyriakopoulos Giorgos,5.14,5.24,5.0,4.5,7.0,5.0,5.0,4.5,5.14,5.14,5.14,6.0,5.5,5.14,4.5,4.5,5.0,5.14,5.14,5.14,5.5,6.5,6.0,5.0,4.0,5.0,7.0,5.0,5.14,5.5,6.5,4.5,7.0,4.5,4.5,5.14,5.5,5.14,3.0,5.14,5.1064024,DL,Serie A
Maehle Joakim,4.79,4.9,5.0,5.0,5.0,4.79,5.0,5.0,5.0,5.0,3.5,5.0,5.0,5.5,4.0,4.5,4.0,4.5,4.79,5.0,4.79,7.5,4.79,5.5,4.79,5.0,4.79,4.79,4.79,3.5,5.0,5.0,4.79,4.79,4.79,5.0,4.5,4.79,5.0,5.5,5.098724,DL,Serie A
Viña Matías,5.0,4.88,5.0,5.0,5.0,5.0,5.0,5.0,5.0,5.0,5.0,5.0,5.0,5.0,5.0,5.0,5.0,5.0,5.0,5.0,4.5,4.0,5.5,5.0,5.0,5.0,5.0,5.0,5.0,5.0,4.5,5.0,5.0,5.0,5.0,5.0,5.0,5.0,5.0,5.0,5.088995,DL,Serie A
Bastoni Simone,5.23,5.36,7.5,3.5,6.0,3.5,6.0,5.0,5.5,3.5,4.5,5.23,5.23,5.23,5.23,5.5,6.5,5.5,5.5,5.23,6.0,5.23,6.0,5.23,5.23,5.23,5.0,5.5,5.0,7.0,4.0,6.5,6.0,5.0,5.23,5.0,5.0,5.23,5.23,5.23,5.086586,DL,Serie A
Hysaj Elseid,5.07,4.98,5.0,5.07,5.0,5.07,5.0,5.0,5.5,6.5,5.0,5.07,5.0,5.0,5.0,5.0,3.5,5.07,4.5,6.0,4.5,4.5,5.5,6.0,5.0,5.07,5.0,5.0,5.07,5.07,3.0,5.07,5.0,5.07,5.0,5.07,5.0,5.07,5.07,5.07,5.0710726,DL,Serie A
Bellanova Raoul,5.06,4.88,5.06,5.06,5.06,5.0,5.06,5.5,5.06,5.0,5.06,5.0,5.0,5.0,5.0,5.0,5.0,5.06,5.06,5.06,5.0,5.06,5.06,4.0,5.06,6.0,6.0,6.0,4.5,4.0,4.5,2.5,4.0,5.0,5.0,4.0,5.5,4.5,6.0,5.06,5.0477595,DL,Serie A
Olivera Mathías,5.12,4.95,5.0,5.0,5.12,5.0,5.0,5.12,5.0,5.0,6.5,4.0,5.0,5.12,6.0,5.12,5.0,5.0,5.12,5.0,5.12,6.5,6.0,6.0,5.12,5.12,4.5,3.5,5.0,5.0,5.0,4.0,4.5,4.5,5.0,5.0,3.0,4.5,5.12,5.12,5.0428042,DL,Serie A
Cambiaso Andrea,5.03,4.98,4.0,5.0,4.5,4.5,5.0,6.0,5.0,5.0,4.5,6.0,6.5,5.0,5.0,5.03,5.03,4.5,5.0,5.0,5.0,5.03,5.03,3.5,5.03,5.5,5.0,5.0,5.03,5.03,5.03,5.03,5.03,5.03,5.03,5.03,5.03,5.03,5.0,5.03,5.034402,DL,Serie A
Gallo Antonino,5.09,5.09,4.5,5.0,5.0,5.09,4.5,5.0,5.5,5.0,5.09,5.0,5.09,4.5,5.0,6.0,6.0,5.0,5.5,5.0,5.09,5.09,5.09,5.09,5.09,5.09,5.09,5.09,5.09,5.09,5.09,5.09,5.09,5.09,5.09,5.09,5.09,5.09,5.09,5.0,5.0301013,DL,Serie A
Toljan Jeremy,4.82,4.81,4.5,5.5,6.0,5.5,5.0,3.0,6.0,7.0,4.5,4.0,6.0,3.5,4.0,5.5,3.5,4.0,5.0,4.0,5.0,5.5,3.5,4.82,4.82,4.82,4.82,4.82,4.82,4.82,4.82,5.0,4.82,5.0,4.82,4.82,4.82,4.82,4.82,5.0,5.0206265,DL,Serie A
Soppy Brandon,4.91,4.85,3.0,4.91,5.0,6.0,5.0,5.0,4.91,5.0,5.0,7.0,3.5,4.91,5.0,4.5,4.91,4.91,4.91,4.91,5.0,3.0,4.0,5.0,6.0,4.5,4.5,4.91,4.91,4.91,5.0,4.5,4.5,4.91,4.91,5.0,5.0,5.0,6.0,4.91,5.0172405,DL,Serie A
Ebosele Festy,5.0,5.0,4.5,5.0,5.0,5.0,5.0,5.0,5.0,5.0,5.0,5.0,5.0,5.0,5.5,5.0,5.0,5.0,5.0,5.0,5.0,5.0,5.0,5.0,5.0,5.0,5.0,5.0,5.0,5.0,5.0,5.0,5.0,5.0,5.0,5.0,5.0,5.0,5.0,5.0,5.0033417,DL,Serie A
Terzic Aleksa,5.05,5.0,5.05,5.5,5.0,5.0,5.05,5.05,5.05,5.0,5.05,5.05,5.0,5.0,5.05,5.0,5.0,5.05,5.0,5.05,5.05,5.05,5.0,5.05,5.05,5.05,5.0,5.05,5.05,5.0,5.05,5.0,5.05,5.05,5.0,5.05,5.0,4.5,5.05,5.0,5.0013566,DL,Serie A
Venuti Lorenzo,4.94,4.84,4.94,4.94,4.94,4.0,4.94,4.5,7.0,4.5,4.94,4.94,4.5,4.94,4.94,4.94,5.0,4.94,6.0,4.0,4.94,4.94,4.94,5.0,3.0,4.94,4.94,4.94,5.0,5.0,5.0,5.5,5.0,5.5,4.5,4.0,5.0,3.5,6.0,5.0,4.9692383,DL,Serie A
Müldür Mert,5.0,4.75,5.0,5.0,5.0,5.0,5.0,5.0,5.0,5.0,5.0,5.0,5.0,5.0,5.0,5.0,5.0,5.0,5.0,5.0,5.0,5.0,4.5,5.0,3.5,5.0,6.0,5.0,5.0,5.0,5.5,5.0,5.0,5.0,4.5,2.5,5.0,6.0,3.0,5.0,4.965413,DL,Serie A
Ruggeri Matteo,5.06,4.89,5.06,5.06,5.06,5.5,5.06,5.06,5.06,5.06,5.0,5.0,5.06,5.06,5.06,4.5,5.06,5.0,6.0,4.5,5.0,5.06,5.0,5.06,5.06,5.06,5.06,5.06,5.0,4.0,4.0,5.0,5.06,5.06,5.0,5.5,5.5,5.0,3.5,5.0,4.9635053,DL,Serie A
Kasius Denso,5.0,4.96,5.0,6.0,3.0,5.0,5.0,6.0,5.0,5.0,5.0,5.0,5.0,5.0,5.0,5.0,5.0,5.0,5.0,5.0,5.0,5.0,5.0,5.0,5.5,4.5,5.0,5.0,5.0,5.0,5.0,5.0,5.0,4.5,5.0,5.5,5.0,4.5,5.0,5.0,4.957349,DL,Serie A
João Moutinho,4.83,4.83,4.83,4.83,4.83,4.83,4.83,4.83,4.83,4.83,4.83,4.83,4.83,4.83,4.83,4.83,4.83,4.5,4.83,5.0,4.83,4.83,4.83,4.83,4.83,4.83,4.83,4.83,4.83,4.83,4.83,4.83,4.83,4.83,4.83,4.83,4.83,4.83,4.83,6.0,4.951178,DL,Serie A
João Moutinho,4.83,4.83,4.83,4.83,4.83,4.83,4.83,4.83,4.83,4.83,4.83,4.83,4.83,4.83,4.83,4.83,4.83,4.5,4.83,5.0,4.83,4.83,4.83,4.83,4.83,4.83,4.83,4.83,4.83,4.83,4.83,4.83,4.83,4.83,4.83,4.83,4.83,4.83,4.83,5.0,4.951178,DL,Serie A
Spinazzola Leonardo,4.96,4.93,5.5,6.0,5.0,5.5,3.0,4.5,4.5,6.0,5.0,5.0,4.5,4.96,4.96,4.96,4.96,4.96,4.96,5.0,4.96,4.96,4.96,4.96,4.96,4.96,4.96,4.96,4.96,4.96,4.96,4.96,4.96,4.96,4.96,4.96,5.0,4.5,5.0,4.96,4.949983,DL,Serie A
Gendrey Valentin,4.89,4.89,4.5,5.0,5.0,5.5,4.5,5.0,5.5,5.5,5.0,5.0,3.0,4.5,5.0,4.5,6.0,5.0,5.0,4.5,4.89,4.89,4.89,4.89,4.89,4.89,4.89,4.89,4.89,4.89,4.89,4.89,4.89,4.89,4.89,4.89,4.89,4.89,4.89,5.0,4.9405885,DL,Serie A
Ebosse Enzo,4.97,4.9,5.0,4.97,5.0,4.97,6.0,5.0,5.0,5.5,4.0,5.0,4.0,5.5,5.0,5.0,3.5,6.0,5.0,5.0,4.97,4.97,4.97,4.97,5.0,5.0,4.0,4.0,5.0,5.5,4.0,6.0,5.0,4.0,4.5,4.0,5.5,5.0,6.0,4.97,4.889492,DL,Serie A
D'Ambrosio Danilo,4.88,5.09,4.88,4.88,4.88,4.5,5.0,4.88,5.0,4.88,5.0,4.88,4.88,4.88,4.88,4.88,4.88,4.88,4.88,4.88,5.5,4.88,5.0,4.88,4.88,5.0,5.0,5.0,4.88,4.88,4.5,5.5,5.5,5.5,4.88,5.0,5.0,5.5,4.88,4.88,4.8837576,DL,Serie A
Kalulu Pierre,5.11,5.47,5.0,4.0,6.5,5.0,4.5,5.5,5.0,5.0,6.5,5.0,5.0,4.0,5.0,5.5,5.0,5.5,6.0,4.0,6.0,6.0,3.5,6.0,6.0,5.0,5.11,5.11,5.5,8.0,5.5,6.0,5.5,7.0,5.5,6.0,6.0,6.0,6.0,5.11,4.881866,DL,Serie A
Akpa Akpro Jean-Daniel,4.88,4.9,4.88,4.88,4.88,4.88,5.0,3.5,4.88,4.88,4.88,4.88,4.88,5.0,5.0,4.5,6.0,4.5,4.88,5.5,4.88,4.88,4.88,4.88,4.88,4.88,4.88,4.88,4.88,4.88,4.88,4.5,4.88,4.88,4.88,4.88,4.88,4.88,5.5,4.88,4.871374,DL,Serie A
Hateboer Hans,4.89,4.72,5.0,5.0,5.5,4.89,5.0,5.0,5.0,5.5,4.5,4.89,4.0,6.0,4.5,4.89,4.0,4.89,5.0,4.89,3.5,4.5,4.89,4.89,4.89,4.5,4.5,4.89,5.0,5.0,6.5,4.5,4.5,4.0,5.0,4.0,5.0,3.5,4.5,4.5,4.8547177,DL,Serie A
Holm Emil,4.53,4.53,5.0,5.0,4.53,5.0,3.5,5.0,5.5,3.0,3.5,6.5,4.5,4.0,4.0,5.0,5.0,3.5,3.0,5.5,4.53,4.53,4.53,4.53,4.53,4.53,4.53,4.53,4.53,4.53,4.53,4.53,4.53,4.53,4.53,4.53,4.53,4.53,4.53,5.0,4.853099,DL,Serie A
Murru Nicola,4.86,4.78,4.86,5.0,4.86,4.86,4.86,4.86,4.86,4.86,4.86,4.0,5.5,4.86,5.5,5.0,4.86,5.0,4.0,4.86,4.0,5.0,5.0,5.0,6.0,3.5,6.0,4.86,4.0,4.86,5.0,4.5,4.5,4.0,5.0,4.86,4.86,4.86,4.86,4.86,4.847952,DL,Serie A
Augello Tommaso,4.69,4.87,4.5,5.0,3.0,5.0,4.5,6.0,4.0,3.5,5.0,4.0,5.0,4.69,4.5,4.0,4.5,7.5,5.0,4.5,4.69,4.5,4.5,5.0,5.0,5.0,4.5,4.69,5.0,5.5,5.0,5.5,5.0,5.0,5.5,6.5,4.5,5.5,4.5,5.0,4.8218875,DL,Serie A
Zappacosta Davide,4.9,4.85,4.9,4.9,4.9,4.5,5.0,4.9,4.9,4.9,4.9,4.9,4.9,4.9,4.9,4.9,4.9,5.5,5.5,4.0,6.0,4.9,4.5,5.0,4.9,5.0,4.0,4.9,5.0,4.0,4.9,4.5,4.5,6.0,6.0,4.5,5.0,3.5,5.0,4.9,4.820398,DL,Serie A
Dodô,4.8,4.8,5.0,5.0,5.5,4.8,5.0,4.5,4.8,4.8,3.0,5.0,4.0,5.0,7.0,5.0,5.0,5.0,4.5,3.5,4.8,4.8,4.8,4.8,4.8,4.8,4.8,4.8,4.8,4.8,4.8,4.8,4.8,4.8,4.8,4.8,4.8,4.8,4.8,4.8,4.813409,DL,Serie A
Quagliata Giacomo,4.77,4.77,5.0,4.77,5.5,3.5,5.0,4.77,4.77,5.0,4.0,5.5,5.0,5.0,4.5,5.0,5.0,4.77,4.77,4.0,4.77,4.77,4.77,4.77,4.77,4.77,4.77,4.77,4.77,4.77,4.77,4.77,4.77,4.77,4.77,4.77,4.77,4.77,4.77,4.77,4.8127503,DL,Serie A
Mazzocchi Pasquale,4.87,4.72,5.0,5.0,4.0,6.5,5.5,5.0,4.0,4.0,5.0,4.0,7.0,6.0,4.0,4.0,4.0,4.87,4.87,4.87,5.0,3.0,4.87,4.87,4.87,4.5,5.0,5.0,3.0,4.87,3.5,4.5,4.5,7.0,5.0,5.5,5.0,5.5,2.5,4.87,4.8080506,DL,Serie A
Sernicola Leonardo,4.79,4.79,5.0,4.79,6.0,4.79,4.79,4.5,4.0,6.0,3.5,6.5,4.5,6.0,4.5,4.5,4.0,4.5,3.5,4.79,4.79,4.79,4.79,4.79,4.79,4.79,4.79,4.79,4.79,4.79,4.79,4.79,4.79,4.79,4.79,4.79,4.79,4.79,4.79,4.79,4.797038,DL,Serie A
Florenzi Alessandro,5.0,5.36,5.0,5.0,5.0,5.0,5.0,5.0,5.0,5.0,5.0,5.0,5.0,5.0,5.0,5.0,5.0,5.0,5.0,5.0,6.0,6.5,4.5,5.0,5.0,5.5,5.0,5.0,5.0,6.0,5.0,5.0,5.0,5.0,5.0,5.0,6.5,5.0,5.0,5.0,4.7969556,DL,Serie A
Carlos Augusto,5.06,5.06,4.5,5.06,4.5,3.5,4.5,4.5,5.5,5.0,7.5,4.5,3.0,4.0,7.0,4.5,8.0,6.5,4.5,5.0,5.06,5.06,5.06,5.06,5.06,5.06,5.06,5.06,5.06,5.06,5.06,5.06,5.06,5.06,5.06,5.06,5.06,5.06,5.06,4.5,4.7397256,DL,Serie A
Dest Sergiño,4.71,4.73,4.71,4.71,4.71,4.71,4.71,4.71,3.5,5.0,4.71,4.71,5.0,5.0,4.71,4.71,5.0,5.0,4.71,4.5,4.71,4.0,4.5,5.0,4.5,4.5,5.5,4.71,4.71,4.71,4.71,4.71,5.0,5.0,4.71,4.71,4.71,4.71,4.71,4.71,4.7220917,DL,Serie A
Lykogiannis Charalampos,4.93,4.81,4.5,5.5,4.93,5.0,4.5,4.5,4.93,4.0,5.0,5.0,4.93,5.0,5.0,4.5,6.0,5.0,5.0,5.5,4.5,4.93,5.0,4.93,4.93,4.5,5.0,4.93,4.93,4.93,4.0,4.93,3.0,4.93,4.93,4.93,5.0,5.5,5.0,4.93,4.7031384,DL,Serie A
Sala Jacopo,4.67,4.68,5.0,4.0,4.5,5.0,4.5,5.0,4.67,4.67,4.67,4.67,4.67,4.67,4.67,4.67,4.67,4.67,4.67,4.67,4.67,4.67,4.67,4.5,4.67,4.5,4.5,5.0,4.67,4.67,4.67,5.0,4.67,4.67,4.67,4.67,4.67,4.67,4.67,4.67,4.6980724,DL,Serie A
Valeri Emanuele,4.76,4.76,4.76,5.0,3.5,5.0,5.5,6.0,3.5,5.0,3.5,5.0,4.5,5.5,5.0,5.0,5.0,4.5,5.0,4.5,4.76,4.76,4.76,4.76,4.76,4.76,4.76,4.76,4.76,4.76,4.76,4.76,4.76,4.76,4.76,4.76,4.76,4.76,4.76,4.76,4.697405,DL,Serie A
Donati Giulio,4.63,4.63,4.63,4.63,4.63,4.63,4.63,4.63,4.63,5.0,4.63,4.5,4.63,4.5,4.63,4.5,4.63,4.63,4.63,4.63,4.63,4.63,4.63,4.63,4.63,4.63,4.63,4.63,4.63,4.63,4.63,4.63,4.63,4.63,4.63,4.63,4.63,4.63,4.63,4.63,4.6492314,DL,Serie A
Birindelli Samuele,4.69,4.69,4.5,4.0,4.5,4.0,4.0,5.0,5.0,6.0,5.0,4.5,4.69,4.5,4.69,4.69,5.0,5.0,4.5,5.0,4.69,4.69,4.69,4.69,4.69,4.69,4.69,4.69,4.69,4.69,4.69,4.69,4.69,4.69,4.69,4.69,4.69,4.69,4.69,4.5,4.624394,DL,Serie A
Pezzella Giuseppe,4.88,4.91,4.88,4.88,4.88,4.5,4.88,5.0,5.0,5.0,5.0,4.88,5.0,4.88,4.88,4.88,4.88,4.88,4.88,5.0,4.88,5.5,5.0,5.0,4.88,4.88,5.0,4.88,5.0,4.88,5.0,4.88,4.0,5.0,4.88,4.88,4.88,4.88,4.88,4.5,4.5507336,DL,Serie A
Conti Andrea,4.5,4.88,4.5,4.5,4.5,4.5,4.5,4.5,4.5,4.5,4.5,4.5,4.5,4.5,4.5,4.5,4.5,4.5,4.5,4.5,5.0,4.5,5.0,4.5,6.0,4.0,4.5,4.5,4.5,5.0,4.5,4.5,4.5,4.5,4.5,5.0,4.5,4.5,4.5,4.5,4.5428605,DL,Serie A
De Silvestri Lorenzo,4.61,4.48,3.5,5.5,4.61,4.5,4.0,5.0,5.0,4.5,4.5,5.0,4.61,4.61,4.61,4.61,4.61,4.61,4.61,4.61,4.5,4.61,4.61,4.61,5.0,4.61,4.0,4.0,4.5,4.5,4.0,4.61,4.61,4.61,4.0,5.0,4.0,3.0,6.0,4.61,4.534829,DL,Serie A
Bereszynski Bartosz,4.67,4.84,4.5,5.0,4.67,5.0,4.5,4.5,4.5,3.5,5.0,5.0,6.0,4.0,3.5,4.5,5.0,5.5,4.67,4.67,6.0,4.67,4.5,5.0,5.5,6.0,6.5,4.67,4.0,4.5,6.0,4.5,4.0,3.5,5.0,5.0,4.0,6.5,4.5,4.67,4.5292015,DL,Serie A
Zanoli Alessandro,4.88,4.86,4.88,4.88,4.88,4.88,4.88,4.88,4.88,4.88,4.88,4.88,4.88,5.0,4.88,4.88,4.88,4.88,5.0,5.0,5.0,4.88,4.88,5.0,4.88,4.88,5.0,4.88,4.88,4.88,5.0,5.0,3.5,4.5,4.5,5.0,4.88,4.88,6.0,4.5,4.502164,DL,Serie A
Cacace Liberato,4.33,4.54,4.33,4.33,4.33,4.33,4.33,4.0,4.33,4.33,4.33,4.33,4.33,4.5,4.33,4.33,4.33,4.5,4.33,4.33,4.33,4.33,4.33,4.33,4.5,4.33,5.0,3.5,4.33,5.0,5.0,4.5,4.33,3.0,5.0,4.33,4.33,5.0,5.5,4.33,4.3293805,DL,Serie A
Ghiglione Paolo,4.25,4.25,5.0,4.5,4.25,3.0,5.0,4.25,4.25,4.25,4.25,4.25,4.25,4.25,4.25,5.0,4.25,4.25,4.25,3.0,4.25,4.25,4.25,4.25,4.25,4.25,4.25,4.25,4.25,4.25,4.25,4.25,4.25,4.25,4.25,4.25,4.25,4.25,4.25,4.25,4.296019,DL,Serie A
Ferrer Salvador,4.5,5.0,4.5,4.5,4.5,4.5,4.5,4.5,4.5,4.5,4.5,4.5,4.5,4.5,4.5,4.5,4.5,4.5,4.5,5.0,4.5,4.5,5.0,5.0,4.5,4.5,4.5,5.0,5.0,5.0,4.5,5.0,5.0,5.0,4.5,4.5,4.5,7.5,4.5,4.0,4.280894,DL,Serie A
Daniliuc Flavius,4.73,4.9,4.73,4.73,4.73,4.73,5.5,4.5,4.5,3.0,5.5,4.0,6.0,6.0,4.73,4.5,4.0,5.0,4.5,4.73,6.5,5.0,4.73,4.0,4.5,5.0,4.73,5.5,4.73,4.73,4.73,5.0,5.0,6.0,4.5,6.0,4.5,5.0,4.5,4.5,4.2304378,DL,Serie A
Amian Kelvin,4.79,4.69,4.79,4.79,4.79,4.79,4.79,4.79,4.79,5.0,5.0,5.0,5.0,4.5,4.5,5.0,4.5,4.5,4.5,6.0,4.5,4.79,5.0,5.5,4.79,4.0,4.79,3.0,4.79,5.0,4.0,6.0,6.0,4.0,4.0,4.5,4.5,5.0,4.0,4.0,4.1476593,DL,Serie A
Baschirotto Federico,5.29,5.29,5.0,5.0,5.5,6.0,4.5,5.0,6.0,5.5,5.5,5.0,5.0,5.0,5.0,7.0,5.5,5.5,5.5,5.5,5.29,5.29,5.29,5.29,5.29,5.29,5.29,5.29,5.29,5.29,5.29,5.29,5.29,5.29,5.29,5.29,5.29,5.29,5.29,3.5,4.010035,DL,Serie A
Alex Sandro,4.94,4.87,7.0,5.0,5.0,5.0,4.5,5.5,4.94,6.5,4.5,5.5,4.5,5.5,5.5,3.5,4.94,4.94,5.5,2.5,5.5,4.94,4.94,4.5,4.94,4.94,4.5,4.94,4.94,4.5,4.94,5.0,4.94,5.5,5.5,4.5,5.0,3.5,4.5,3.5,3.8776798,DL,Serie A
Bradaric Domagoj,4.54,4.67,4.54,5.0,4.54,5.0,5.0,4.54,4.0,3.5,4.54,4.54,5.5,7.0,4.0,5.0,4.5,3.5,5.0,3.0,4.54,4.54,4.54,4.5,4.54,4.54,5.0,4.54,4.54,4.5,5.0,5.0,4.5,5.0,4.54,5.0,5.0,5.0,4.54,3.5,3.7413323,DL,Serie A
Reca Arkadiusz,4.9,4.78,6.0,4.0,5.0,4.5,4.5,4.5,4.5,4.9,4.9,4.9,4.5,5.0,5.0,6.0,4.9,5.5,5.0,6.5,4.5,4.9,5.0,4.5,4.9,3.0,5.0,6.0,5.0,5.5,3.0,5.0,5.0,5.0,4.9,4.0,4.5,5.0,4.9,3.0,3.3605058,DL,Serie A
