Joueur,Note,Note 1 an,j1,j2,j3,j4,j5,j6,j7,j8,j9,j10,j11,j12,j13,j14,j15,j16,j17,j18,j20,j21,j22,j23,j24,j25,j26,j27,j28,j29,j30,j31,j32,j33,j34,j35,j36,j37,j38,j19,prediction_label,Poste,Championnat
Frattesi Davide,5.58,5.41,4.0,5.5,7.0,5.0,5.5,7.0,6.0,6.5,6.0,6.0,7.0,4.5,4.5,6.0,3.5,4.5,6.0,4.5,5.58,6.0,3.5,5.5,5.0,5.5,6.0,5.5,5.58,5.0,7.0,5.0,5.58,5.0,5.0,2.5,5.0,7.0,5.0,7.0,6.885638,MD,Serie A
Zambo Anguissa André-Frank,6.15,5.96,7.0,7.5,6.0,4.5,7.0,6.0,6.0,8.0,5.5,6.15,6.15,5.5,5.5,5.5,6.5,5.0,6.0,6.0,6.15,6.15,6.15,6.15,6.15,5.0,6.15,6.15,5.0,6.0,5.5,4.5,6.15,5.5,6.0,7.0,6.0,7.0,5.0,7.0,6.8356905,MD,Serie A
Ilic Ivan,5.14,4.96,3.5,6.5,4.0,5.5,5.0,4.5,5.0,5.14,5.14,5.14,5.14,5.14,5.14,5.14,5.14,5.0,5.5,5.0,5.0,5.0,5.14,5.0,4.5,5.5,5.14,5.14,4.0,4.5,5.14,4.5,5.5,5.5,4.5,5.5,4.0,4.5,5.14,7.0,6.612701,MD,Serie A
Ricci Samuele,5.65,5.47,7.0,6.0,6.0,5.65,5.65,5.65,5.65,5.65,5.0,5.65,5.0,5.5,6.0,5.5,6.5,5.0,5.0,4.5,5.5,4.0,6.0,5.0,5.65,5.65,5.65,5.0,5.5,5.0,5.65,5.5,5.0,6.0,6.0,6.0,5.0,5.0,5.5,6.5,6.43376,MD,Serie A
de Roon Marten,5.18,5.24,6.0,5.0,6.5,5.0,6.0,4.5,4.5,5.5,6.0,4.5,4.5,5.18,4.5,4.5,5.18,5.0,5.0,4.5,6.0,5.0,5.5,5.18,5.18,6.0,4.5,5.18,5.5,5.18,7.0,7.0,5.18,5.0,5.0,4.5,4.5,4.5,4.5,6.5,6.340555,MD,Serie A
Lobotka Stanislav,6.24,5.97,8.0,8.0,5.0,6.0,6.0,6.5,7.0,5.5,6.5,5.5,6.0,7.0,6.0,6.0,5.5,5.5,6.0,6.5,5.0,6.5,6.24,7.0,7.0,5.5,6.24,5.0,5.0,6.0,5.0,6.0,4.5,5.0,6.24,6.24,5.0,6.0,6.0,6.0,6.045931,MD,Serie A
Bennacer Ismaël,5.69,5.55,6.0,7.5,6.0,4.0,6.5,5.0,6.0,5.5,6.5,5.0,6.0,5.0,7.0,6.0,4.5,5.5,5.5,5.0,5.69,5.69,5.69,5.5,6.0,6.0,4.5,5.69,6.0,5.5,7.0,5.5,5.69,5.5,5.69,4.5,4.5,4.5,4.5,5.69,5.865831,MD,Serie A
Machín José,4.88,4.88,4.88,4.88,4.5,3.0,4.88,5.0,4.88,4.88,4.88,4.88,4.88,4.88,4.88,5.0,4.88,5.0,5.5,5.0,4.88,4.88,4.88,4.88,4.88,4.88,4.88,4.88,4.88,4.88,4.88,4.88,4.88,4.88,4.88,4.88,4.88,4.88,4.88,6.0,5.7954946,MD,Serie A
Cataldi Danilo,5.69,5.56,5.5,5.0,6.0,5.5,4.5,5.69,7.0,6.5,5.69,5.0,6.0,4.5,7.0,6.0,5.0,5.5,5.5,6.5,5.0,6.0,5.0,5.69,5.0,5.5,6.0,5.69,5.69,5.69,5.0,5.5,5.5,4.5,5.0,5.5,6.0,6.0,6.0,5.69,5.7854557,MD,Serie A
Rovella Nicolò,5.62,5.44,5.0,4.5,5.0,5.62,5.5,5.0,6.5,7.0,5.0,5.5,5.62,5.0,6.0,5.5,7.5,5.62,5.62,5.62,5.62,5.62,5.62,5.62,5.62,5.0,4.5,5.5,5.0,5.62,5.62,5.62,5.62,5.62,5.62,5.62,5.62,5.62,5.0,5.62,5.7046785,MD,Serie A
Tonali Sandro,5.67,5.8,5.67,5.0,5.5,5.0,7.0,5.0,5.0,5.0,6.0,6.5,5.67,5.5,5.5,5.0,5.0,8.0,6.0,5.67,5.5,6.0,5.67,6.0,5.5,5.5,5.0,6.5,5.5,6.0,5.67,7.0,5.5,5.0,7.5,6.0,7.5,5.5,5.0,5.67,5.6893206,MD,Serie A
Walace,5.55,5.5,5.0,4.5,6.0,5.0,7.5,6.0,5.0,7.0,5.5,6.0,5.5,5.5,5.5,5.5,5.0,5.0,5.5,4.5,8.0,3.5,5.0,6.0,5.0,3.5,5.5,5.0,6.5,5.55,5.5,5.0,4.5,6.5,6.0,5.5,5.5,5.0,7.0,6.0,5.6549215,MD,Serie A
Ferguson Lewis,5.63,5.63,5.63,5.63,4.5,5.63,5.63,5.63,5.63,5.0,5.0,5.0,7.0,7.0,5.5,5.0,7.0,5.0,5.0,6.5,5.63,5.63,5.63,5.63,5.63,5.63,5.63,5.63,5.63,5.63,5.63,5.63,5.63,5.63,5.63,5.63,5.63,5.63,5.63,5.63,5.5871644,MD,Serie A
Koopmeiners Teun,5.64,5.38,5.5,5.0,7.0,8.0,5.5,6.0,6.0,5.5,5.0,4.5,4.0,6.0,4.5,4.0,5.0,7.0,6.0,7.0,5.64,6.5,5.5,5.64,5.64,6.5,4.5,5.64,4.5,5.0,5.5,4.0,5.5,3.5,4.5,5.64,6.0,3.5,5.5,5.64,5.5731287,MD,Serie A
Locatelli Manuel,5.63,5.5,5.5,5.0,4.5,5.5,5.0,5.63,5.63,6.5,4.0,6.5,7.5,5.63,6.0,6.0,7.0,5.5,5.0,5.0,5.5,6.0,5.5,4.5,5.63,5.0,5.0,5.0,6.0,6.5,5.63,5.0,5.63,5.63,5.63,5.63,5.63,5.5,4.5,5.5,5.552775,MD,Serie A
Matic Nemanja,5.32,5.25,4.5,5.0,5.0,6.5,3.5,5.5,5.5,6.0,5.0,5.0,5.0,6.5,5.0,6.5,6.5,4.5,5.0,5.0,4.5,5.0,5.0,5.32,5.32,5.32,5.32,5.0,5.32,5.5,3.5,5.0,4.5,5.0,5.5,7.0,4.5,7.0,5.32,5.5,5.523909,MD,Serie A
Lazzari Manuel,5.33,5.38,5.0,5.0,5.5,5.5,4.5,6.0,5.33,7.0,6.0,5.0,6.0,4.0,5.5,5.0,5.33,5.0,5.0,5.33,5.0,5.0,6.0,5.5,5.5,7.0,5.33,5.33,5.33,5.33,5.0,7.0,6.0,5.0,4.5,4.0,7.0,5.0,4.0,5.33,5.5132933,MD,Serie A
Blin Alexis,5.38,5.38,6.0,5.0,5.0,5.0,5.38,5.38,5.0,4.5,6.0,5.5,5.5,4.5,5.5,5.5,5.0,6.0,6.5,5.5,5.38,5.38,5.38,5.38,5.38,5.38,5.38,5.38,5.38,5.38,5.38,5.38,5.38,5.38,5.38,5.38,5.38,5.38,5.38,5.5,5.476064,MD,Serie A
Vecino Matías,5.41,5.25,5.0,5.0,5.5,5.41,5.5,5.0,6.0,5.5,8.0,5.5,6.0,3.5,6.0,5.5,6.0,4.5,4.5,5.0,5.41,5.41,5.41,5.0,5.0,5.41,5.41,4.5,5.41,4.5,5.41,5.41,5.41,5.41,5.41,4.5,5.41,5.41,5.41,5.41,5.4552436,MD,Serie A
Bandinelli Filippo,5.25,5.04,4.5,5.5,4.5,4.5,4.0,6.5,7.5,4.5,4.5,6.0,4.5,5.0,6.0,6.0,5.5,4.5,5.0,6.0,4.5,5.25,5.5,4.5,4.5,5.5,5.5,4.0,4.5,4.0,5.0,4.0,6.0,5.0,4.5,5.25,4.0,5.0,6.0,5.25,5.4412074,MD,Serie A
Obiang Pedro,5.13,5.13,5.13,5.13,5.13,5.13,5.13,5.13,5.13,5.0,5.13,5.13,6.0,5.5,5.13,5.0,4.0,5.13,5.0,5.0,5.13,5.13,5.13,5.13,5.13,5.13,5.13,5.13,5.13,5.13,5.13,5.13,5.13,5.13,5.13,5.13,5.13,5.13,5.13,5.5,5.4183164,MD,Serie A
Domínguez Nicolás,5.37,5.22,5.0,5.0,5.0,5.5,6.0,5.37,6.0,4.5,6.0,5.0,5.5,5.5,5.0,5.37,7.0,5.0,4.5,5.37,5.0,5.37,5.37,4.5,5.37,5.37,5.37,5.37,5.37,5.37,5.37,5.37,5.0,4.5,4.5,6.0,4.5,5.37,5.5,5.37,5.414926,MD,Serie A
Sensi Stefano,5.27,5.22,5.0,3.5,4.5,5.0,5.5,6.5,5.0,8.0,5.0,4.5,4.0,6.0,6.0,5.27,5.27,5.27,5.27,5.27,5.27,5.27,5.27,5.27,8.0,4.0,5.27,5.27,5.0,5.0,6.0,4.0,5.0,5.0,4.5,5.0,5.27,5.27,5.27,5.27,5.372026,MD,Serie A
Krunic Rade,5.25,5.2,5.0,5.25,5.25,5.25,5.25,5.25,5.5,6.0,5.5,5.5,5.25,5.25,4.5,4.5,5.5,5.25,5.25,5.25,4.5,5.25,4.5,5.5,4.5,5.5,5.25,5.25,5.0,5.0,5.5,5.25,5.0,5.5,5.0,4.5,5.5,6.5,5.5,5.25,5.3639946,MD,Serie A
Cristante Bryan,5.42,5.41,7.0,5.5,4.5,6.0,4.5,5.0,4.5,5.5,6.0,6.5,4.5,5.0,5.0,6.0,5.0,6.0,5.0,6.5,5.0,4.5,5.42,6.0,5.0,6.0,5.42,6.5,5.5,5.5,6.5,6.0,5.0,4.5,5.42,5.5,4.0,6.0,5.0,5.0,5.3459144,MD,Serie A
Paredes Leandro,5.21,5.63,5.21,5.21,5.21,5.21,4.5,5.5,5.0,5.5,5.5,4.5,6.0,5.21,5.21,5.5,5.0,6.0,4.5,5.0,6.0,5.0,8.0,7.5,6.0,5.21,5.21,5.21,8.0,4.0,5.5,5.21,5.21,5.21,5.21,5.21,5.21,5.21,5.21,5.21,5.3271008,MD,Serie A
Brozovic Marcelo,5.3,5.71,4.5,7.0,4.0,6.0,5.5,7.0,4.5,5.3,5.3,5.3,5.3,5.3,4.5,5.5,4.5,5.3,5.3,5.3,5.0,6.0,6.0,6.0,5.0,6.0,5.3,5.0,6.0,5.3,5.3,6.5,6.0,7.0,6.0,5.5,7.0,6.0,6.5,5.3,5.326599,MD,Serie A
Arslan Tolgay,5.0,5.11,5.0,5.0,5.0,5.0,5.0,5.5,6.0,5.5,4.0,5.0,4.5,5.0,5.0,4.5,4.5,5.0,5.0,5.0,6.0,5.0,5.5,6.0,6.0,5.0,4.5,6.0,5.0,5.0,5.0,5.0,5.5,5.0,5.5,4.0,5.0,5.0,5.0,5.5,5.32655,MD,Serie A
Tameze Adrien,4.78,5.16,3.5,4.5,5.5,5.0,5.0,4.5,4.5,4.5,4.0,5.5,5.5,4.0,4.0,4.78,5.0,5.0,5.5,5.0,5.5,5.0,6.0,5.0,4.5,8.0,4.78,4.78,5.0,6.0,5.0,6.0,5.0,6.5,5.5,5.5,6.0,5.0,5.0,5.5,5.3049116,MD,Serie A
Moro Nikola,5.25,5.25,5.25,5.25,5.25,5.25,5.0,5.25,5.25,5.25,5.25,5.5,5.25,4.5,5.25,4.5,5.0,5.25,5.25,7.0,5.25,5.25,5.25,5.25,5.25,5.25,5.25,5.25,5.25,5.25,5.25,5.25,5.25,5.25,5.25,5.25,5.25,5.25,5.25,5.25,5.232636,MD,Serie A
Aebischer Michel,5.13,5.11,4.5,5.0,5.0,5.0,5.13,5.0,4.5,4.5,6.0,5.0,6.5,4.5,5.0,5.13,7.0,5.5,5.0,4.0,5.0,5.13,5.13,5.13,5.0,5.0,5.0,5.13,5.13,5.0,5.13,6.0,5.0,5.0,5.5,5.0,5.13,4.5,5.0,5.13,5.2210174,MD,Serie A
Mandragora Rolando,5.5,5.48,7.0,6.0,5.5,5.0,5.0,5.0,7.5,5.0,3.5,4.5,5.5,6.0,6.0,5.5,5.5,5.5,5.5,5.5,5.5,8.0,4.5,6.0,4.0,5.5,6.0,5.5,5.5,5.5,4.0,6.0,5.5,5.5,5.5,5.5,5.5,5.5,5.0,5.5,5.1769514,MD,Serie A
Askildsen Kristoffer,5.12,5.06,5.12,5.0,5.0,5.0,4.5,5.5,5.5,5.5,6.0,4.5,4.5,5.0,5.12,5.12,5.5,5.0,5.12,5.12,5.12,5.5,4.5,5.12,5.12,5.12,5.12,5.12,5.12,5.12,5.12,5.12,5.12,5.12,5.12,5.12,5.0,5.12,4.5,5.12,5.1670814,MD,Serie A
Zurkowski Szymon,5.17,5.29,5.5,5.17,5.17,5.17,5.0,5.17,5.17,5.17,5.17,5.17,5.17,5.17,5.17,5.17,5.17,5.17,5.17,5.0,6.0,3.5,7.5,4.0,6.0,4.5,5.5,6.0,5.5,4.5,5.0,4.5,4.0,5.17,5.5,6.5,5.5,4.5,7.0,5.17,5.155716,MD,Serie A
Grassi Alberto,5.23,5.38,5.23,5.0,5.0,5.5,5.5,5.0,4.0,5.5,5.23,5.23,5.23,5.23,5.23,5.0,7.0,5.0,5.0,5.23,6.5,5.23,5.23,5.0,5.23,6.0,6.0,6.5,4.5,5.0,5.5,3.5,5.23,7.0,5.0,5.0,6.5,5.0,5.5,5.23,5.110773,MD,Serie A
Lovric Sandi,5.22,5.22,5.0,5.5,5.0,6.0,6.0,7.0,5.5,5.0,4.5,5.0,5.0,5.0,5.22,6.0,4.0,5.0,5.5,4.0,5.22,5.22,5.22,5.22,5.22,5.22,5.22,5.22,5.22,5.22,5.22,5.22,5.22,5.22,5.22,5.22,5.22,5.22,5.22,5.0,5.0946374,MD,Serie A
Castagnetti Michele,5.09,5.09,5.09,5.09,5.09,5.0,5.0,5.09,5.09,5.5,5.09,6.0,4.5,5.09,5.0,5.5,5.0,5.0,4.0,5.5,5.09,5.09,5.09,5.09,5.09,5.09,5.09,5.09,5.09,5.09,5.09,5.09,5.09,5.09,5.09,5.09,5.09,5.09,5.09,5.09,5.093271,MD,Serie A
Ranocchia Filippo,5.05,5.05,5.0,4.5,5.05,5.05,5.05,5.05,5.05,5.05,5.0,5.05,7.0,4.0,5.05,5.0,5.0,5.0,5.5,4.5,5.05,5.05,5.05,5.05,5.05,5.05,5.05,5.05,5.05,5.05,5.05,5.05,5.05,5.05,5.05,5.05,5.05,5.05,5.05,5.05,5.0871944,MD,Serie A
Ekdal Albin,4.79,4.92,5.0,4.79,3.5,4.79,4.79,4.79,5.0,5.0,5.0,5.0,4.5,5.5,5.0,5.0,4.5,4.5,4.5,5.0,3.5,4.5,4.79,5.0,4.79,5.5,5.5,4.79,4.5,4.79,5.5,4.79,4.79,5.0,5.0,7.0,4.79,4.79,4.79,4.79,5.080098,MD,Serie A
Helgason Thórir,5.08,5.08,5.0,5.0,5.08,5.0,5.08,5.5,5.08,5.08,5.0,5.0,5.08,5.08,5.08,5.08,5.08,5.08,5.08,5.08,5.08,5.08,5.08,5.08,5.08,5.08,5.08,5.08,5.08,5.08,5.08,5.08,5.08,5.08,5.08,5.08,5.08,5.08,5.08,5.08,5.07952,MD,Serie A
Harroui Abdou,5.13,5.09,5.0,5.0,5.13,4.5,5.5,4.0,5.0,6.5,5.0,5.13,5.13,5.0,5.5,5.5,5.0,5.13,5.13,5.13,6.0,5.5,5.0,4.0,5.0,5.0,5.5,5.13,5.13,4.5,5.0,5.0,5.13,5.13,5.13,5.13,5.13,5.13,5.13,5.13,5.0652995,MD,Serie A
Amrabat Sofyan,5.06,5.23,5.0,5.06,5.5,4.5,6.0,5.0,5.0,5.5,4.5,5.06,4.0,5.0,5.5,5.5,5.0,5.0,5.06,5.0,5.06,5.06,5.06,5.06,5.0,6.5,5.0,5.0,5.0,5.06,5.06,5.5,5.0,5.0,3.5,6.5,7.0,5.06,6.5,5.0,5.0291567,MD,Serie A
Pickel Charles,5.03,5.03,4.5,5.5,4.5,4.5,5.5,5.0,5.0,5.5,5.03,6.5,4.0,6.0,6.0,5.0,4.5,5.5,3.5,4.5,5.03,5.03,5.03,5.03,5.03,5.03,5.03,5.03,5.03,5.03,5.03,5.03,5.03,5.03,5.03,5.03,5.03,5.03,5.03,5.03,5.01041,MD,Serie A
Esposito Salvatore,5.0,5.0,5.0,5.0,5.0,5.0,5.0,5.0,5.0,5.0,5.0,5.0,5.0,5.0,5.0,5.0,5.0,5.0,5.0,5.0,5.0,5.0,5.0,5.0,5.0,5.0,5.0,5.0,5.0,5.0,5.0,5.0,5.0,5.0,5.0,5.0,5.0,5.0,5.0,5.0,5.003771,MD,Serie A
Hongla Martin,5.0,4.97,4.0,6.0,5.5,5.0,5.0,5.0,5.0,5.0,5.0,4.5,5.0,5.5,4.5,5.0,5.0,5.0,5.0,5.0,5.0,5.0,5.0,5.0,5.0,5.0,5.0,5.0,5.0,4.5,5.0,5.0,5.0,5.0,5.0,4.5,4.0,5.0,6.5,5.0,4.992293,MD,Serie A
Coulibaly Lassana,5.03,5.02,4.5,5.03,8.0,5.0,5.5,3.5,4.5,3.5,7.0,5.5,6.0,5.0,5.5,4.5,3.5,6.0,5.03,3.0,5.0,5.03,5.03,5.03,5.03,5.5,5.0,6.0,3.5,5.5,4.0,4.5,5.5,4.5,5.5,6.0,5.0,4.5,4.0,5.0,4.9896345,MD,Serie A
Bove Edoardo,5.0,4.96,5.0,5.0,5.0,5.0,5.0,5.0,5.0,5.0,5.0,5.0,5.0,5.0,5.0,5.0,5.0,5.0,5.0,5.0,5.0,5.0,5.0,5.0,5.0,5.0,5.0,5.0,5.0,5.0,5.0,4.5,5.0,5.0,5.0,5.0,5.0,5.0,5.0,5.0,4.9892254,MD,Serie A
Basic Toma,4.96,4.96,5.0,5.0,4.96,5.0,4.5,5.5,5.0,4.96,4.96,4.96,4.5,5.0,5.0,5.5,4.5,5.0,5.0,4.96,4.96,4.5,4.96,5.0,5.0,5.0,6.0,5.0,4.5,4.96,4.96,4.5,5.0,5.0,5.0,5.0,5.0,5.5,4.5,4.96,4.9807925,MD,Serie A
Matheus Henrique,4.95,4.94,4.5,5.0,6.0,5.0,5.0,5.0,4.95,4.95,4.95,5.0,4.95,4.5,4.95,4.95,4.5,5.0,4.95,4.95,4.95,4.95,4.95,4.95,5.5,5.0,5.0,5.0,4.95,5.0,5.5,5.0,4.5,4.5,5.0,4.0,6.0,5.5,3.5,5.0,4.980325,MD,Serie A
Miguel Veloso,5.13,5.17,5.13,4.5,5.0,5.5,5.0,5.0,5.0,5.0,5.0,4.5,5.0,5.5,5.5,5.5,6.0,5.13,5.13,5.0,5.5,6.0,6.0,5.5,3.5,5.13,5.13,5.13,5.13,5.13,5.13,5.13,5.13,5.0,5.0,5.5,5.13,5.13,5.0,5.13,4.979588,MD,Serie A
Henderson Liam,4.88,4.81,4.5,5.5,5.0,4.0,5.5,4.88,5.5,4.5,4.5,6.0,4.5,4.0,4.88,5.0,5.0,4.88,4.88,4.88,4.5,4.0,5.0,5.0,5.0,4.5,5.0,4.5,5.0,4.5,4.5,4.5,5.0,4.0,6.0,5.0,5.0,4.5,5.0,4.88,4.9750934,MD,Serie A
Adopo Michel,4.9,4.9,5.0,4.9,4.9,4.9,4.9,4.9,4.9,4.5,4.9,4.9,4.9,5.0,4.9,4.9,5.0,4.9,4.9,4.9,4.9,4.9,4.9,4.9,4.9,4.9,4.9,4.9,4.9,4.9,4.9,4.9,4.9,4.9,4.9,4.9,4.9,4.9,4.9,5.0,4.9638596,MD,Serie A
Maggiore Giulio,5.05,5.02,5.05,5.0,6.5,5.5,5.0,5.0,5.5,4.0,4.5,5.05,5.05,5.05,5.05,4.5,5.0,5.05,5.05,5.05,4.5,5.05,4.5,5.05,5.05,4.5,4.5,4.5,4.5,6.0,3.5,6.0,5.5,6.0,5.05,4.5,5.5,7.0,4.0,5.05,4.958568,MD,Serie A
Bianco Alessandro,4.83,4.83,4.83,4.83,4.83,4.83,4.83,4.83,4.83,4.83,4.83,4.83,4.83,4.83,4.83,4.83,4.83,5.0,4.5,4.83,4.83,4.83,4.83,4.83,4.83,4.83,4.83,4.83,4.83,4.83,4.83,4.83,4.83,4.83,4.83,4.83,4.83,4.83,4.83,5.0,4.9435687,MD,Serie A
Asllani Kristjan,4.83,5.15,4.83,5.0,4.83,4.5,4.83,4.83,4.83,5.0,5.0,4.5,4.83,4.5,4.83,5.0,4.83,4.83,5.0,5.0,4.83,5.0,5.0,4.83,6.0,6.0,4.5,5.0,6.0,5.0,5.0,5.0,5.5,4.5,6.0,4.5,6.0,6.5,5.0,4.83,4.9403834,MD,Serie A
Meïté Soualiho,4.88,4.88,4.88,4.88,4.88,4.88,4.88,5.0,4.5,5.0,4.0,5.0,5.5,5.5,5.0,6.0,3.5,5.5,4.88,4.0,4.88,4.88,4.88,4.88,4.88,4.88,4.88,4.88,4.88,4.88,4.88,4.88,4.88,4.88,4.88,4.88,4.88,4.88,4.88,4.88,4.936937,MD,Serie A
Linetty Karol,5.11,5.02,5.0,6.0,5.5,5.5,5.0,5.0,5.0,4.0,4.5,5.5,5.0,5.0,5.11,5.5,6.5,5.0,4.5,4.5,5.11,5.11,5.11,5.11,5.11,4.0,5.11,5.11,5.11,5.11,5.11,5.0,5.11,5.11,5.11,5.11,4.5,5.11,5.11,5.0,4.935308,MD,Serie A
Sambia Junior,4.5,4.68,4.5,4.5,4.0,4.5,4.5,5.0,4.5,4.5,5.0,4.5,4.5,4.5,4.5,4.5,4.5,3.0,4.5,5.0,4.5,4.5,5.0,4.5,4.5,6.0,4.5,4.5,4.5,5.0,4.0,5.0,4.5,4.5,4.5,4.5,4.5,5.0,5.0,5.0,4.925732,MD,Serie A
Gagliardini Roberto,4.94,4.91,4.94,5.0,5.0,4.94,4.94,4.94,5.0,4.94,5.0,4.94,4.94,4.94,4.94,5.0,4.94,4.5,4.0,6.0,5.0,5.0,4.94,4.94,4.94,4.94,4.0,4.94,5.5,4.94,4.94,4.5,4.5,4.94,4.5,5.0,4.94,6.0,4.94,4.94,4.917775,MD,Serie A
Demme Diego,5.0,5.25,5.0,5.0,5.0,5.0,5.0,5.0,5.0,5.0,5.0,4.5,5.0,5.5,5.0,5.0,5.0,5.0,5.0,5.0,5.5,6.0,5.0,5.0,5.0,5.0,5.0,5.5,5.0,5.0,5.0,5.0,5.0,5.0,5.0,4.5,5.0,5.0,6.5,5.0,4.9160504,MD,Serie A
Zortea Nadir,5.06,5.06,5.0,5.0,5.5,4.5,5.06,5.5,5.06,5.06,5.06,5.0,5.06,5.0,5.06,3.5,5.06,5.06,5.06,6.5,5.0,5.5,5.06,5.06,5.06,5.0,5.06,6.5,4.0,6.5,5.0,4.5,3.5,5.06,4.5,4.5,5.0,6.0,5.0,5.06,4.9118404,MD,Serie A
Marin Razvan,5.06,5.06,5.5,5.0,4.0,4.5,5.5,5.0,6.0,4.0,5.0,5.0,3.5,5.5,6.0,4.0,5.0,5.0,5.5,7.0,6.0,5.06,5.5,5.0,5.06,5.5,5.5,5.0,4.5,5.5,5.0,5.06,5.0,7.0,4.5,3.0,5.0,4.0,5.0,5.06,4.905753,MD,Serie A
Vranckx Aster,4.86,4.86,4.86,4.86,4.86,4.86,4.86,5.0,4.86,4.86,5.0,4.86,5.0,4.86,4.86,4.86,5.5,5.0,4.0,4.5,4.86,4.86,4.86,4.86,4.86,4.86,4.86,4.86,4.86,4.86,4.86,4.86,4.86,4.86,4.86,4.86,4.86,4.86,4.86,4.86,4.86835,MD,Serie A
Escalante Gonzalo,4.67,5.12,3.5,4.67,5.0,4.5,5.0,5.0,4.5,4.67,5.0,4.67,4.67,5.0,4.67,4.5,4.67,4.67,4.67,4.67,4.5,3.5,5.5,4.5,6.5,4.0,6.0,4.67,5.0,6.0,5.5,6.0,6.0,5.0,7.0,4.67,6.5,4.5,4.67,4.67,4.8470106,MD,Serie A
Barberis Andrea,4.79,4.79,4.5,3.5,4.79,4.79,4.79,4.79,5.0,5.0,6.0,5.5,4.0,4.79,4.79,4.79,4.79,4.79,4.79,4.79,4.79,4.79,4.79,4.79,4.79,4.79,4.79,4.79,4.79,4.79,4.79,4.79,4.79,4.79,4.79,4.79,4.79,4.79,4.79,4.79,4.8461742,MD,Serie A
Haas Nicolas,4.92,4.92,4.92,4.5,5.0,6.0,4.0,4.0,5.5,4.5,5.0,6.0,4.0,4.92,5.5,4.5,4.92,4.92,4.92,5.5,4.92,4.92,4.92,4.92,4.92,4.92,4.92,4.92,4.92,4.92,4.92,4.92,4.92,4.92,4.92,4.92,4.92,4.92,4.92,4.92,4.8395495,MD,Serie A
Pobega Tommaso,4.95,4.98,5.0,4.95,5.0,5.5,5.0,5.5,4.95,4.95,4.0,5.0,5.5,3.5,4.95,4.95,4.95,4.95,6.0,4.5,5.5,5.0,5.0,4.5,4.5,5.0,5.0,3.5,5.0,5.5,4.5,4.95,5.5,5.5,4.95,6.0,5.0,5.5,4.5,4.95,4.831899,MD,Serie A
Radovanovic Ivan,4.85,4.96,4.85,4.5,4.85,4.85,4.85,4.85,4.85,4.5,5.5,4.85,6.0,5.5,5.0,5.0,4.5,3.5,4.85,4.5,5.5,4.85,4.85,4.85,4.85,5.5,5.0,4.85,4.5,5.0,4.0,5.5,5.5,5.5,4.85,4.85,4.5,6.5,3.0,4.85,4.804964,MD,Serie A
Duncan Alfred,4.73,4.91,4.73,5.0,4.73,4.73,4.73,4.73,5.0,5.0,4.73,5.0,4.0,5.5,5.0,5.0,4.5,4.0,4.5,4.5,3.5,4.73,5.0,4.73,4.5,4.5,5.0,4.73,5.5,4.5,6.0,5.5,6.0,5.0,4.0,5.0,6.0,4.0,7.0,4.5,4.7946973,MD,Serie A
Schouten Jerdy,5.04,5.29,5.0,6.0,4.0,5.5,5.0,5.0,5.0,4.5,5.5,5.04,5.04,5.04,5.0,2.5,5.04,5.5,5.0,7.0,5.5,5.04,5.04,5.04,5.5,3.0,6.0,5.5,5.5,5.5,5.5,7.0,5.5,5.0,5.04,6.0,7.0,5.5,5.0,5.04,4.7844815,MD,Serie A
Saelemaekers Alexis,4.8,5.02,5.0,5.5,5.5,3.5,5.0,4.8,4.5,4.5,4.8,4.8,4.8,4.8,4.8,4.8,4.8,5.0,5.0,4.5,5.5,5.0,5.0,5.0,4.5,5.0,5.0,5.0,5.0,4.5,5.5,4.8,5.5,4.5,5.0,4.8,5.5,6.0,6.0,4.8,4.7806406,MD,Serie A
Molina Salvatore,4.8,4.8,4.8,5.0,4.0,5.5,4.5,5.0,4.8,4.8,4.8,4.8,4.8,4.8,4.8,4.8,4.8,4.8,4.8,4.8,4.8,4.8,4.8,4.8,4.8,4.8,4.8,4.8,4.8,4.8,4.8,4.8,4.8,4.8,4.8,4.8,4.8,4.8,4.8,4.8,4.7795143,MD,Serie A
Ndombélé Tanguy,5.06,5.02,5.06,5.06,4.5,5.0,5.0,6.0,5.0,5.0,5.5,5.0,5.0,5.0,5.0,5.5,5.0,5.0,5.0,5.0,5.06,5.06,5.06,5.5,7.0,5.0,4.0,5.06,4.5,5.06,5.5,4.0,5.06,5.06,5.06,5.5,4.0,5.0,5.0,4.5,4.74786,MD,Serie A
Vieira Ronaldo,5.1,5.0,6.0,5.5,6.0,5.0,5.5,5.0,4.5,5.5,5.0,5.1,5.1,5.0,4.5,5.1,5.1,5.5,5.0,4.0,5.1,5.1,5.1,4.5,5.0,5.5,5.0,5.1,4.5,5.1,5.0,5.0,5.5,5.1,5.0,4.5,4.0,6.0,4.0,4.5,4.731328,MD,Serie A
Colpani Andrea,5.18,5.18,5.18,4.5,6.0,5.5,5.5,4.5,5.0,5.18,5.18,5.0,5.18,5.18,6.5,5.5,6.0,5.0,5.0,4.0,5.18,5.18,5.18,5.18,5.18,5.18,5.18,5.18,5.18,5.18,5.18,5.18,5.18,5.18,5.18,5.18,5.18,5.18,5.18,4.5,4.7197223,MD,Serie A
Rabiot Adrien,5.83,5.64,5.83,5.5,5.5,7.0,5.83,5.83,5.83,5.0,5.0,6.5,8.0,5.5,6.5,6.0,7.5,5.5,6.5,3.5,5.0,5.83,5.0,5.0,6.0,5.5,4.5,7.0,5.5,4.0,6.5,6.5,5.0,6.0,6.0,6.0,5.5,5.83,4.0,4.0,4.709455,MD,Serie A
Ellertsson Mikael,4.64,4.64,5.0,5.0,4.64,4.5,5.0,5.0,4.5,3.5,4.5,4.64,4.64,4.64,4.5,5.0,4.5,4.64,4.64,4.64,4.64,4.64,4.64,4.64,4.64,4.64,4.64,4.64,4.64,4.64,4.64,4.64,4.64,4.64,4.64,4.64,4.64,4.64,4.64,4.64,4.6493344,MD,Serie A
Lukic Sasa,5.13,5.4,5.13,5.0,4.5,4.0,5.0,5.0,5.5,4.5,7.0,5.0,6.0,5.5,6.0,5.13,5.13,5.0,4.5,4.5,7.5,7.0,5.5,5.5,5.0,5.13,4.5,3.5,5.13,5.5,5.5,6.0,5.0,6.0,8.0,5.5,5.13,6.0,4.5,5.13,4.614198,MD,Serie A
Terracciano Filippo,5.0,5.0,5.0,5.5,4.5,5.0,5.0,4.5,5.0,5.0,5.0,5.0,5.0,5.0,6.0,5.0,5.0,5.0,5.0,5.0,5.0,5.0,5.0,5.0,5.0,5.0,5.0,5.0,5.0,5.0,5.0,5.0,5.0,5.0,5.0,5.0,5.0,5.0,5.0,4.5,4.6079006,MD,Serie A
Makengo Jean-Victor,5.06,5.32,4.5,5.0,6.0,5.5,5.5,5.0,5.5,5.0,5.5,5.5,4.0,5.0,5.06,5.06,5.06,4.5,5.0,4.5,7.5,5.06,4.5,5.0,6.5,3.5,5.5,5.0,5.06,5.5,4.5,7.0,6.5,6.5,5.5,5.06,6.0,4.0,7.0,5.0,4.5754275,MD,Serie A
Camara Mady,5.0,5.0,5.0,5.0,5.0,5.0,5.0,5.0,5.0,5.0,5.0,4.5,5.0,7.0,4.5,5.0,4.5,5.0,5.0,5.0,5.0,5.0,5.0,5.0,5.0,5.0,5.0,5.0,5.0,5.0,5.0,5.0,5.0,5.0,5.0,5.0,5.0,5.0,5.0,4.5,4.568842,MD,Serie A
Rincón Tomás,4.69,4.81,4.0,4.0,3.0,6.5,5.0,4.5,4.0,3.5,5.5,5.0,5.5,5.0,4.69,5.0,5.0,6.0,3.5,4.69,4.69,5.5,4.5,4.5,7.5,5.0,5.0,4.69,5.0,5.0,5.0,4.5,4.5,4.5,4.5,4.69,4.5,5.5,4.0,4.69,4.558169,MD,Serie A
Hrustic Ajdin,4.5,4.5,4.5,4.5,4.5,4.5,4.5,5.0,4.5,4.5,4.0,4.5,4.5,4.5,4.5,4.5,4.5,4.5,4.5,4.5,4.5,4.5,4.5,4.5,4.5,4.5,4.5,4.5,4.5,4.5,4.5,4.5,4.5,4.5,4.5,4.5,4.5,4.5,4.5,4.5,4.4968505,MD,Serie A
McKennie Weston,5.27,5.28,6.0,5.0,5.0,5.27,5.5,5.0,5.5,6.5,5.0,5.5,7.5,5.0,5.27,5.27,5.27,5.0,6.0,2.5,5.0,5.5,6.5,5.0,5.0,5.5,5.0,5.27,5.27,5.27,5.27,5.27,5.27,5.27,5.27,5.27,5.27,5.27,5.0,4.0,4.464809,MD,Serie A
Winks Harry,4.75,4.94,4.75,4.75,4.75,4.75,4.75,4.75,4.75,4.75,4.75,4.75,4.75,4.75,4.75,4.75,4.75,4.75,4.75,5.0,6.0,5.0,4.75,5.5,3.5,4.0,4.75,6.5,4.75,4.5,4.75,5.0,4.75,4.5,4.75,4.5,5.0,4.75,5.0,4.5,4.45031,MD,Serie A
Yepes Gerard,4.5,4.69,4.5,4.5,4.5,4.5,4.5,4.5,4.5,4.5,4.5,4.5,5.0,5.0,4.5,3.5,4.5,4.5,4.5,4.5,5.0,5.0,4.5,4.5,4.5,4.5,4.5,4.5,4.5,4.5,4.5,4.5,4.5,4.5,4.5,4.5,4.5,4.5,5.0,4.5,4.4035535,MD,Serie A
Bourabia Mehdi,5.16,5.12,6.0,4.0,5.0,5.5,4.5,5.5,5.0,4.0,5.0,5.5,6.5,4.0,5.5,5.0,6.0,6.5,5.0,5.5,5.16,5.16,5.16,5.16,5.16,5.0,5.16,5.16,4.5,5.16,5.16,5.16,5.16,5.16,5.16,5.16,5.16,5.16,5.16,4.0,4.2763395,MD,Serie A
Vilhena Tonny,4.94,4.76,4.0,5.5,8.0,5.5,6.0,4.5,4.5,3.5,6.0,4.5,5.0,5.0,4.5,4.5,4.94,4.0,6.5,3.5,4.94,4.94,4.94,7.0,4.5,5.0,3.5,6.0,4.0,4.5,5.0,4.5,4.5,4.5,4.5,4.5,5.0,5.0,5.5,4.0,4.161582,MD,Serie A
