Joueur,Note,Note 1 an,j1,j2,j3,j4,j5,j6,j7,j8,j9,j10,j11,j12,j13,j14,j15,j16,j17,j18,j20,j21,j22,j23,j24,j25,j26,j27,j28,j29,j30,j31,j32,j33,j34,j35,j36,j37,j38,j19,prediction_label,Poste,Championnat,Terrain
Dybala Paulo,6.46,5.93,5.5,7.0,6.0,8.0,4.0,7.0,6.46,6.5,7.0,6.46,6.46,6.46,6.46,6.46,6.5,6.0,4.5,8.0,5.5,7.0,7.0,5.0,6.0,6.5,5.0,6.46,6.46,6.46,6.0,5.5,5.0,4.0,6.0,4.0,7.0,4.5,4.0,8.0,7.585248,A,Serie A,A
Lookman Ademola,5.94,5.51,6.0,5.0,5.5,6.0,7.0,5.0,5.0,6.5,7.0,6.5,4.5,7.5,6.0,4.5,5.5,3.5,5.94,8.0,6.5,4.0,4.5,5.0,5.5,4.0,7.0,5.94,5.0,5.94,5.94,5.94,6.0,6.0,5.0,5.94,4.0,5.94,4.0,8.0,7.3806467,A,Serie A,A
Osimhen Victor,6.17,5.97,7.0,7.0,4.0,3.0,5.0,6.17,6.17,6.17,6.17,6.5,6.0,8.5,6.5,6.0,7.0,4.0,6.5,8.5,6.17,6.17,6.17,4.5,7.0,6.5,6.0,5.0,4.5,7.5,7.0,6.17,6.0,5.0,4.5,7.5,5.0,6.0,4.5,7.0,6.785443,A,Serie A,A
Milik Arkadiusz,5.25,5.15,5.25,5.25,4.5,6.0,6.0,2.5,5.25,7.0,5.0,4.5,4.0,5.0,5.0,4.5,7.0,6.5,4.5,5.5,5.25,5.0,5.25,8.0,6.0,3.5,4.5,3.5,7.5,5.0,5.25,5.25,5.25,5.0,5.0,3.0,5.25,5.25,6.0,6.5,6.097728,A,Serie A,A
Vlahovic Dusan,5.55,5.28,7.5,4.0,6.5,6.0,5.55,5.0,4.5,7.0,2.5,7.5,5.0,5.55,5.55,5.55,5.55,5.55,5.55,5.55,5.55,3.0,6.5,5.55,6.0,5.0,4.0,7.5,4.0,4.5,7.0,5.0,6.5,6.0,4.0,4.0,4.0,6.0,4.0,5.55,6.0761876,A,Serie A,A
Caprari Gianluca,5.03,5.53,4.5,2.5,5.5,4.0,4.0,5.0,5.5,7.0,5.0,5.0,4.0,4.5,6.0,4.0,5.5,5.0,4.5,7.5,8.0,5.0,7.5,7.0,5.03,8.0,5.03,5.03,6.5,4.0,6.0,6.0,4.5,6.0,7.0,7.0,5.0,5.5,5.0,6.5,6.0523705,A,Serie A,A
Martínez Lautaro,5.67,5.56,5.5,7.0,6.0,6.5,4.0,5.5,4.0,5.0,4.5,7.0,8.0,5.5,4.5,6.5,6.5,4.0,6.0,6.0,4.0,4.5,4.5,4.5,4.0,5.0,3.5,4.5,9.0,5.0,5.0,4.0,5.67,7.0,7.0,5.0,7.5,8.0,6.0,5.67,6.00204,A,Serie A,A
Abraham Tammy,5.42,5.47,5.5,6.0,6.0,7.0,3.0,6.0,5.0,4.5,6.0,5.5,4.0,5.5,4.5,6.0,4.5,5.0,6.0,7.0,6.0,6.5,4.5,8.0,4.5,6.0,5.42,6.0,6.5,4.0,7.5,4.5,4.5,6.0,4.0,4.0,4.0,5.5,7.5,6.0,5.812003,A,Serie A,A
Dzeko Edin,5.47,5.26,4.0,6.0,4.5,6.5,7.0,4.5,5.0,4.0,8.0,5.0,5.5,4.5,4.0,8.0,7.5,6.5,4.0,4.0,4.5,4.5,4.5,6.5,5.0,6.0,5.0,4.5,8.5,5.5,4.0,4.5,6.5,4.0,4.0,4.5,4.5,4.5,5.47,5.47,5.727149,A,Serie A,A
Rafael Leão,5.91,6.08,5.0,5.0,8.0,5.5,8.0,5.0,5.91,8.0,6.0,5.0,6.0,4.5,5.0,4.0,6.5,7.5,5.5,6.0,7.0,7.0,7.0,5.5,5.5,6.5,4.0,6.0,5.0,5.5,5.0,6.0,6.0,6.5,8.0,6.0,7.0,7.0,8.0,5.91,5.715007,A,Serie A,A
Ciurria Patrick,5.38,5.38,4.5,5.38,4.5,4.5,5.38,4.0,6.0,7.0,6.0,4.5,3.0,4.5,7.0,5.0,6.0,5.5,7.0,7.0,5.38,5.38,5.38,5.38,5.38,5.38,5.38,5.38,5.38,5.38,5.38,5.38,5.38,5.38,5.38,5.38,5.38,5.38,5.38,5.5,5.5304646,A,Serie A,A
Sottil Riccardo,5.5,4.92,7.0,4.5,6.0,5.0,6.0,4.0,6.0,5.5,5.5,5.5,5.5,5.5,5.5,5.5,5.5,5.5,5.5,5.5,4.5,5.5,5.5,6.0,4.0,4.5,5.5,4.0,5.0,4.0,5.5,4.5,5.5,4.0,5.5,4.0,5.5,5.5,5.5,5.5,5.5032134,A,Serie A,A
Immobile Ciro,5.5,5.74,7.0,4.5,6.0,6.0,3.5,6.0,8.0,4.0,8.0,4.5,5.5,5.5,5.5,4.5,5.5,6.0,4.5,4.5,6.0,6.0,8.0,4.5,7.0,6.0,5.5,4.5,6.5,5.5,4.0,4.5,9.0,6.0,6.0,6.0,5.5,5.5,5.5,5.5,5.4583354,A,Serie A,A
Vlasic Nikola,5.53,5.35,5.0,6.0,7.0,7.0,6.0,5.5,5.5,4.5,4.5,5.5,5.5,5.0,5.0,7.0,5.0,5.0,6.0,4.5,6.5,4.5,5.53,5.53,5.53,5.0,5.0,5.0,5.0,5.53,4.5,5.53,5.0,5.0,5.53,5.53,5.0,5.53,5.53,5.5,5.454952,A,Serie A,A
Djuric Milan,4.73,5.11,4.5,4.5,4.0,4.73,4.73,4.73,4.5,4.0,4.0,5.0,4.0,4.5,4.73,4.5,4.5,6.5,6.0,4.5,5.0,6.0,4.73,4.73,4.73,6.0,7.0,5.0,3.5,7.5,5.0,5.0,4.5,5.5,7.0,6.0,5.0,6.0,3.5,6.0,5.3935895,A,Serie A,A
Lozano Hirving,5.33,5.38,7.0,5.5,4.5,5.0,5.0,4.5,5.33,5.0,6.0,6.5,5.0,6.0,4.5,6.5,6.0,4.5,4.5,4.5,5.33,5.33,5.33,4.0,5.33,5.33,5.33,5.33,4.5,5.0,5.33,6.0,4.0,6.0,7.0,7.0,5.0,6.0,5.33,5.5,5.388681,A,Serie A,A
González Nicolás,4.89,5.11,4.5,5.0,4.89,4.89,4.89,4.89,6.0,4.89,4.0,5.0,4.5,4.89,4.89,4.89,4.89,4.89,5.0,5.0,3.5,4.0,6.0,5.5,4.0,6.0,6.5,4.0,4.0,5.0,6.0,7.0,7.5,4.5,4.5,4.0,6.5,4.5,6.0,5.0,5.3721976,A,Serie A,A
Pedro,5.03,5.0,5.03,4.5,7.0,5.0,4.5,5.03,6.5,4.5,4.5,5.0,6.0,4.5,5.0,6.0,4.0,4.0,4.0,5.5,3.5,4.5,6.0,5.03,4.0,5.5,4.0,7.0,4.5,5.03,4.0,5.03,5.0,5.03,5.03,5.03,5.03,4.5,7.0,5.03,5.3117275,A,Serie A,A
Antiste Janis,5.25,4.7,5.25,5.25,5.25,5.25,5.25,5.25,5.25,6.0,4.5,5.25,5.25,5.25,5.25,5.25,5.25,5.25,5.25,5.25,4.5,5.25,5.25,4.5,5.25,5.25,5.25,5.25,5.25,5.25,5.25,5.25,5.25,4.5,5.0,4.5,4.5,4.5,4.5,5.25,5.195689,A,Serie A,A
Rebic Ante,5.15,4.88,7.5,4.0,5.15,5.15,5.15,5.15,5.15,7.0,5.0,6.0,4.5,5.0,4.0,4.5,4.0,5.15,5.15,5.15,5.15,4.5,5.0,4.5,5.15,5.0,6.0,4.0,4.5,4.5,5.0,5.0,5.15,4.5,5.0,4.0,5.0,4.0,5.15,5.15,5.1898437,A,Serie A,A
Deulofeu Gerard,5.53,5.47,5.0,5.0,6.0,6.5,6.0,6.0,7.5,6.0,6.5,5.0,6.5,5.0,4.0,4.5,4.0,5.53,5.53,5.53,7.0,3.5,4.5,4.0,5.53,4.5,6.5,4.5,7.5,4.5,6.5,5.53,6.0,7.0,6.0,4.5,5.0,5.0,6.0,5.0,5.157687,A,Serie A,A
Pinamonti Andrea,4.79,4.86,5.0,5.5,6.5,4.5,5.0,5.0,4.5,5.5,4.0,3.0,4.5,4.0,4.5,6.0,4.0,5.0,5.0,4.79,4.5,4.0,5.0,6.0,4.5,6.5,4.5,4.0,4.5,3.0,6.0,4.0,5.0,5.0,8.0,3.5,6.0,4.5,4.79,4.79,5.1496844,A,Serie A,A
Defrel Gregoire,4.56,4.73,4.5,4.5,4.5,4.5,4.56,4.56,4.56,4.56,4.56,4.56,4.56,4.56,4.56,4.56,4.56,4.5,4.5,4.5,4.0,4.5,6.0,4.5,5.0,4.5,5.0,6.0,4.56,4.0,6.0,5.0,5.0,4.0,4.5,5.0,4.5,4.5,4.5,5.0,5.122633,A,Serie A,A
Giroud Olivier,5.16,5.27,4.5,5.0,6.5,4.0,7.0,6.0,7.0,5.0,6.0,4.5,5.16,4.0,3.5,5.16,5.0,4.5,5.0,5.0,7.0,4.5,5.0,5.0,7.5,5.0,4.5,4.0,6.0,6.0,6.0,5.0,5.0,4.0,6.0,5.0,4.5,4.0,8.0,5.16,5.10839,A,Serie A,A
Arthur Cabral,4.86,4.75,4.86,4.5,4.86,3.5,4.5,4.5,4.0,4.5,4.86,5.5,5.5,6.5,5.0,4.0,5.0,6.5,4.5,4.86,3.5,4.86,4.86,4.86,3.0,5.0,4.86,6.5,4.86,4.0,4.5,4.5,6.5,6.0,3.5,5.0,5.0,3.5,4.5,4.86,5.0957446,A,Serie A,A
Verdi Simone,5.25,5.33,5.25,5.25,5.25,5.25,5.25,5.25,6.0,5.0,5.5,4.5,4.5,5.25,4.5,5.0,7.0,5.0,5.5,5.25,7.0,5.25,5.25,5.25,5.25,5.5,5.25,5.5,4.5,4.5,5.0,5.5,5.0,5.25,5.0,5.0,6.0,5.5,5.0,5.25,5.0589385,A,Serie A,A
Buonaiuto Cristian,5.07,5.07,5.5,5.0,5.5,5.07,5.0,5.07,5.07,5.0,4.5,5.07,5.0,6.0,5.5,5.5,5.0,4.5,4.5,4.5,5.07,5.07,5.07,5.07,5.07,5.07,5.07,5.07,5.07,5.07,5.07,5.07,5.07,5.07,5.07,5.07,5.07,5.07,5.07,5.07,5.052897,A,Serie A,A
Soulé Matìas,5.06,5.06,5.0,5.06,5.06,5.06,5.06,5.0,5.0,5.06,5.0,5.06,5.06,5.5,5.06,5.06,5.06,5.0,5.0,5.0,5.06,5.06,5.06,5.06,5.06,5.06,5.06,5.06,5.06,5.06,5.06,5.06,5.06,5.06,5.06,5.06,5.06,5.06,5.06,5.06,5.036573,A,Serie A,A
Piatek Krzysztof,4.67,4.81,4.67,4.67,4.67,4.67,5.0,5.5,4.0,2.5,6.5,4.0,4.5,5.5,6.0,5.0,4.0,4.5,4.0,4.0,4.0,4.67,4.67,6.0,4.5,6.0,6.0,3.5,6.0,4.5,4.5,4.67,4.67,4.5,4.5,4.67,4.5,5.0,6.0,5.0,4.9834924,A,Serie A,A
Dany Mota,4.85,4.85,6.5,4.85,4.85,4.5,4.0,3.5,4.5,4.5,4.0,4.85,4.0,4.85,5.0,4.85,7.5,5.0,5.0,4.85,4.85,4.85,4.85,4.85,4.85,4.85,4.85,4.85,4.85,4.85,4.85,4.85,4.85,4.85,4.85,4.85,4.85,4.85,4.85,5.0,4.982184,A,Serie A,A
Kouamé Christian,5.22,5.22,6.0,5.22,4.5,4.5,7.0,4.0,5.5,3.5,5.0,7.0,5.5,5.5,6.0,5.0,4.0,5.5,5.5,5.0,5.22,5.22,5.22,5.22,5.22,5.22,5.22,5.22,5.22,5.22,5.22,5.22,5.22,5.22,5.22,5.22,5.22,5.22,5.22,5.0,4.9722724,A,Serie A,A
Okereke David,4.81,4.72,6.0,4.0,4.0,6.5,4.5,4.5,4.0,5.5,4.5,5.5,5.0,4.5,6.0,4.5,4.5,4.0,4.5,4.5,4.5,3.5,6.5,4.0,4.0,5.0,4.81,4.81,4.81,4.81,4.5,4.0,4.5,4.0,4.0,4.0,5.0,7.0,4.81,4.81,4.968438,A,Serie A,A
Zapata Duván,4.79,4.84,5.0,4.5,5.0,4.0,4.79,4.79,4.79,4.79,4.79,4.79,4.5,4.5,4.0,6.0,5.5,4.5,4.5,5.5,4.0,4.79,4.79,4.79,4.79,4.79,4.79,4.79,4.79,4.79,4.79,4.79,5.0,4.0,7.0,3.5,4.79,4.5,6.5,4.79,4.959706,A,Serie A,A
Berardi Domenico,4.95,5.62,4.5,6.5,5.0,3.5,4.95,4.95,4.95,4.95,4.95,5.0,4.95,4.95,4.95,4.5,4.0,5.0,6.0,5.0,7.0,9.0,4.95,6.0,5.0,5.0,6.5,7.5,4.95,5.5,8.0,4.95,5.0,4.95,6.0,4.0,6.0,7.5,3.5,5.5,4.9580045,A,Serie A,A
Arnautovic Marko,5.25,5.39,6.0,6.0,3.5,5.5,8.0,7.0,4.0,3.5,4.0,5.25,6.0,5.25,5.0,4.5,6.5,4.0,5.25,5.25,7.0,5.25,5.25,4.0,5.0,3.5,8.0,6.5,5.25,4.0,4.0,4.5,8.5,6.5,5.25,4.5,6.5,5.0,5.25,5.25,4.9574866,A,Serie A,A
Barrow Musa,5.25,5.18,4.0,5.25,4.0,5.25,5.0,7.0,6.0,5.25,5.25,7.0,6.5,5.5,5.5,3.5,4.5,5.25,5.25,4.5,6.0,5.25,5.25,5.25,5.0,5.0,7.0,4.5,4.0,4.5,4.5,4.0,5.0,4.5,5.0,5.0,6.0,5.0,7.0,5.25,4.941173,A,Serie A,A
Correa Joaquín,4.87,4.78,4.5,6.0,4.0,6.5,5.5,4.5,4.5,4.5,4.87,4.5,5.0,6.5,5.0,4.87,4.0,4.0,4.87,4.0,4.0,4.5,4.5,4.87,4.87,4.87,4.87,4.87,4.5,4.0,4.0,4.0,4.5,5.0,4.5,4.5,5.5,4.5,7.5,4.87,4.87548,A,Serie A,A
MBala Nzola,4.92,4.77,6.0,3.0,5.0,4.0,4.0,4.5,7.0,3.5,3.5,6.0,4.0,5.5,4.0,4.0,7.5,7.5,4.0,5.5,4.92,4.92,4.92,4.5,4.92,4.0,4.0,5.0,4.92,4.92,4.92,4.92,4.5,4.0,4.92,4.92,4.92,4.92,4.92,4.92,4.840149,A,Serie A,A
Seck Demba,4.88,4.43,4.88,5.0,4.88,5.5,4.88,5.0,5.0,4.88,4.88,4.88,4.88,4.88,4.5,4.5,4.88,4.88,4.88,4.5,4.5,4.88,4.88,4.88,4.88,4.88,4.88,4.88,4.88,4.88,4.88,4.88,4.5,4.88,5.5,4.5,4.88,4.88,4.0,5.0,4.8139086,A,Serie A,A
Ciofani Daniel,4.77,4.77,4.77,4.5,4.5,4.77,4.5,4.5,4.77,6.0,4.5,5.0,4.0,4.5,5.0,4.0,4.5,4.5,5.0,6.5,4.77,4.77,4.77,4.77,4.77,4.77,4.77,4.77,4.77,4.77,4.77,4.77,4.77,4.77,4.77,4.77,4.77,4.77,4.77,4.77,4.806683,A,Serie A,A
Satriano Martín,4.66,4.77,4.5,4.5,4.5,5.0,6.0,4.0,5.0,3.5,4.66,5.0,4.0,4.66,5.5,4.0,5.0,4.5,4.5,5.0,4.66,4.66,4.5,4.5,7.5,6.0,5.0,5.0,3.0,4.5,6.0,5.0,4.66,4.0,4.5,6.0,4.0,4.0,4.66,4.66,4.7875915,A,Serie A,A
Lukaku Romelu,4.92,5.03,6.0,6.0,4.0,4.92,4.92,4.92,4.92,4.92,4.92,4.92,4.92,4.5,4.92,4.92,4.92,5.0,4.0,4.92,6.0,4.92,3.5,5.0,5.0,4.0,4.5,4.0,4.92,4.0,4.92,4.5,4.92,6.5,5.5,4.92,7.5,4.0,4.92,4.92,4.762183,A,Serie A,A
Zirkzee Joshua,4.83,4.83,4.83,4.83,4.83,4.83,4.0,4.83,4.5,4.83,4.0,6.0,4.83,6.0,4.83,4.5,4.83,4.83,4.83,4.83,4.83,4.83,4.83,4.83,4.83,4.83,4.83,4.83,4.83,4.83,4.83,4.83,4.83,4.83,4.83,4.83,4.83,4.83,4.83,4.83,4.7565484,A,Serie A,A
Success Isaac,4.61,4.77,4.0,4.5,4.0,4.5,4.5,5.0,4.5,4.5,5.0,4.0,4.5,4.5,5.5,5.0,5.0,4.5,3.5,5.5,5.0,6.0,5.0,4.5,5.0,3.0,4.5,4.0,4.61,4.61,4.61,6.5,5.0,5.0,7.5,4.5,4.61,4.61,4.61,5.0,4.7490115,A,Serie A,A
Assan Ceesay,4.76,4.76,6.5,4.5,4.5,4.0,4.5,5.0,6.5,4.5,5.5,6.0,4.0,4.0,4.0,4.5,4.5,4.0,4.5,4.76,4.76,4.76,4.76,4.76,4.76,4.76,4.76,4.76,4.76,4.76,4.76,4.76,4.76,4.76,4.76,4.76,4.76,4.76,4.76,4.76,4.7432275,A,Serie A,A
Petagna Andrea,4.5,4.67,4.0,3.0,4.5,4.0,5.0,4.5,4.5,4.5,4.5,4.5,4.5,5.0,5.5,4.0,4.0,4.0,4.5,6.0,4.5,6.5,4.5,4.5,6.0,4.5,3.5,4.5,4.5,4.5,4.5,4.5,4.5,4.5,4.5,4.5,4.0,4.5,6.0,5.0,4.7405014,A,Serie A,A
Kean Moise,4.97,4.74,4.97,4.5,4.5,5.0,4.5,4.0,4.0,4.5,5.0,5.0,6.5,5.0,4.97,6.0,8.0,5.0,4.0,4.5,4.5,4.0,4.5,4.0,4.5,4.5,4.0,6.0,4.5,6.0,4.5,4.0,4.0,4.5,6.0,4.5,4.5,4.5,3.0,4.5,4.7165833,A,Serie A,A
Orsolini Riccardo,4.83,4.82,4.83,4.0,4.83,4.5,5.0,4.5,4.5,4.0,5.5,4.83,5.0,6.5,6.0,4.0,4.0,4.5,6.5,4.0,4.5,4.83,4.83,6.0,4.5,3.5,5.0,4.0,5.0,5.0,5.0,3.5,4.83,5.0,6.0,4.0,6.0,5.0,4.83,4.83,4.709652,A,Serie A,A
Tsadjout Frank,4.7,4.7,4.7,4.5,4.7,4.7,4.0,4.7,4.7,4.7,4.7,4.7,4.7,4.7,5.0,4.7,4.7,4.7,5.0,5.0,4.7,4.7,4.7,4.7,4.7,4.7,4.7,4.7,4.7,4.7,4.7,4.7,4.7,4.7,4.7,4.7,4.7,4.7,4.7,4.7,4.694036,A,Serie A,A
Caputo Francesco,4.58,4.9,4.0,4.5,5.0,4.5,6.0,4.0,4.0,4.0,5.0,4.0,4.5,3.5,4.5,4.0,4.5,5.5,6.0,5.0,4.5,5.0,6.0,4.0,8.0,4.0,5.5,4.58,6.0,5.0,8.0,5.0,4.5,6.0,6.0,4.5,4.0,5.0,3.0,4.58,4.6853514,A,Serie A,A
Pussetto Ignacio,4.7,4.7,4.7,4.7,4.7,4.7,4.5,4.7,4.7,4.0,4.7,4.5,5.5,5.0,4.7,4.7,4.7,4.7,4.7,4.7,5.0,3.5,4.5,4.7,6.0,4.5,4.7,4.7,4.0,4.5,4.5,6.0,4.7,6.5,4.0,6.0,5.0,3.0,4.7,4.7,4.6729565,A,Serie A,A
Pellegri Pietro,4.55,4.55,4.55,4.0,4.5,4.5,4.5,4.5,4.5,4.55,4.5,4.5,6.0,4.0,4.5,4.55,4.55,4.55,4.55,4.55,4.0,4.55,4.55,4.55,4.5,4.55,4.55,4.0,4.55,4.55,4.55,4.55,5.0,6.0,4.55,4.5,4.5,4.0,4.5,4.55,4.6709576,A,Serie A,A
Origi Divock,4.68,4.75,4.0,5.0,4.68,4.68,4.5,4.68,4.68,4.68,4.5,5.0,7.0,4.0,4.5,4.0,4.5,4.68,4.68,4.5,4.68,4.68,4.68,4.68,4.68,4.68,4.68,4.68,4.68,4.68,4.68,4.68,4.68,4.68,6.0,4.68,4.68,4.5,4.68,4.68,4.6634016,A,Serie A,A
Verde Daniele,4.78,5.3,5.0,4.78,4.5,4.78,4.78,4.78,4.78,4.78,5.0,5.0,4.5,4.78,5.0,4.5,5.0,4.78,4.78,4.78,4.5,4.78,6.0,7.5,4.78,5.5,5.0,4.5,6.0,5.5,5.5,4.5,4.5,5.0,4.78,6.0,6.5,7.0,6.0,4.5,4.6502137,A,Serie A,A
Kallon Yayah,4.88,4.81,4.88,4.88,4.88,6.0,5.0,4.5,4.0,4.5,4.5,5.0,4.0,5.0,5.5,4.5,5.0,5.5,6.0,4.5,4.88,4.88,4.88,4.88,4.88,4.88,4.88,4.5,4.88,4.0,4.88,4.88,4.88,4.88,4.88,4.88,4.88,4.88,4.88,4.5,4.6336474,A,Serie A,A
Lammers Sam,4.67,4.67,5.0,4.5,4.5,5.0,6.5,4.5,4.0,4.5,4.5,4.0,4.5,4.67,5.0,5.0,4.5,4.5,5.0,4.0,4.67,4.67,4.67,4.67,4.67,4.67,4.67,4.67,4.67,4.67,4.67,4.67,4.67,4.67,4.67,4.67,4.67,4.67,4.67,4.5,4.61018,A,Serie A,A
Dia Boulaye,5.11,4.91,5.11,4.0,8.0,6.0,7.0,5.0,3.5,3.0,6.0,4.5,5.0,6.0,4.0,6.0,3.5,5.0,5.0,6.0,5.11,5.11,5.11,5.11,4.5,5.11,6.0,4.5,4.5,4.0,5.11,5.11,5.11,4.0,4.5,4.0,5.5,4.0,5.11,4.5,4.5720344,A,Serie A,A
Botheim Erik,4.63,4.63,4.5,4.5,6.0,4.5,4.5,4.5,4.5,4.0,6.0,4.63,5.0,4.5,4.5,4.5,4.0,4.63,4.0,4.63,4.63,4.63,4.63,4.63,4.63,4.63,4.63,4.63,4.63,4.63,4.63,4.63,4.63,4.63,4.63,4.63,4.63,4.63,4.63,4.63,4.5697722,A,Serie A,A
Cancellieri Matteo,4.43,4.53,4.5,4.5,4.5,5.0,4.5,5.0,4.43,4.43,4.0,4.5,4.0,4.5,4.5,4.5,4.0,4.0,4.43,4.43,4.43,4.43,4.43,4.43,4.43,4.43,4.43,4.43,4.43,4.5,6.0,4.43,4.5,4.43,4.43,4.43,4.43,4.5,4.43,4.43,4.5566545,A,Serie A,A
Højlund Rasmus,5.13,5.13,5.13,5.13,5.13,4.5,7.0,4.5,5.5,4.0,4.5,4.5,5.13,6.0,3.5,4.5,4.5,5.5,6.5,7.5,5.13,5.13,5.13,5.13,5.13,5.13,5.13,5.13,5.13,5.13,5.13,5.13,5.13,5.13,5.13,5.13,5.13,5.13,5.13,4.5,4.5494595,A,Serie A,A
Raspadori Giacomo,4.82,5.1,4.0,4.82,5.0,4.5,5.0,6.5,4.5,4.5,5.5,4.5,4.82,4.5,4.82,5.5,4.82,4.5,5.0,4.0,5.5,8.5,5.0,6.5,3.5,4.82,7.0,5.5,4.82,3.5,4.82,4.5,5.5,5.5,6.5,3.5,6.0,5.0,4.0,4.82,4.5165696,A,Serie A,A
Ekong Emmanuel,4.5,4.5,4.5,4.5,4.5,4.5,4.5,4.5,4.5,4.5,4.5,4.5,4.5,4.5,4.5,4.5,4.5,4.5,4.5,4.5,4.5,4.5,4.5,4.5,4.5,4.5,4.5,4.5,4.5,4.5,4.5,4.5,4.5,4.5,4.5,4.5,4.5,4.5,4.5,4.5,4.490743,A,Serie A,A
Leandro Sanca,4.5,4.5,4.5,4.5,4.5,4.5,4.5,4.5,4.5,4.5,4.5,4.5,4.5,4.5,4.5,4.5,4.5,4.5,4.5,4.5,4.5,4.5,4.5,4.5,4.5,4.5,4.5,4.5,4.5,4.5,4.5,4.5,4.5,4.5,4.5,4.5,4.5,4.5,4.5,4.5,4.490743,A,Serie A,A
De Luca Manuel,4.5,4.5,4.5,4.5,4.5,4.5,4.5,4.5,4.5,4.5,4.5,4.5,4.5,4.5,4.5,4.5,4.5,4.5,4.5,4.5,4.5,4.5,4.5,4.5,4.5,4.5,4.5,4.5,4.5,4.5,4.5,4.5,4.5,4.5,4.5,4.5,4.5,4.5,4.5,4.5,4.490743,A,Serie A,A
Voelkerling Persson Joel,4.5,4.5,4.5,4.5,4.5,4.5,4.5,4.5,4.5,4.5,4.5,4.5,4.5,4.5,4.5,4.5,4.5,4.5,4.5,4.5,4.5,4.5,4.5,4.5,4.5,4.5,4.5,4.5,4.5,4.5,4.5,4.5,4.5,4.5,4.5,4.5,4.5,4.5,4.5,4.5,4.490743,A,Serie A,A
Simeone Giovanni,4.8,4.6,4.8,4.8,4.5,4.5,4.8,5.0,6.0,4.0,6.0,4.8,4.8,4.8,4.5,4.5,4.8,4.5,4.8,4.8,5.0,4.0,5.0,4.0,4.8,4.5,4.8,4.8,4.0,3.5,2.5,6.0,4.5,6.0,4.0,5.0,3.5,4.0,6.0,4.5,4.4718657,A,Serie A,A
Belotti Andrea,4.37,4.66,4.37,4.37,4.37,4.0,4.0,4.5,5.0,5.0,5.0,4.0,4.0,5.0,4.5,4.0,3.0,4.37,4.5,4.5,4.37,4.37,4.37,4.37,4.37,5.0,6.5,6.0,4.5,5.0,4.0,6.0,4.0,4.0,4.37,7.5,4.5,5.0,3.0,4.5,4.4679337,A,Serie A,A
Valencia Diego,4.45,4.45,4.5,4.5,4.0,5.0,4.45,4.45,4.5,4.45,4.45,4.0,4.45,4.45,4.45,4.45,4.5,4.5,4.5,4.45,4.45,4.45,4.45,4.45,4.45,4.45,4.45,4.45,4.45,4.45,4.45,4.45,4.45,4.45,4.45,4.45,4.45,4.45,4.45,4.5,4.4666843,A,Serie A,A
Gytkjær Christian,4.46,4.46,4.5,4.5,4.0,4.46,4.5,4.46,6.0,4.0,5.0,4.5,4.0,4.0,4.46,4.5,4.46,4.46,4.5,4.0,4.46,4.46,4.46,4.46,4.46,4.46,4.46,4.46,4.46,4.46,4.46,4.46,4.46,4.46,4.46,4.46,4.46,4.46,4.46,4.5,4.456686,A,Serie A,A
Dessers Cyriel,4.44,4.44,5.0,5.0,4.5,4.0,4.0,4.5,3.0,4.5,5.5,6.0,2.5,4.0,4.44,4.44,4.5,4.0,4.0,6.0,4.44,4.44,4.44,4.44,4.44,4.44,4.44,4.44,4.44,4.44,4.44,4.44,4.44,4.44,4.44,4.44,4.44,4.44,4.44,4.44,4.455483,A,Serie A,A
Bonazzoli Federico,4.75,5.06,4.5,4.5,7.0,4.0,4.0,4.5,4.5,5.0,5.5,4.5,4.0,4.5,4.5,4.0,4.75,6.0,5.5,4.5,5.5,5.0,4.0,6.0,4.75,6.5,7.0,4.75,4.75,7.0,5.0,5.5,4.75,4.5,6.0,4.0,4.5,7.0,4.0,4.5,4.414334,A,Serie A,A
Chiesa Federico,4.75,5.06,4.75,4.75,4.75,4.75,4.75,4.75,4.75,4.75,4.75,4.75,4.75,4.75,4.5,4.75,6.0,4.5,6.0,3.0,7.0,5.0,4.75,4.75,4.75,4.75,4.75,4.75,4.75,4.75,4.75,4.75,4.75,4.75,4.75,4.75,4.75,4.75,4.75,4.5,4.4044724,A,Serie A,A
Quagliarella Fabio,4.5,4.66,4.5,4.5,4.5,5.0,4.5,4.5,4.5,4.0,4.5,4.5,4.5,4.5,4.5,4.5,4.5,4.5,4.5,4.5,4.5,5.0,4.5,4.5,4.5,4.5,7.5,4.5,4.0,4.0,4.5,4.0,5.0,4.0,4.5,4.5,4.5,7.0,4.5,4.5,4.3821425,A,Serie A,A
Karamoh Yann,4.36,4.36,4.36,4.36,4.36,4.36,4.36,4.36,4.36,4.5,4.5,4.5,4.5,4.0,4.0,4.36,4.36,4.36,4.36,4.5,4.36,4.36,4.36,4.36,4.36,4.36,4.36,4.36,4.36,4.36,4.36,4.36,4.36,4.36,4.36,4.36,4.36,4.36,4.36,4.36,4.372525,A,Serie A,A
Lasagna Kevin,4.6,4.74,5.0,4.0,4.0,4.5,5.0,4.0,4.0,4.5,4.6,4.6,4.5,4.0,5.0,5.5,6.0,4.6,4.6,4.5,6.0,5.0,4.0,5.5,4.0,4.5,4.6,4.6,5.5,4.6,4.6,4.6,5.0,5.0,4.0,5.0,4.5,4.5,6.0,4.5,4.3423567,A,Serie A,A
Strelec David,4.36,4.39,4.0,4.0,4.0,4.5,4.36,4.36,4.36,4.36,4.36,4.36,4.5,5.0,4.5,4.36,4.36,4.36,4.36,4.36,4.5,4.36,4.36,4.36,4.36,4.36,4.36,4.36,4.36,4.36,4.36,4.36,4.36,4.36,4.5,4.36,4.36,4.36,4.36,4.36,4.336569,A,Serie A,A
Afena-Gyan Felix,4.33,4.38,4.33,4.33,4.33,4.33,4.33,4.0,4.33,4.5,5.0,4.5,4.0,4.33,4.5,3.5,4.33,4.5,4.5,4.33,4.5,4.5,4.5,4.5,4.5,4.0,4.33,4.33,4.5,4.0,4.33,4.33,5.0,4.5,4.33,4.0,4.33,4.33,4.33,4.33,4.284515,A,Serie A,A
Piccoli Roberto,4.42,4.19,4.5,4.42,4.42,4.42,4.42,4.42,4.42,3.5,4.42,5.0,5.0,4.42,4.42,4.42,4.42,4.42,4.0,4.5,4.42,4.42,4.5,4.0,4.5,4.0,4.42,4.42,4.42,4.42,4.42,4.0,4.0,3.0,4.42,4.42,4.42,4.42,4.42,4.42,4.27077,A,Serie A,A
Di Francesco Federico,4.92,4.77,5.5,4.5,4.5,5.5,4.0,3.5,5.0,4.5,5.0,4.0,4.0,4.5,4.5,7.0,5.0,7.0,5.0,6.0,8.0,4.0,4.92,4.92,4.5,4.92,4.5,4.0,4.92,4.0,5.5,4.0,3.5,4.92,4.0,4.0,4.5,4.92,4.5,4.5,4.248594,A,Serie A,A
Agustín Álvarez Martínez,4.61,4.61,4.61,4.61,4.61,4.0,5.0,4.5,6.0,6.5,4.0,4.5,4.61,4.5,4.5,4.61,4.5,4.5,4.0,4.0,4.61,4.61,4.61,4.61,4.61,4.61,4.61,4.61,4.61,4.61,4.61,4.61,4.61,4.61,4.61,4.61,4.61,4.61,4.61,4.0,4.243588,A,Serie A,A
Destro Mattia,4.3,4.38,3.5,5.0,4.5,4.5,4.3,4.3,4.3,4.5,6.0,4.5,3.0,3.0,4.5,4.3,4.3,4.3,4.3,4.3,6.0,4.3,2.5,3.5,3.5,6.5,4.5,4.3,4.0,5.0,5.5,4.0,4.3,4.0,5.0,4.0,4.0,4.5,4.3,4.3,4.2411933,A,Serie A,A
Montevago Daniele,4.25,4.25,4.25,4.25,4.25,4.25,4.25,4.25,4.25,4.25,4.25,4.25,4.25,4.5,4.5,3.5,4.5,4.0,4.5,4.25,4.25,4.25,4.25,4.25,4.25,4.25,4.25,4.25,4.25,4.25,4.25,4.25,4.25,4.25,4.25,4.25,4.25,4.25,4.25,4.25,4.212565,A,Serie A,A
Nestorovski Ilija,4.7,4.75,4.7,4.7,6.0,4.7,4.7,4.5,4.7,4.5,4.7,4.7,4.5,4.7,4.7,4.5,6.0,4.0,4.5,4.5,4.5,4.7,4.7,4.7,4.7,4.7,4.7,4.7,4.7,4.7,4.7,4.0,4.7,4.5,4.7,4.7,4.0,4.5,7.5,4.0,4.1916356,A,Serie A,A
Beto,5.03,4.89,4.0,4.5,6.5,6.5,4.5,7.5,5.0,6.5,4.0,4.0,5.0,4.0,6.0,4.5,4.5,4.0,4.0,6.5,5.03,6.0,4.0,3.0,5.0,4.5,4.0,4.5,4.5,4.0,3.5,9.0,4.0,5.03,5.03,5.03,5.03,5.03,5.03,4.0,4.1714945,A,Serie A,A
Jovic Luka,4.68,4.67,7.0,4.5,4.5,4.5,3.0,4.0,4.68,5.0,3.0,4.0,6.0,5.5,4.5,6.0,4.5,4.5,4.68,5.0,4.68,4.68,4.5,4.68,4.0,4.68,4.68,4.68,4.68,4.68,4.68,4.68,4.68,4.68,4.68,4.0,6.0,4.68,4.68,4.0,4.163393,A,Serie A,A
Gyasi Emmanuel,4.53,4.73,5.5,3.5,4.0,4.0,5.5,5.0,5.0,3.0,4.0,5.0,4.0,4.0,4.53,4.53,4.5,6.0,5.0,5.0,4.0,4.53,7.0,5.5,4.53,4.5,5.0,4.5,4.5,5.0,3.0,6.0,5.0,5.0,4.5,5.0,3.5,7.0,4.53,4.0,4.120453,A,Serie A,A
Shomurodov Eldor,4.08,4.63,4.08,4.08,4.08,4.08,4.0,4.08,4.0,4.08,4.0,4.08,4.5,4.0,4.08,4.0,4.08,4.08,4.08,4.08,4.5,4.5,5.0,4.08,4.08,5.0,4.08,4.0,4.08,5.0,4.08,4.5,5.0,4.08,5.5,4.5,4.5,6.5,5.0,4.08,4.098226,A,Serie A,A
Ceïde Emil,4.58,4.5,4.5,4.58,4.5,4.58,4.58,4.58,4.5,6.0,4.0,4.58,4.5,5.0,4.5,4.58,4.58,4.5,4.5,4.5,4.58,4.58,4.58,4.58,4.5,4.0,4.58,4.58,4.58,4.58,4.5,4.58,4.58,4.0,4.58,4.58,4.58,4.5,4.58,4.0,4.079919,A,Serie A,A
Gabbiadini Manolo,4.74,4.89,4.74,4.74,4.5,6.0,4.0,5.0,5.0,3.5,5.0,4.0,5.5,3.5,4.5,4.5,4.5,7.0,5.5,4.5,6.0,5.0,6.0,4.0,6.0,4.74,4.74,4.74,4.74,4.74,4.74,4.74,4.74,4.74,4.74,4.74,4.74,4.74,4.74,4.0,4.029346,A,Serie A,A
Muriel Luis,4.82,5.34,4.0,5.0,5.0,4.82,4.82,4.0,4.0,6.0,7.0,5.0,4.0,4.82,4.82,4.82,4.82,4.5,4.82,4.82,8.5,7.5,5.0,4.82,4.82,4.5,4.82,4.82,4.0,5.0,5.0,5.0,6.5,5.0,8.0,5.5,7.0,4.0,4.82,4.5,3.9898462,A,Serie A,A
Lazetic Marko,4.0,4.0,4.0,4.0,4.0,4.0,4.0,4.0,4.0,4.0,4.0,4.0,4.0,4.0,4.0,4.0,4.0,4.0,4.0,4.0,4.0,4.0,4.0,4.0,4.0,4.0,4.0,4.0,4.0,4.0,4.0,4.0,4.0,4.0,4.0,4.0,4.0,4.0,4.0,4.0,3.9776874,A,Serie A,A
Kristoffersen Julian,4.0,4.0,4.0,4.0,4.0,4.0,4.0,4.0,4.0,4.0,4.0,4.0,4.0,4.0,4.0,4.0,4.0,4.0,4.0,4.0,4.0,4.0,4.0,4.0,4.0,4.0,4.0,4.0,4.0,4.0,4.0,4.0,4.0,4.0,4.0,4.0,4.0,4.0,4.0,4.0,3.9776874,A,Serie A,A
Henry Thomas,4.38,4.66,6.0,6.5,4.0,4.0,6.0,4.0,3.5,4.0,4.0,3.5,4.5,3.0,3.5,5.0,4.5,4.38,4.38,4.38,6.0,4.5,4.5,6.0,4.5,3.5,6.0,4.38,4.38,4.38,4.0,4.38,6.5,4.5,3.5,4.0,7.5,4.38,4.38,4.0,3.8689191,A,Serie A,A
Sanabria Antonio,4.82,4.92,7.5,4.5,5.0,4.0,5.0,4.0,4.5,6.0,4.5,4.82,4.82,4.82,4.82,4.82,3.5,4.5,6.5,4.0,7.0,7.0,5.0,6.0,3.5,3.5,4.5,4.5,4.0,4.5,4.82,4.82,4.82,4.82,6.0,4.82,4.82,4.82,4.82,4.0,3.7495947,A,Serie A,A
Colombo Lorenzo,4.79,4.79,4.0,4.0,4.5,5.5,4.5,4.5,4.79,4.5,4.5,4.79,4.5,4.5,6.5,4.5,7.0,6.5,4.0,5.0,4.79,4.79,4.79,4.79,4.79,4.79,4.79,4.79,4.79,4.79,4.79,4.79,4.79,4.79,4.79,4.79,4.79,4.79,4.79,3.0,3.341488,A,Serie A,A
