Joueur,Note,Note 1 an,j1,j2,j3,j4,j5,j6,j7,j8,j9,j10,j11,j12,j13,j14,j15,j16,j17,j18,j20,j21,j22,j23,j24,j25,j26,j27,j28,j29,j30,j31,j32,j33,j34,j35,j36,j37,j38,j19,prediction_label,Poste,Championnat,Terrain
March Solly,5.53,5.31,5.5,5.5,6.0,5.5,3.5,5.5,5.53,5.53,5.0,5.0,5.0,5.0,4.5,6.0,6.0,4.5,8.0,3.5,8.0,5.0,5.0,5.5,5.5,5.53,5.0,4.0,5.0,5.5,3.5,5.0,5.53,5.0,5.0,5.0,6.0,5.0,6.0,8.0,8.534279,MO,Premiere League,M
Mitoma Kaoru,5.96,5.96,5.96,5.5,5.0,5.0,5.0,5.96,5.96,5.96,5.5,5.0,5.5,5.96,5.96,7.0,8.0,5.96,5.5,6.0,6.0,7.5,5.96,5.96,5.96,5.96,5.96,5.96,5.96,5.96,5.96,5.96,5.96,5.96,5.96,5.96,5.96,5.96,5.96,7.0,7.7961435,MO,Premiere League,M
Højbjerg Pierre-Emile,5.84,5.95,5.5,7.5,6.0,7.0,5.5,6.5,4.0,8.0,4.5,6.5,5.5,4.5,5.84,6.0,5.5,3.5,7.0,4.0,6.0,5.84,7.0,5.0,4.5,5.84,6.0,8.0,7.0,6.0,6.0,5.5,7.5,5.0,6.0,6.0,6.0,6.0,7.5,8.0,7.7583413,MD,Premiere League,M
Casemiro,5.94,5.89,5.94,5.94,5.94,5.0,5.5,5.0,6.0,5.94,4.5,7.0,5.0,6.5,7.5,6.0,4.0,6.0,8.0,5.5,6.5,5.94,6.0,5.94,6.5,7.0,4.5,7.0,5.5,3.5,6.0,7.0,5.94,5.94,5.5,5.5,5.94,7.0,4.5,7.0,7.383676,MD,Premiere League,M
Daniel Podence,5.25,5.44,6.5,4.0,5.0,5.0,5.5,6.5,5.25,4.0,5.0,3.5,5.0,5.5,3.5,6.5,4.5,5.5,6.0,5.0,6.5,5.0,5.5,5.0,6.0,5.5,7.0,5.0,5.0,5.5,6.0,5.5,5.25,5.25,5.25,5.25,5.25,5.0,5.25,7.0,7.260645,MO,Premiere League,M
Lucas Paquetá,5.58,5.83,5.58,5.58,5.58,5.58,5.0,5.5,5.58,5.0,6.0,7.0,5.0,5.58,5.58,5.58,5.5,5.5,4.5,5.0,5.5,6.0,6.0,5.5,7.0,4.5,6.0,6.0,5.0,6.0,6.5,6.0,7.5,4.5,7.0,5.5,3.5,7.0,5.58,7.0,7.107706,MO,Premiere League,M
Caicedo Moisés,5.75,5.83,6.5,5.0,6.0,5.5,4.0,7.0,5.75,5.75,5.0,5.5,6.5,5.0,5.0,6.5,6.0,5.0,6.0,5.75,7.0,5.0,5.75,5.75,5.75,5.75,5.75,5.75,5.75,5.75,4.5,5.75,6.0,5.5,4.5,8.0,8.0,6.0,5.5,7.0,6.933767,MD,Premiere League,M
Ward-Prowse James,5.4,5.57,6.0,5.5,7.0,5.5,5.0,6.0,5.4,4.5,5.5,3.5,5.5,5.5,4.5,4.0,3.5,6.5,5.5,5.5,8.0,5.5,6.0,5.5,7.5,5.0,8.0,6.5,3.0,4.5,5.0,7.5,2.0,5.5,8.0,6.0,4.5,4.5,5.5,5.5,6.918346,MO,Premiere League,M
Gibbs-White Morgan,5.21,5.21,5.0,5.5,4.5,4.0,4.5,5.5,5.21,3.5,4.5,6.0,4.0,5.0,5.0,4.0,7.0,7.0,5.21,5.5,7.5,6.0,5.21,5.21,5.21,5.21,5.21,5.21,5.21,5.21,5.21,5.21,5.21,5.21,5.21,5.21,5.21,5.21,5.21,5.0,6.866949,MO,Premiere League,M
Son Heung-Min,5.47,6.12,7.0,5.0,5.0,5.0,4.5,6.0,4.0,8.0,4.5,6.5,6.0,4.5,4.5,6.0,5.47,5.47,5.0,5.0,4.0,5.47,7.5,5.47,6.0,5.0,7.5,8.0,7.0,5.0,8.0,8.0,8.5,4.0,5.0,8.0,7.0,5.5,8.0,8.0,6.831511,MO,Premiere League,M
Freuler Remo,5.06,4.98,5.06,5.06,5.06,4.5,3.0,5.06,5.06,4.5,5.0,5.0,5.0,5.0,6.5,3.5,5.0,5.5,4.5,6.0,7.0,6.0,6.5,5.0,5.06,6.0,4.0,5.06,5.0,5.06,6.0,5.5,5.06,5.06,6.0,4.5,4.0,4.5,3.5,5.0,6.8168178,MD,Premiere League,M
Grealish Jack,5.89,5.78,6.0,5.5,5.89,5.89,5.89,5.89,5.5,7.0,6.0,5.5,5.89,5.89,5.0,6.0,5.0,5.89,7.0,5.0,6.0,7.0,5.0,5.0,5.5,5.89,5.89,5.89,6.0,5.0,5.89,5.0,5.0,5.0,6.0,7.0,7.0,7.0,5.89,6.0,6.762359,MO,Premiere League,M
Anthony Jaidon,4.93,4.93,4.93,4.93,4.0,3.0,4.5,6.5,4.93,4.5,4.93,4.5,4.5,4.93,5.0,4.5,4.93,6.5,5.5,3.5,5.0,7.0,4.93,4.93,4.93,4.93,4.93,4.93,4.93,4.93,4.93,4.93,4.93,4.93,4.93,4.93,4.93,4.93,4.93,5.5,6.754595,MO,Premiere League,M
Skipp Oliver,5.13,5.29,5.13,5.13,5.13,5.13,5.13,5.13,5.13,5.13,5.0,5.0,5.0,4.5,4.5,5.0,5.13,5.13,5.13,5.0,5.13,5.13,5.13,5.5,5.13,5.13,5.13,5.13,5.13,5.13,5.13,5.13,5.13,5.13,5.13,5.13,5.13,5.13,5.13,7.0,6.6813025,MD,Premiere League,M
Bruno Fernandes,6.18,5.94,5.0,4.0,6.5,7.0,6.0,7.0,8.0,6.18,3.5,5.5,6.5,8.0,5.5,6.0,6.18,6.5,6.5,6.5,7.0,5.5,8.0,5.5,6.0,5.5,7.0,6.0,3.0,6.18,4.0,6.0,6.0,6.0,4.0,8.0,4.5,5.0,3.5,7.0,6.672033,MO,Premiere League,M
Gündogan Ilkay,5.97,6.06,5.5,7.5,7.0,6.5,8.0,5.5,5.0,5.0,5.5,5.97,6.0,5.97,5.97,5.5,7.0,4.5,5.0,5.0,5.97,7.0,5.0,5.97,5.0,7.0,6.0,5.5,7.0,5.97,6.0,7.0,5.97,6.5,5.5,7.0,6.0,5.97,7.0,6.0,6.657855,MD,Premiere League,M
Perisic Ivan,4.83,5.25,4.5,6.0,6.0,5.0,5.0,5.0,3.0,5.5,3.0,5.0,5.5,4.0,4.5,6.0,5.5,4.0,4.5,3.0,4.5,4.83,5.0,5.0,6.5,5.0,4.5,6.0,4.83,4.0,6.0,4.5,7.0,6.5,6.0,6.5,6.0,6.5,7.0,7.0,6.598341,MO,Premiere League,M
Eriksen Christian,5.37,5.71,5.0,2.5,5.5,5.0,5.5,6.0,6.5,5.37,3.5,5.5,5.37,4.5,5.5,7.0,4.0,7.5,6.0,5.0,5.5,5.0,5.37,5.37,5.37,5.37,5.37,4.5,5.37,6.5,5.37,8.0,6.5,7.5,6.0,5.0,7.0,7.0,5.5,7.0,6.5709796,MO,Premiere League,M
Xhaka Granit,6.0,5.61,6.5,6.5,6.5,5.0,4.5,4.5,6.0,7.0,7.0,5.0,5.5,6.0,7.0,6.0,6.0,5.0,7.0,6.0,7.0,6.5,3.5,6.0,5.5,5.5,5.0,4.5,5.0,6.0,6.0,5.0,4.5,6.0,7.0,4.5,6.0,4.5,4.5,5.5,6.5522738,MD,Premiere League,M
João Palhinha,5.84,5.84,5.5,5.0,6.5,5.0,6.5,5.5,6.0,7.0,5.84,4.0,5.5,6.5,5.5,6.0,5.0,5.5,6.0,7.5,5.5,5.84,5.84,5.84,5.84,5.84,5.84,5.84,5.84,5.84,5.84,5.84,5.84,5.84,5.84,5.84,5.84,5.84,5.84,7.0,6.544041,MD,Premiere League,M
João Moutinho,5.17,5.27,5.17,5.17,5.0,5.5,6.0,5.5,5.17,5.0,4.0,5.0,5.0,5.0,4.0,5.5,4.5,4.5,6.0,5.0,6.0,5.5,5.5,8.0,5.17,5.17,5.5,5.17,4.0,7.0,4.5,6.0,5.0,3.5,5.0,4.5,4.0,5.5,5.0,5.0,6.5399084,MO,Premiere League,M
João Moutinho,5.17,5.27,5.17,5.17,5.0,5.5,6.0,5.5,5.17,5.0,4.0,5.0,5.0,5.0,4.0,5.5,4.5,4.5,6.0,5.0,6.0,5.5,5.5,8.0,5.17,5.17,5.5,5.17,4.0,7.0,4.5,6.0,5.0,3.5,5.0,4.5,4.0,5.5,5.0,6.0,6.5399084,MO,Premiere League,M
Jensen Mathias,5.25,5.1,5.0,8.0,5.5,5.5,5.0,6.0,5.25,4.0,6.0,3.0,5.5,5.0,3.0,5.0,6.0,5.0,4.5,5.0,7.0,5.0,5.25,5.0,5.5,4.5,5.0,5.0,5.25,5.0,5.0,4.5,4.5,5.0,5.0,4.5,6.0,6.5,5.0,6.0,6.526457,MD,Premiere League,M
Tielemans Youri,5.7,5.49,6.0,4.5,5.0,7.5,4.5,5.5,5.7,5.0,7.0,5.0,5.5,5.5,8.0,6.0,8.0,5.0,3.5,4.5,5.0,6.0,6.0,7.0,5.0,7.0,5.5,5.7,5.5,5.7,5.0,6.0,4.5,4.5,6.0,5.0,3.5,6.5,5.0,7.0,6.4219503,MO,Premiere League,M
Longstaff Sean,5.65,5.45,5.5,5.0,5.0,5.0,7.0,6.0,5.65,4.5,7.0,5.5,5.5,5.5,5.5,6.5,5.5,5.0,5.5,5.5,6.0,6.0,5.0,5.5,5.65,5.65,5.65,5.65,5.0,4.5,5.0,5.65,5.0,5.65,6.5,5.65,3.5,6.0,5.5,6.0,6.419124,MD,Premiere League,M
Onana Amadou,5.39,5.37,5.39,5.0,4.5,6.0,4.5,6.0,5.39,6.0,6.0,5.0,5.0,5.5,6.5,5.0,5.0,4.0,5.0,5.5,7.5,5.0,5.0,3.5,5.0,5.39,5.0,5.5,5.5,8.0,5.0,5.0,5.5,5.5,5.0,5.39,5.5,6.0,5.0,5.39,6.327382,MD,Premiere League,M
Kamara Boubacar,5.29,5.62,4.5,5.0,5.5,5.5,4.5,5.0,5.29,5.0,5.29,5.29,5.29,5.29,5.29,5.29,5.0,5.5,4.5,6.5,6.5,6.0,7.0,5.0,5.5,5.29,6.0,5.5,6.5,5.5,6.0,6.0,5.5,7.0,6.0,5.0,7.0,5.0,6.0,5.0,6.278589,MD,Premiere League,M
Jorginho,5.36,5.56,6.0,5.5,4.5,5.0,4.5,4.5,5.5,5.36,4.5,6.5,5.0,5.5,6.0,5.36,5.5,4.5,6.5,5.0,5.5,6.5,5.36,6.0,5.0,5.36,5.0,5.5,7.0,6.0,5.36,5.36,5.36,7.0,6.0,4.5,5.36,6.0,5.36,5.36,6.236729,MD,Premiere League,M
Adams Tyler,5.29,5.29,5.5,4.5,7.0,4.0,5.5,4.5,5.29,5.29,5.5,5.5,4.5,4.5,5.29,6.0,5.5,4.5,5.29,6.0,5.0,6.0,5.29,5.29,5.29,5.29,5.29,5.29,5.29,5.29,5.29,5.29,5.29,5.29,5.29,5.29,5.29,5.29,5.29,6.0,6.1567936,MD,Premiere League,M
Ziyech Hakim,5.15,5.33,5.15,5.15,4.5,5.15,4.5,5.15,4.5,5.15,5.15,5.0,5.15,5.15,5.15,5.0,5.15,5.5,5.15,5.5,7.0,5.0,4.5,8.0,7.0,4.5,6.0,6.0,5.15,5.0,5.15,4.0,5.5,6.0,4.5,5.0,5.15,5.15,5.0,5.0,6.0616655,MO,Premiere League,M
Buendía Emiliano,5.43,5.44,4.5,7.0,4.5,5.0,4.5,5.0,5.43,5.5,5.0,6.0,5.0,5.0,7.0,4.5,6.0,5.0,4.5,7.0,6.5,5.5,6.0,7.0,5.0,4.5,5.0,5.43,5.0,5.5,5.0,5.5,4.5,5.0,5.0,6.0,7.5,5.5,4.5,5.5,6.058286,MO,Premiere League,M
Danilo,6.0,6.0,6.0,6.0,6.0,6.0,6.0,6.0,6.0,6.0,6.0,6.0,6.0,6.0,6.0,6.0,6.0,6.0,6.0,6.0,6.0,6.0,6.0,6.0,6.0,6.0,6.0,6.0,6.0,6.0,6.0,6.0,6.0,6.0,6.0,6.0,6.0,6.0,6.0,6.0,6.029889,MO,Premiere League,M
Danilo,6.0,6.0,6.0,6.0,6.0,6.0,6.0,6.0,6.0,6.0,6.0,6.0,6.0,6.0,6.0,6.0,6.0,6.0,6.0,6.0,6.0,6.0,6.0,6.0,6.0,6.0,6.0,6.0,6.0,6.0,6.0,6.0,6.0,6.0,6.0,6.0,6.0,6.0,6.0,6.0,6.029889,MO,Premiere League,M
Ramsey Jacob,5.53,5.46,6.0,5.5,5.0,5.0,6.0,5.5,5.53,7.0,5.5,5.5,5.0,3.5,5.5,4.5,7.5,5.0,5.53,5.53,6.0,6.0,7.0,6.0,7.5,5.5,5.5,6.0,6.0,7.0,4.5,4.5,3.5,5.53,4.5,6.0,5.53,4.5,4.0,5.53,6.0266423,MO,Premiere League,M
Matheus Nunes,5.03,5.03,5.03,5.03,6.0,5.0,5.5,7.0,5.03,5.0,4.5,4.0,3.5,5.0,3.5,5.0,5.03,5.0,5.0,5.0,6.0,5.0,5.03,5.03,5.03,5.03,5.03,5.03,5.03,5.03,5.03,5.03,5.03,5.03,5.03,5.03,5.03,5.03,5.03,5.5,6.016869,MD,Premiere League,M
Garnacho Alejandro,5.0,4.95,5.0,5.0,5.0,5.0,5.0,5.0,4.5,5.0,5.0,5.0,5.0,5.0,5.0,5.0,4.0,6.0,4.0,5.0,6.0,4.5,5.0,5.0,5.0,5.0,5.0,5.0,5.0,5.0,5.0,5.0,5.0,5.0,5.0,5.0,5.0,5.0,4.5,6.0,5.991759,MO,Premiere League,M
De Bruyne Kevin,6.5,6.64,7.0,8.5,7.0,5.5,5.5,7.0,6.5,7.0,7.0,7.0,5.5,6.5,7.0,7.0,7.5,5.0,6.0,5.5,5.5,7.0,7.5,7.5,7.5,6.5,5.0,5.5,8.5,5.5,6.0,7.0,7.0,9.0,7.0,6.5,8.0,5.5,7.0,6.0,5.9580345,MO,Premiere League,M
Reed Harrison,5.26,5.26,5.0,5.5,5.0,4.5,4.5,4.5,5.0,6.5,3.5,4.5,5.0,7.0,7.0,5.5,5.5,5.26,6.0,4.0,5.5,5.26,5.26,5.26,5.26,5.26,5.26,5.26,5.26,5.26,5.26,5.26,5.26,5.26,5.26,5.26,5.26,5.26,5.26,6.0,5.934321,MD,Premiere League,M
Danilo,5.42,5.45,5.5,5.0,5.5,5.0,5.0,5.0,4.5,5.0,4.0,7.0,7.0,6.0,5.5,5.5,5.5,6.0,7.0,3.0,5.42,5.42,5.42,5.42,6.0,6.5,5.42,4.5,5.5,5.0,6.0,5.0,5.0,5.5,5.5,6.0,5.42,5.42,5.42,6.0,5.9097176,MO,Premiere League,M
Danilo,5.42,5.45,5.5,5.0,5.5,5.0,5.0,5.0,4.5,5.0,4.0,7.0,7.0,6.0,5.5,5.5,5.5,6.0,7.0,3.0,5.42,5.42,5.42,5.42,6.0,6.5,5.42,4.5,5.5,5.0,6.0,5.0,5.0,5.5,5.5,6.0,5.42,5.42,5.42,6.0,5.9097176,MO,Premiere League,M
Partey Thomas,6.0,5.87,6.0,5.0,6.0,6.0,6.0,6.0,6.0,5.5,8.0,6.0,6.0,6.0,5.0,8.0,6.5,5.0,5.5,5.5,7.0,5.5,6.0,6.0,5.5,6.0,6.0,5.0,5.0,7.5,6.0,3.0,6.0,6.0,6.0,6.0,6.0,6.0,6.0,5.5,5.895494,MD,Premiere League,M
Rodri,6.39,6.4,6.5,6.5,6.5,5.5,6.0,6.0,7.0,7.0,6.39,8.0,7.0,6.39,6.0,6.0,7.0,5.5,7.0,5.5,6.0,6.5,5.0,6.0,6.0,6.39,5.0,7.0,6.5,5.5,5.5,7.0,5.5,7.5,7.0,8.0,8.0,7.0,6.5,6.0,5.8938923,MD,Premiere League,M
Mount Mason,5.5,5.51,5.5,5.5,3.5,5.5,5.5,5.0,5.5,5.5,5.5,7.5,8.0,5.0,5.5,3.5,5.0,5.0,7.0,5.0,6.0,5.5,5.0,6.5,5.0,4.5,5.5,5.5,6.0,4.5,5.5,3.5,9.0,7.5,5.0,5.0,5.5,5.5,6.0,5.5,5.8914003,MO,Premiere League,M
Yates Ryan,5.25,5.25,5.25,5.25,5.5,5.5,3.5,5.0,5.25,5.5,4.5,6.0,6.0,5.5,6.0,4.0,5.0,6.0,5.0,5.0,5.0,5.5,5.25,5.25,5.25,5.25,5.25,5.25,5.25,5.25,5.25,5.25,5.25,5.25,5.25,5.25,5.25,5.25,5.25,6.0,5.7639728,MD,Premiere League,M
Groß Pascal,5.63,5.41,7.0,5.0,7.0,7.0,4.0,7.0,5.63,5.63,4.5,5.5,4.5,5.0,5.0,6.5,6.5,4.0,5.5,6.0,5.5,4.0,4.5,4.5,4.5,5.0,5.63,5.63,6.0,4.5,3.5,5.0,5.0,6.0,5.0,5.0,8.0,5.0,7.5,7.5,5.723786,MO,Premiere League,M
Rice Declan,5.88,5.82,5.5,4.5,5.5,6.5,6.5,6.0,5.88,5.5,7.0,5.5,7.5,6.5,7.0,5.5,5.0,5.0,5.0,6.0,6.0,6.0,5.88,7.0,5.5,5.5,5.0,6.5,5.88,6.5,5.5,5.5,5.5,5.5,4.5,5.5,7.5,6.0,5.5,5.5,5.7106414,MD,Premiere League,M
Pérez Ayoze,5.06,4.88,5.06,5.06,5.0,5.5,5.06,5.06,5.06,5.06,5.06,4.5,5.06,4.5,5.06,5.06,5.06,6.0,3.5,5.5,5.06,5.06,5.06,4.5,5.06,5.06,5.06,4.5,5.06,5.06,5.06,5.06,5.06,5.5,4.5,4.0,3.0,5.06,7.0,6.0,5.6720676,MO,Premiere League,M
Nørgaard Christian,5.9,5.8,5.5,7.0,6.0,5.5,5.9,5.9,5.9,5.9,5.9,5.9,5.9,5.9,5.9,5.9,5.9,5.0,6.0,6.5,5.0,6.0,5.9,4.5,5.5,6.5,6.5,5.5,5.9,7.0,5.5,6.5,5.5,7.0,5.9,3.5,8.0,7.0,5.9,6.5,5.67024,MD,Premiere League,M
Bentancur Rodrigo,5.83,5.51,6.5,5.0,6.0,6.0,5.83,5.5,4.5,8.0,4.5,5.5,5.5,4.5,6.0,7.0,6.0,7.0,5.83,5.83,5.83,5.83,7.0,6.0,4.5,5.0,6.0,5.83,6.0,6.0,6.0,6.0,6.0,5.0,5.5,6.0,6.0,6.0,8.5,5.83,5.643417,MD,Premiere League,M
Kanté N'Golo,5.5,5.56,6.0,5.0,5.5,5.5,5.5,5.5,5.5,5.5,5.5,5.5,5.5,5.5,5.5,5.5,5.5,5.5,5.5,5.5,5.5,5.5,5.0,5.0,5.5,5.0,5.0,4.5,6.5,5.5,5.5,4.0,7.0,5.5,6.5,5.5,5.5,6.0,6.0,5.5,5.6072345,MD,Premiere League,M
Rúben Neves,5.45,5.5,6.0,5.5,6.5,7.5,6.0,6.0,5.45,4.5,4.0,5.45,6.0,5.0,3.0,7.0,6.0,4.5,5.5,4.0,7.0,3.5,5.45,7.0,5.5,6.5,6.0,5.5,5.0,7.0,4.5,5.45,5.45,4.0,5.45,4.5,5.0,5.0,4.5,6.0,5.6016364,MD,Premiere League,M
De Cordova-Reid Bobby,5.32,5.32,6.0,6.0,6.0,5.5,4.5,4.5,5.0,6.0,5.5,4.5,4.5,5.5,5.5,5.0,5.32,4.0,7.0,5.0,6.0,5.32,5.32,5.32,5.32,5.32,5.32,5.32,5.32,5.32,5.32,5.32,5.32,5.32,5.32,5.32,5.32,5.32,5.32,5.0,5.5889673,MO,Premiere League,M
Gustavo Scarpa,5.67,5.67,5.67,5.67,5.67,5.67,5.67,5.67,5.67,5.67,5.67,5.67,5.67,5.67,5.67,5.67,5.67,5.67,5.67,5.67,6.5,5.5,5.67,5.67,5.67,5.67,5.67,5.67,5.67,5.67,5.67,5.67,5.67,5.67,5.67,5.67,5.67,5.67,5.67,5.0,5.5803595,MD,Premiere League,M
Summerville Crysencio,5.54,5.54,5.0,5.54,5.54,5.54,5.54,5.0,5.54,5.54,5.0,5.0,5.0,5.0,6.0,7.0,7.0,6.0,5.54,5.0,5.54,5.54,5.54,5.54,5.54,5.54,5.54,5.54,5.54,5.54,5.54,5.54,5.5,5.54,5.54,5.54,5.54,5.54,5.54,5.5,5.5707545,MO,Premiere League,M
Fred,5.26,5.41,4.0,4.5,5.5,4.5,5.0,5.0,5.0,5.26,5.5,5.26,5.0,8.0,5.0,4.5,5.26,5.26,6.5,5.0,6.0,4.5,6.5,6.5,5.26,5.26,6.0,5.0,4.0,7.0,5.26,6.0,4.5,5.26,5.26,5.5,5.0,5.26,4.5,6.0,5.568874,MO,Premiere League,M
Gyabi Darko,5.5,5.5,5.5,5.5,5.5,5.5,5.5,5.5,5.5,5.5,5.5,5.5,5.5,5.5,5.5,5.5,5.5,5.5,5.5,5.5,5.5,5.5,5.5,5.5,5.5,5.5,5.5,5.5,5.5,5.5,5.5,5.5,5.5,5.5,5.5,5.5,5.5,5.5,5.5,5.5,5.5168357,MD,Premiere League,M
Mudryk Mykhailo,5.5,5.5,5.5,5.5,5.5,5.5,5.5,5.5,5.5,5.5,5.5,5.5,5.5,5.5,5.5,5.5,5.5,5.5,5.5,5.5,5.5,5.5,5.5,5.5,5.5,5.5,5.5,5.5,5.5,5.5,5.5,5.5,5.5,5.5,5.5,5.5,5.5,5.5,5.5,5.5,5.5168357,MO,Premiere League,M
Chukwuemeka Carney,5.13,5.0,5.13,5.13,5.13,5.13,5.13,5.13,5.0,5.13,5.13,5.0,5.13,5.5,4.5,5.13,5.13,5.13,5.13,5.0,5.5,5.0,5.0,5.0,5.0,5.0,5.13,5.13,5.13,5.13,5.13,5.13,5.13,5.0,5.13,5.13,5.0,5.13,5.13,5.5,5.513199,MO,Premiere League,M
McTominay Scott,5.1,5.16,4.5,5.0,5.5,6.0,5.5,5.5,4.5,5.1,5.5,4.5,5.1,5.0,4.0,6.0,5.1,4.5,5.1,5.1,5.0,5.5,5.1,5.5,5.5,5.0,4.0,5.1,5.0,5.1,5.1,4.5,5.1,5.1,4.0,7.5,2.5,5.0,5.0,5.1,5.488801,MD,Premiere League,M
Bissouma Yves,4.97,5.25,4.5,5.0,5.0,5.5,4.5,4.97,5.0,5.0,5.0,6.0,5.5,4.5,4.5,4.5,5.0,5.0,5.0,4.5,5.5,4.97,4.97,4.97,4.97,5.5,2.5,4.5,4.97,3.5,4.97,4.97,6.0,7.0,4.97,7.5,6.0,7.5,4.5,4.97,5.4807124,MD,Premiere League,M
Kebano Neeskens,5.5,5.5,5.5,6.0,5.5,5.5,6.0,4.5,5.5,5.0,6.5,5.5,5.0,6.0,5.0,5.5,5.5,5.5,5.5,5.5,5.5,5.5,5.5,5.5,5.5,5.5,5.5,5.5,5.5,5.5,5.5,5.5,5.5,5.5,5.5,5.5,5.5,5.5,5.5,5.5,5.4783454,MO,Premiere League,M
Diallo Ibrahima,4.88,4.98,5.0,4.88,4.88,4.88,5.0,4.5,4.88,4.5,4.88,3.5,5.5,5.0,5.5,4.5,4.88,4.88,5.0,4.88,4.5,6.0,4.0,5.0,5.0,5.0,4.88,4.88,5.0,4.88,4.88,6.0,4.5,4.88,4.88,4.88,4.5,4.0,4.88,4.88,5.4723277,MD,Premiere League,M
Maddison James,5.89,6.12,6.0,6.0,4.5,5.89,5.5,3.5,5.89,6.0,8.5,5.0,6.0,5.89,7.5,5.0,8.0,6.0,5.89,5.89,5.89,5.0,6.5,5.0,4.5,5.5,5.0,7.0,5.89,5.0,8.0,7.0,6.0,5.0,5.5,5.89,5.89,8.5,8.0,5.89,5.4669323,MO,Premiere League,M
Tavernier Marcus,5.4,5.4,7.5,4.0,3.5,3.5,5.5,5.5,5.4,6.0,5.0,5.5,6.0,4.5,4.5,5.0,7.5,7.5,5.4,5.4,5.4,5.4,5.4,5.4,5.4,5.4,5.4,5.4,5.4,5.4,5.4,5.4,5.4,5.4,5.4,5.4,5.4,5.4,5.4,5.4,5.4613385,MO,Premiere League,M
Dasilva Josh,5.38,5.17,7.0,7.0,5.0,5.0,5.5,5.0,5.38,4.0,5.5,4.5,5.0,5.0,4.5,6.0,4.5,6.5,4.5,6.5,6.5,5.0,5.38,5.38,5.0,5.0,5.0,2.0,5.38,5.38,5.38,5.38,5.38,5.38,5.0,5.0,5.0,5.5,5.0,5.0,5.4433756,MO,Premiere League,M
Cairney Tom,5.13,5.13,5.0,5.0,5.5,5.0,5.0,5.5,5.0,5.0,6.0,4.5,5.0,5.0,5.0,5.0,5.0,5.0,5.5,5.0,5.0,5.13,5.13,5.13,5.13,5.13,5.13,5.13,5.13,5.13,5.13,5.13,5.13,5.13,5.13,5.13,5.13,5.13,5.13,5.5,5.4354453,MO,Premiere League,M
Gallagher Conor,5.14,5.29,5.0,5.0,5.0,3.5,5.14,5.0,5.0,5.14,6.5,7.0,5.0,4.5,5.14,5.5,5.0,5.0,5.0,4.5,6.0,5.0,7.0,4.5,5.14,5.5,5.14,5.0,6.0,5.5,4.0,5.5,4.0,4.5,6.0,6.0,5.0,6.0,6.5,5.0,5.4301925,MD,Premiere League,M
Mahrez Riyad,5.73,5.6,4.5,6.0,5.73,5.0,6.0,4.5,8.5,5.0,4.5,7.0,5.73,5.73,5.0,5.73,5.73,5.73,7.0,6.5,4.5,6.0,5.73,5.73,5.0,6.0,6.0,4.5,8.0,4.5,7.0,5.73,4.5,4.5,4.5,5.73,5.73,4.0,5.0,6.0,5.423123,MO,Premiere League,M
Harrison Jack,5.53,5.47,7.0,7.0,8.0,5.0,5.5,5.0,5.53,5.53,5.0,5.0,5.5,5.0,4.0,5.5,5.0,5.53,5.53,5.5,5.0,5.0,5.53,5.5,5.0,5.0,4.0,4.5,6.5,5.53,7.0,7.0,7.5,4.5,5.0,4.0,5.0,5.0,7.5,6.0,5.3962007,MO,Premiere League,M
Doucouré Abdoulaye,5.0,4.96,5.5,4.5,5.0,5.0,5.0,5.0,5.0,5.0,5.0,5.0,5.0,5.0,5.0,5.0,4.5,5.0,5.0,5.0,5.0,5.0,4.5,5.5,5.0,5.0,5.0,4.5,3.5,4.5,5.0,5.0,5.0,6.0,5.0,6.0,5.0,5.0,5.0,5.5,5.3649526,MO,Premiere League,M
Albrighton Marc,5.33,4.97,5.33,5.33,5.33,5.33,5.33,5.33,5.33,5.33,5.0,5.33,5.33,5.33,5.0,5.33,5.5,5.33,5.33,5.33,5.5,6.5,5.0,5.5,4.5,5.33,6.0,5.33,5.0,5.5,5.33,5.33,5.33,5.33,5.33,3.5,5.33,6.0,5.33,4.5,5.36298,MO,Premiere League,M
Sancho Jadon,5.45,5.48,4.5,4.5,7.0,5.5,7.0,5.5,5.45,5.45,3.5,5.45,5.5,6.5,5.0,5.45,5.45,5.45,5.45,5.45,5.45,5.45,4.5,5.45,5.5,7.0,7.5,4.5,5.5,7.0,5.0,4.5,6.0,5.5,5.0,5.45,5.45,5.45,5.45,5.45,5.3549023,MO,Premiere League,M
Lerma Jefferson,5.08,5.08,7.0,2.5,4.5,2.5,7.0,5.5,5.08,5.0,6.0,6.0,6.0,4.5,4.5,4.5,6.0,6.0,4.0,4.5,5.0,6.0,5.08,5.08,5.08,5.08,5.08,5.08,5.08,5.08,5.08,5.08,5.08,5.08,5.08,5.08,5.08,5.08,5.08,4.5,5.346511,MD,Premiere League,M
Douglas Luiz,5.5,5.35,4.5,5.5,6.0,4.5,6.5,5.0,5.5,5.5,6.5,5.5,4.5,4.0,8.0,3.5,5.5,5.5,5.0,8.0,6.0,6.5,6.0,5.5,5.0,4.5,4.5,5.5,8.0,4.5,5.5,4.5,4.0,6.5,5.0,5.0,5.0,5.0,4.0,4.0,5.3316774,MD,Premiere League,M
Colback Jack,4.93,4.93,4.5,4.93,4.93,4.93,5.0,4.5,4.93,4.93,4.93,4.93,4.93,4.93,4.93,4.93,4.93,5.0,4.93,5.0,5.5,4.93,4.93,4.93,4.93,4.93,4.93,4.93,4.93,4.93,4.93,4.93,4.93,4.93,4.93,4.93,4.93,4.93,4.93,5.0,5.3263307,MD,Premiere League,M
Aribo Joe,5.08,5.08,3.5,7.0,5.0,5.0,5.0,5.5,5.08,4.0,7.5,3.5,5.0,6.0,5.0,5.0,5.0,5.0,4.5,4.5,5.08,5.08,5.08,5.08,5.08,5.08,5.08,5.08,5.08,5.08,5.08,5.08,5.08,5.08,5.08,5.08,5.08,5.08,5.08,5.5,5.289611,MO,Premiere League,M
McGinn John,5.38,5.56,5.0,7.0,4.0,5.5,4.5,4.5,5.38,6.5,6.5,5.5,5.0,4.5,5.0,5.0,5.0,6.5,4.5,7.0,5.38,5.38,5.38,6.0,6.0,5.5,5.0,7.0,7.0,6.0,5.0,6.0,3.0,4.5,5.5,6.5,7.0,5.0,4.0,5.38,5.2619815,MD,Premiere League,M
Willock Joe,5.78,5.7,6.5,6.0,5.0,5.0,5.5,5.0,5.78,5.0,7.5,6.0,5.0,5.5,5.5,6.0,7.5,7.0,6.0,5.0,5.5,5.5,5.78,5.5,6.5,6.0,7.0,7.0,5.0,5.78,5.0,3.5,5.78,5.5,6.5,4.5,5.78,5.78,5.78,5.5,5.260229,MO,Premiere League,M
Baptiste Shandon,5.29,5.13,5.0,5.5,5.0,4.5,5.5,6.0,5.29,5.5,6.0,5.0,5.0,5.5,5.0,5.29,5.29,5.29,5.29,5.29,5.29,5.29,5.29,4.0,5.29,5.0,5.0,5.29,5.29,5.29,5.5,5.29,5.29,5.29,5.29,5.29,5.0,5.29,5.5,5.29,5.260044,MD,Premiere League,M
Mohamed Elneny,5.1,5.46,5.1,5.1,5.1,6.0,5.1,5.1,5.1,5.1,5.1,5.1,5.1,5.1,5.1,5.1,5.0,5.0,5.0,4.5,5.1,5.1,5.0,5.1,5.1,6.5,5.1,5.1,5.1,5.1,5.1,5.1,5.1,5.1,6.5,5.5,5.5,5.0,7.0,5.1,5.2436047,MD,Premiere League,M
Ødegaard Martin,6.44,6.0,6.0,6.0,7.5,7.5,6.0,4.5,6.44,6.44,5.5,6.5,7.0,6.44,5.5,7.0,5.5,8.0,7.5,8.0,7.5,5.5,5.0,5.0,5.5,6.5,5.5,4.0,7.0,6.0,6.0,3.0,6.0,5.5,6.0,5.0,6.0,5.5,7.5,5.0,5.2387013,MO,Premiere League,M
Lallana Adam,5.25,5.23,6.0,5.0,5.0,5.25,5.25,5.25,5.25,5.25,4.5,5.5,5.0,5.5,4.0,5.5,7.0,4.5,7.0,4.0,5.5,5.0,6.0,5.25,5.25,7.0,3.5,5.25,5.25,5.0,5.25,5.25,4.5,4.5,5.25,5.25,5.25,4.5,5.25,5.0,5.2326474,MO,Premiere League,M
Diogo Jota,5.13,5.24,5.13,5.13,5.13,5.13,5.13,4.0,5.13,5.13,4.5,6.0,6.0,5.13,5.13,5.13,5.13,5.13,5.13,5.13,5.13,5.13,5.13,6.0,8.0,4.0,5.13,6.0,4.0,4.5,6.0,7.5,6.0,4.5,5.0,6.5,4.0,6.0,4.0,5.13,5.226649,MO,Premiere League,M
Sarabia Pablo,5.5,4.97,5.5,5.5,5.5,5.5,5.5,5.5,5.5,5.5,5.5,5.5,5.5,5.5,5.5,5.5,5.5,5.5,5.5,5.5,5.5,5.5,5.5,5.5,5.5,5.5,5.5,5.5,5.5,5.5,5.5,5.5,5.5,5.5,5.5,5.5,5.5,5.5,5.5,5.5,5.2215476,MO,Premiere League,M
Andreas Pereira,5.6,5.6,5.0,5.0,7.0,5.0,6.0,4.5,6.0,6.0,3.5,5.5,5.5,7.0,7.0,5.5,6.0,5.0,7.0,5.0,5.0,5.6,5.6,5.6,5.6,5.6,5.6,5.6,5.6,5.6,5.6,5.6,5.6,5.6,5.6,5.6,5.6,5.6,5.6,5.5,5.1994047,MO,Premiere League,M
Sarr Pape,5.17,5.44,5.17,5.17,5.17,5.17,5.17,5.17,5.17,5.17,5.17,5.17,5.17,5.17,5.17,5.17,5.17,5.17,5.17,5.5,4.5,5.17,5.17,5.17,5.5,5.0,5.5,4.5,6.5,5.0,6.0,5.0,7.0,5.0,5.0,5.0,7.0,7.0,3.5,5.5,5.1925225,MD,Premiere League,M
Kovacic Mateo,4.9,5.16,4.9,4.9,4.9,5.0,5.5,5.0,4.5,4.9,4.0,6.0,5.5,5.5,5.0,3.0,4.5,5.5,4.9,4.5,5.0,4.9,5.5,5.5,5.0,4.9,4.5,4.9,5.0,5.0,4.9,5.5,8.0,4.5,4.9,5.0,5.0,4.9,4.9,5.0,5.1762795,MO,Premiere League,M
Anderson Elliot,5.13,5.13,5.13,5.13,5.13,5.5,5.0,5.5,5.13,5.13,5.0,5.0,5.13,5.0,5.13,5.13,5.0,5.13,5.0,5.13,5.13,5.13,5.13,5.13,5.13,5.13,5.13,5.13,5.13,5.13,5.13,5.13,5.13,5.13,5.13,5.13,5.13,5.13,5.13,5.13,5.167789,MO,Premiere League,M
Edozie Samuel,4.81,4.81,4.81,4.81,4.81,4.81,4.81,5.0,4.81,4.5,4.5,4.81,4.5,4.81,4.5,4.5,5.0,4.5,5.5,5.0,5.0,5.5,4.81,4.81,4.81,4.81,4.81,4.81,4.81,4.81,4.81,4.81,4.81,4.81,4.81,4.81,4.81,4.81,4.81,4.5,5.159983,MO,Premiere League,M
Keïta Naby,5.0,5.25,5.0,5.0,5.0,5.0,5.0,5.0,5.0,5.0,5.0,5.0,5.0,5.0,5.0,5.0,5.0,5.0,5.0,5.0,4.5,5.5,5.0,5.0,5.0,5.5,5.0,5.0,5.5,5.5,5.5,5.0,5.0,6.0,5.0,7.0,4.5,5.0,5.0,5.0,5.130482,MD,Premiere League,M
O'Brien Lewis,5.12,5.12,6.0,6.0,5.0,4.5,3.5,5.12,5.12,7.0,5.0,5.0,5.12,5.12,5.12,5.0,4.5,5.0,5.0,5.12,5.0,5.12,5.12,5.12,5.12,5.12,5.12,5.12,5.12,5.12,5.12,5.12,5.12,5.12,5.12,5.12,5.12,5.12,5.12,5.12,5.128101,MO,Premiere League,M
Shelvey Jonjo,4.67,5.5,4.67,4.67,4.67,4.67,4.67,4.67,4.67,4.67,4.67,4.67,4.67,4.67,4.5,4.5,5.0,4.67,4.67,4.67,4.67,4.67,5.0,7.5,6.0,6.0,5.5,6.0,5.5,4.67,5.5,3.5,6.0,5.5,4.67,5.5,4.67,4.67,4.67,4.67,5.1230593,MD,Premiere League,M
Fábio Vieira,5.25,5.25,5.25,5.25,5.25,5.25,5.25,5.0,5.25,7.0,5.0,5.0,5.0,5.25,5.0,4.5,5.25,6.0,5.0,5.25,5.0,5.25,5.25,5.25,5.25,5.25,5.25,5.25,5.25,5.25,5.25,5.25,5.25,5.25,5.25,5.25,5.25,5.25,5.25,5.25,5.1211915,MO,Premiere League,M
Zakaria Denis,5.13,5.17,5.13,5.13,5.13,5.13,5.13,5.13,5.0,5.13,5.13,5.13,5.13,5.13,5.13,5.13,5.13,5.13,5.5,5.0,5.13,5.13,5.13,5.13,7.0,5.13,4.5,4.5,5.13,5.13,5.13,5.0,5.0,5.0,6.0,4.0,4.5,5.13,5.13,5.0,5.1194487,MD,Premiere League,M
Fraser Ryan,5.0,5.2,5.0,5.0,5.0,5.5,4.5,5.0,5.0,5.0,5.0,5.0,5.0,5.0,5.0,5.0,5.0,5.0,5.0,5.0,5.0,5.0,5.0,5.0,7.5,5.0,4.5,7.5,7.0,5.0,5.0,3.5,4.5,5.0,5.0,5.0,5.0,5.0,5.0,5.0,5.1058807,MO,Premiere League,M
Dewsbury-Hall Kiernan,5.22,5.33,6.0,3.5,4.5,4.5,6.0,4.5,5.22,3.0,7.0,4.5,5.5,7.0,6.0,4.0,6.0,5.5,4.5,7.0,5.22,5.0,6.0,6.0,4.5,5.5,5.5,4.0,6.5,4.5,5.5,5.5,8.0,4.0,5.0,5.22,4.5,5.5,5.5,5.22,5.1009755,MD,Premiere League,M
Milivojevic Luka,5.05,5.03,5.0,5.0,5.0,5.05,5.5,5.05,5.0,5.05,5.05,4.5,5.0,5.05,4.5,6.0,5.0,5.05,5.0,5.05,5.05,5.05,5.0,5.05,5.05,5.05,5.05,5.0,5.0,5.05,5.05,5.0,5.05,5.0,5.05,5.05,5.05,6.0,5.05,5.05,5.0974445,MD,Premiere League,M
Fábio Carvalho Fabio,5.09,5.09,5.0,4.5,5.5,6.5,6.5,5.0,5.09,5.09,4.5,5.09,5.0,5.0,3.5,5.09,5.09,5.0,5.09,5.09,5.09,5.09,5.09,5.09,5.09,5.09,5.09,5.09,5.09,5.09,5.09,5.09,5.09,5.09,5.09,5.09,5.09,5.09,5.09,5.09,5.089129,MO,Premiere League,M
Mangala Orel,5.21,5.21,5.0,5.5,5.5,5.21,5.21,5.21,5.21,5.21,5.0,5.21,5.0,5.5,5.0,5.21,5.21,5.21,5.5,5.0,6.0,4.5,5.21,5.21,5.21,5.21,5.21,5.21,5.21,5.21,5.21,5.21,5.21,5.21,5.21,5.21,5.21,5.21,5.21,5.0,5.0854225,MD,Premiere League,M
Lanzini Manuel,4.8,5.41,5.0,5.0,4.5,4.8,4.8,4.8,4.8,4.8,4.8,4.8,5.0,4.8,4.8,4.8,4.5,4.8,4.8,4.8,4.8,4.8,4.8,4.5,5.5,5.5,4.8,6.0,6.5,4.5,5.5,4.8,4.5,6.0,4.5,4.5,7.0,5.0,4.5,4.8,5.080494,MO,Premiere League,M
Pulisic Christian,4.88,5.13,5.5,4.5,4.5,4.5,5.0,5.0,4.88,4.88,5.5,6.5,4.88,4.5,5.0,3.5,5.0,4.0,5.0,5.0,4.88,4.88,5.0,4.88,4.88,4.88,5.0,4.5,8.0,5.0,4.88,4.88,5.5,6.5,6.5,4.5,5.5,5.0,4.88,5.0,5.0797863,MO,Premiere League,M
Mac Allister Alexis,6.15,5.83,5.0,6.0,8.0,5.5,7.0,8.0,6.15,6.15,6.0,6.5,6.0,5.0,5.0,7.0,6.0,6.5,6.15,6.15,6.5,5.0,6.0,5.5,6.5,5.0,4.5,4.0,5.0,5.5,4.0,6.0,5.0,5.0,4.5,7.0,6.0,6.5,7.0,5.5,5.0776935,MO,Premiere League,M
Onyeka Frank,5.08,5.06,5.08,5.0,5.08,5.08,5.5,5.0,5.08,4.5,5.0,5.0,6.5,4.0,5.0,5.5,5.5,4.5,5.08,5.08,5.08,5.08,5.08,5.08,5.5,5.08,5.08,5.08,5.08,5.0,5.08,5.08,5.08,5.08,5.08,5.08,5.08,5.08,5.08,5.08,5.0662174,MD,Premiere League,M
Smith Rowe Emile,5.0,5.14,5.0,5.0,5.5,5.0,5.0,4.5,5.0,5.0,5.0,5.0,5.0,5.0,5.0,5.0,5.0,5.0,5.0,5.0,5.0,5.0,5.0,5.0,5.0,6.5,6.5,5.0,5.0,5.0,5.0,3.5,5.0,5.5,5.0,5.0,5.0,4.5,5.0,5.0,5.0653367,MO,Premiere League,M
van de Beek Donny,4.79,4.87,5.0,4.5,4.5,4.79,4.79,4.79,4.79,4.79,4.79,4.79,4.79,4.79,4.79,4.79,4.5,4.79,5.0,5.0,4.79,4.79,5.0,4.79,4.5,6.0,3.5,5.0,4.0,5.0,4.79,4.79,4.79,4.79,4.79,4.79,4.79,4.79,6.5,5.0,5.047256,MO,Premiere League,M
Trossard Leandro,5.62,5.5,5.5,5.0,7.0,6.0,5.0,7.0,5.62,5.62,8.0,4.0,5.0,5.0,6.0,7.0,6.0,5.0,5.0,4.5,5.62,4.5,5.0,5.0,4.0,5.62,4.0,4.0,5.0,4.5,5.62,5.5,6.0,7.0,5.5,7.0,8.0,5.0,5.62,5.62,5.0467606,MO,Premiere League,M
Praet Dennis,5.05,5.23,5.05,5.0,5.05,5.0,5.05,5.05,5.05,5.05,5.0,5.05,5.0,6.0,4.5,5.05,5.05,5.5,4.5,5.05,5.0,5.0,7.0,5.5,4.5,5.05,5.05,5.05,5.05,5.05,5.05,5.05,5.05,5.05,5.0,5.5,5.0,6.0,3.5,5.05,5.043881,MO,Premiere League,M
Havertz Kai,5.05,4.98,5.0,5.5,3.0,4.0,4.0,6.0,5.5,5.05,5.0,6.0,5.5,4.5,5.05,6.0,5.0,5.0,7.0,4.0,5.0,5.0,5.05,5.05,5.0,5.0,3.5,4.5,7.0,6.0,5.05,3.0,6.5,5.05,4.0,4.0,4.5,5.0,6.5,5.0,5.0428953,MO,Premiere League,M
Garner James,5.0,5.0,5.0,5.0,5.0,5.0,5.0,5.0,5.0,5.0,5.0,5.0,5.0,5.0,5.0,5.5,4.5,5.0,5.0,5.0,5.0,5.0,5.0,5.0,5.0,5.0,5.0,5.0,5.0,5.0,5.0,5.0,5.0,5.0,5.0,5.0,5.0,5.0,5.0,5.0,5.0170994,MD,Premiere League,M
Kouyaté Cheikhou,5.08,5.21,5.08,5.08,5.0,4.5,2.0,6.5,5.08,5.08,4.0,6.0,5.5,5.0,7.0,4.0,6.0,5.5,5.08,5.08,5.08,5.08,5.08,5.08,5.08,5.08,5.5,5.0,5.5,5.5,5.0,6.5,4.5,5.08,5.08,5.08,5.08,5.0,5.0,5.08,5.0084047,MD,Premiere League,M
Cook Lewis,5.13,5.13,5.0,4.5,5.5,3.0,5.5,6.0,5.13,6.0,5.0,5.0,5.5,5.0,4.5,5.0,5.5,7.0,5.0,4.5,5.0,5.13,5.13,5.13,5.13,5.13,5.13,5.13,5.13,5.13,5.13,5.13,5.13,5.13,5.13,5.13,5.13,5.13,5.13,5.0,5.006839,MD,Premiere League,M
Gordon Anthony,5.06,5.23,3.5,4.5,5.5,6.5,7.0,5.0,5.06,4.5,5.0,4.0,5.06,4.5,7.5,5.5,4.5,5.0,4.0,5.06,4.5,5.06,5.0,5.5,4.5,8.0,4.0,4.5,4.5,5.0,5.5,4.5,7.0,4.5,4.0,5.5,5.5,5.5,4.5,5.06,5.0060616,MO,Premiere League,M
Riedewald Jairo,5.0,5.0,5.0,5.0,5.0,5.0,5.0,5.0,5.0,5.0,5.0,5.0,5.0,5.0,5.0,5.0,5.0,5.0,5.0,5.0,5.0,5.0,5.0,5.0,5.0,5.0,5.0,5.0,5.0,5.0,5.0,5.0,5.0,5.0,5.0,5.0,5.0,5.0,5.0,5.0,5.003771,MD,Premiere League,M
Hutchinson Omari,5.0,5.0,5.0,5.0,5.0,5.0,5.0,5.0,5.0,5.0,5.0,5.0,5.0,5.0,5.0,5.0,5.0,5.0,5.0,5.0,5.0,5.0,5.0,5.0,5.0,5.0,5.0,5.0,5.0,5.0,5.0,5.0,5.0,5.0,5.0,5.0,5.0,5.0,5.0,5.0,5.003771,MO,Premiere League,M
Ronan Connor,5.0,5.0,5.0,5.0,5.0,5.0,5.0,5.0,5.0,5.0,5.0,5.0,5.0,5.0,5.0,5.0,5.0,5.0,5.0,5.0,5.0,5.0,5.0,5.0,5.0,5.0,5.0,5.0,5.0,5.0,5.0,5.0,5.0,5.0,5.0,5.0,5.0,5.0,5.0,5.0,5.003771,MD,Premiere League,M
Palmer Cole,5.0,5.0,5.0,5.0,5.0,5.0,5.0,5.0,5.0,5.0,5.0,5.0,5.0,5.0,5.0,5.0,5.0,5.0,5.0,5.0,5.0,5.0,5.0,5.0,5.0,5.0,5.0,5.0,5.0,5.0,5.0,5.0,5.0,5.0,5.0,5.0,5.0,5.0,5.0,5.0,5.003771,MO,Premiere League,M
Onomah Josh,5.0,5.0,5.0,5.0,5.0,5.0,5.0,5.0,5.0,5.0,5.0,5.0,5.0,5.0,5.0,5.0,5.0,5.0,5.0,5.0,5.0,5.0,5.0,5.0,5.0,5.0,5.0,5.0,5.0,5.0,5.0,5.0,5.0,5.0,5.0,5.0,5.0,5.0,5.0,5.0,5.003771,MO,Premiere League,M
Coventry Conor,5.0,5.0,5.0,5.0,5.0,5.0,5.0,5.0,5.0,5.0,5.0,5.0,5.0,5.0,5.0,5.0,5.0,5.0,5.0,5.0,5.0,5.0,5.0,5.0,5.0,5.0,5.0,5.0,5.0,5.0,5.0,5.0,5.0,5.0,5.0,5.0,5.0,5.0,5.0,5.0,5.003771,MD,Premiere League,M
Cafú,5.0,5.0,5.0,5.0,5.0,5.0,5.0,5.0,5.0,5.0,5.0,5.0,5.0,5.0,5.0,5.0,5.0,5.0,5.0,5.0,5.0,5.0,5.0,5.0,5.0,5.0,5.0,5.0,5.0,5.0,5.0,5.0,5.0,5.0,5.0,5.0,5.0,5.0,5.0,5.0,5.003771,MD,Premiere League,M
Moran Andrew,5.0,5.0,5.0,5.0,5.0,5.0,5.0,5.0,5.0,5.0,5.0,5.0,5.0,5.0,5.0,5.0,5.0,5.0,5.0,5.0,5.0,5.0,5.0,5.0,5.0,5.0,5.0,5.0,5.0,5.0,5.0,5.0,5.0,5.0,5.0,5.0,5.0,5.0,5.0,5.0,5.003771,MO,Premiere League,M
Sambi Lokonga Albert,5.08,5.04,5.0,5.08,5.0,5.08,5.5,5.0,5.08,5.0,5.0,5.08,5.08,5.08,5.08,5.08,5.08,5.08,5.08,5.08,5.08,5.08,5.08,5.5,5.08,5.08,5.08,5.08,5.08,5.08,5.08,5.5,4.0,4.5,5.08,5.0,5.08,5.08,5.5,5.08,5.001715,MD,Premiere League,M
Stanislas Junior,5.0,5.0,5.0,4.5,5.0,5.0,5.0,5.0,5.0,5.0,5.0,5.0,5.0,5.5,5.0,5.0,5.0,5.0,5.0,5.0,5.0,5.0,5.0,5.0,5.0,5.0,5.0,5.0,5.0,5.0,5.0,5.0,5.0,5.0,5.0,5.0,5.0,5.0,5.0,5.0,4.996935,MO,Premiere League,M
Sanson Morgan,5.0,4.94,5.0,5.0,5.0,5.0,5.0,5.0,5.0,5.0,5.0,5.0,5.0,5.0,5.0,5.0,5.0,5.0,5.0,5.0,5.0,5.0,4.0,5.0,5.0,5.0,5.0,5.0,5.0,5.0,5.0,4.5,5.0,5.0,5.0,5.0,5.0,5.0,5.0,5.0,4.996544,MO,Premiere League,M
Djenepo Moussa,4.96,4.91,4.5,5.0,6.0,5.0,5.0,4.5,4.96,5.0,4.96,5.0,4.96,5.0,4.96,4.5,4.96,4.96,5.0,4.96,4.96,5.0,4.96,4.96,4.96,4.96,5.0,5.0,4.96,4.96,4.96,4.96,4.96,4.96,4.96,4.96,4.96,4.96,4.0,4.96,4.9905562,MO,Premiere League,M
Traoré Boubacar,4.88,5.02,4.88,4.88,4.88,4.88,4.88,4.88,4.88,5.0,5.0,4.88,5.0,4.5,5.0,4.5,5.0,5.0,4.88,4.88,4.88,4.88,5.0,4.5,5.0,5.0,4.88,4.5,4.88,4.88,4.88,4.88,5.0,5.5,4.0,6.0,6.0,5.0,3.0,4.88,4.9793935,MD,Premiere League,M
James Dan,5.22,5.0,5.22,5.0,6.5,5.0,5.0,5.0,5.0,5.5,5.0,5.0,4.5,5.0,5.22,5.22,5.0,6.5,5.0,5.5,5.0,5.22,5.22,4.0,8.0,3.0,5.5,3.0,4.5,5.22,6.0,4.0,5.5,3.5,4.0,4.5,6.0,5.22,5.22,5.22,4.9780436,MO,Premiere League,M
Wilson Harry,5.09,5.09,5.09,5.09,5.09,5.09,5.09,5.09,5.0,5.09,5.09,4.5,5.0,5.0,5.5,5.0,6.0,5.0,5.0,5.09,5.0,5.09,5.09,5.09,5.09,5.09,5.09,5.09,5.09,5.09,5.09,5.09,5.09,5.09,5.09,5.09,5.09,5.09,5.09,5.0,4.970222,MO,Premiere League,M
Downes Flynn,5.06,5.06,5.0,5.06,5.06,5.06,5.06,5.06,5.06,5.06,5.06,5.0,5.06,5.0,5.5,5.0,5.0,5.06,5.06,5.06,5.06,5.0,5.06,5.06,5.06,5.06,5.06,5.06,5.06,5.06,5.06,5.06,5.06,5.06,5.06,5.06,5.06,5.06,5.06,5.0,4.9661193,MD,Premiere League,M
Soumaré Boubakary,5.18,5.08,5.18,5.18,5.18,5.0,5.0,4.0,5.18,4.5,6.0,5.0,5.5,5.5,5.5,5.18,6.5,7.0,3.5,4.5,5.18,5.18,5.18,5.0,4.5,5.18,5.18,5.18,5.18,5.18,5.0,5.18,5.18,5.18,5.18,4.0,5.18,5.18,5.18,5.0,4.965598,MD,Premiere League,M
Loftus-Cheek Ruben,4.93,4.98,5.0,4.5,3.0,6.0,4.5,5.5,4.93,4.93,5.0,5.5,6.0,5.0,5.5,4.0,4.5,5.0,4.93,4.93,4.93,4.93,4.93,4.93,4.93,4.5,4.5,4.5,4.5,4.93,4.93,4.0,7.0,5.0,5.0,6.0,5.5,5.0,4.93,4.93,4.953889,MO,Premiere League,M
João Moutinho,4.83,4.83,4.83,4.83,4.83,4.83,4.83,4.83,4.83,4.83,4.83,4.83,4.83,4.83,4.83,4.83,4.83,4.5,4.83,5.0,4.83,4.83,4.83,4.83,4.83,4.83,4.83,4.83,4.83,4.83,4.83,4.83,4.83,4.83,4.83,4.83,4.83,4.83,4.83,6.0,4.951178,MO,Premiere League,M
João Moutinho,4.83,4.83,4.83,4.83,4.83,4.83,4.83,4.83,4.83,4.83,4.83,4.83,4.83,4.83,4.83,4.83,4.83,4.5,4.83,5.0,4.83,4.83,4.83,4.83,4.83,4.83,4.83,4.83,4.83,4.83,4.83,4.83,4.83,4.83,4.83,4.83,4.83,4.83,4.83,5.0,4.951178,MO,Premiere League,M
Oxlade-Chamberlain Alex,4.93,5.0,4.93,4.93,4.93,4.93,4.93,4.93,4.93,4.93,4.93,4.93,4.93,4.93,5.0,4.93,5.0,5.0,5.0,5.0,3.5,4.93,4.93,6.0,4.93,4.93,4.93,4.93,4.93,4.93,4.93,4.93,4.93,4.93,4.93,4.93,4.93,4.93,4.93,6.0,4.9126086,MO,Premiere League,M
Soucek Tomás,5.13,5.12,4.5,5.0,4.5,6.0,7.0,5.5,5.13,5.0,6.5,5.5,5.5,4.5,6.0,4.5,5.0,4.5,3.5,4.5,5.0,5.0,5.13,4.5,5.0,4.0,4.5,7.0,6.0,5.5,4.0,4.5,4.5,6.0,6.0,5.0,5.13,4.5,4.0,5.0,4.9125404,MD,Premiere League,M
Dendoncker Leander,5.2,5.23,6.5,5.5,5.0,5.0,5.2,5.2,5.2,5.0,5.2,5.0,5.0,5.0,7.0,3.5,6.0,5.0,4.5,5.2,5.2,5.0,5.0,5.5,6.0,7.5,6.0,5.0,5.2,6.0,4.5,6.0,5.2,4.5,5.0,4.0,4.5,5.2,4.5,5.0,4.8939357,MD,Premiere League,M
Armstrong Stuart,5.06,5.11,4.5,5.0,5.0,5.5,5.06,5.5,5.06,5.5,5.5,3.5,5.0,5.0,6.5,5.5,5.5,4.0,4.5,5.0,5.06,5.06,5.0,6.0,6.5,5.0,7.0,6.0,3.5,5.0,3.5,5.5,3.0,5.0,5.0,5.0,4.5,4.5,5.5,5.0,4.884878,MO,Premiere League,M
Price Isaac,5.0,4.75,5.0,5.0,5.0,5.0,5.0,5.0,5.0,5.0,5.0,5.0,5.0,5.0,5.0,5.0,5.0,5.0,5.0,5.0,5.0,5.0,5.0,5.0,5.0,5.0,5.0,5.0,5.0,5.0,5.0,5.0,5.0,5.0,5.0,5.0,5.0,5.0,4.5,5.0,4.880071,MO,Premiere League,M
Pedro Neto,5.0,4.88,6.0,6.0,5.0,4.0,5.0,5.0,5.0,4.0,5.0,5.0,5.0,5.0,5.0,5.0,5.0,5.0,5.0,5.0,5.0,5.0,5.0,5.0,5.0,5.0,5.0,4.5,4.5,5.0,5.0,4.0,4.5,4.5,4.5,5.0,5.0,5.0,6.5,5.0,4.878705,MO,Premiere League,M
Kulusevski Dejan,5.79,5.46,8.0,5.0,5.0,7.0,5.0,4.5,7.0,7.0,5.79,5.79,5.79,5.79,5.79,5.79,5.5,6.0,5.0,5.79,4.5,5.79,5.5,5.0,4.5,4.5,7.5,8.0,8.0,4.5,5.5,7.0,7.5,3.5,5.0,6.5,5.0,4.5,8.0,5.79,4.878336,MO,Premiere League,M
Murphy Jacob,5.15,5.14,5.0,5.0,5.0,5.0,5.0,5.0,5.15,5.0,6.0,7.0,5.0,4.5,5.0,5.0,5.5,5.0,5.0,5.0,5.0,5.0,5.0,5.15,5.0,5.15,5.0,5.0,5.5,5.0,5.0,4.5,5.0,5.0,6.0,5.0,5.5,5.0,5.0,5.0,4.8714213,MO,Premiere League,M
Cornet Maxwel,4.6,5.02,4.6,4.5,4.5,4.6,4.6,4.0,4.6,5.0,5.0,4.6,4.6,4.6,4.6,4.6,4.6,4.6,4.6,4.6,4.6,4.6,3.5,4.6,5.0,5.5,5.0,4.6,5.0,3.5,5.5,5.0,4.5,4.0,4.6,4.6,6.0,3.5,6.5,4.6,4.852161,MO,Premiere League,M
Christie Ryan,5.19,5.19,4.5,5.0,5.5,4.5,6.0,5.5,5.19,6.0,4.5,7.0,5.5,5.0,4.5,5.19,5.19,5.0,5.0,5.0,5.0,4.5,5.19,5.19,5.19,5.19,5.19,5.19,5.19,5.19,5.19,5.19,5.19,5.19,5.19,5.19,5.19,5.19,5.19,5.5,4.851687,MO,Premiere League,M
McNeil Dwight,5.06,5.39,6.0,4.5,5.0,4.5,5.0,5.0,5.06,4.5,7.5,5.0,4.5,5.0,6.0,5.0,4.5,4.0,5.5,5.06,5.06,4.5,6.5,6.5,6.0,5.0,7.0,5.5,4.0,4.5,7.0,4.5,5.5,5.5,6.5,5.5,6.5,6.0,5.0,5.0,4.8221364,MO,Premiere League,M
Lemina Mario,4.75,5.27,4.75,4.75,4.75,4.75,4.75,4.75,4.75,4.75,4.75,4.75,4.75,4.75,4.75,4.75,4.75,4.75,4.75,4.75,5.0,4.5,5.0,6.0,5.0,4.5,5.5,5.5,5.5,7.0,5.0,4.0,4.75,4.5,4.75,5.5,5.5,4.5,4.75,4.75,4.8168116,MD,Premiere League,M
Phillips Kalvin,4.83,5.0,5.0,4.83,4.83,4.83,4.83,4.83,4.83,4.83,4.83,4.83,4.83,4.83,4.83,4.83,4.83,4.83,4.83,4.83,4.83,4.5,4.83,4.83,4.83,4.83,4.83,4.83,4.83,4.83,4.83,5.5,5.5,4.5,5.0,4.0,5.0,5.0,6.0,5.0,4.8147545,MD,Premiere League,M
Harris Luke,4.83,4.83,4.83,4.83,4.83,4.83,4.83,4.83,4.83,4.83,4.83,4.83,4.83,5.0,4.83,4.83,5.0,4.83,4.5,4.83,4.83,4.83,4.83,4.83,4.83,4.83,4.83,4.83,4.83,4.83,4.83,4.83,4.83,4.83,4.83,4.83,4.83,4.83,4.83,4.83,4.8122783,MO,Premiere League,M
Rothwell Joe,4.83,4.83,4.83,4.83,4.83,4.83,4.83,4.83,4.83,4.83,4.83,4.83,4.83,5.0,4.83,4.83,4.5,4.83,4.83,5.0,4.5,5.5,4.83,4.83,4.83,4.83,4.83,4.83,4.83,4.83,4.83,4.83,4.83,4.83,4.83,4.83,4.83,4.83,4.83,4.5,4.7952323,MD,Premiere League,M
Forshaw Adam,4.9,4.73,4.9,5.0,5.0,5.0,4.9,4.9,4.9,4.9,4.9,4.9,4.9,4.9,4.9,4.9,4.9,4.9,4.5,5.0,4.9,4.9,4.9,4.9,5.0,4.5,4.5,3.0,5.0,4.9,5.5,6.0,4.9,4.9,4.9,4.9,4.9,4.9,4.9,4.9,4.794438,MD,Premiere League,M
Iwobi Alex,5.53,5.36,6.0,5.0,6.0,5.5,5.5,5.5,5.53,7.0,6.0,7.0,5.0,4.5,7.0,5.0,5.5,4.0,5.0,6.0,4.5,5.5,5.53,5.53,5.53,7.0,4.0,5.0,5.53,5.53,5.0,5.5,5.5,4.0,5.5,5.5,5.5,4.0,2.5,5.0,4.791666,MO,Premiere League,M
Dembélé Siriki,4.92,4.92,4.92,4.92,4.92,4.92,4.92,4.92,4.92,4.92,4.92,4.92,4.92,4.5,4.92,4.92,4.92,4.92,5.5,5.0,5.0,4.5,4.92,4.92,4.92,4.92,4.92,4.92,4.92,4.92,4.92,4.92,4.92,4.92,4.92,4.92,4.92,4.92,4.92,5.0,4.7913513,MO,Premiere League,M
Pearson Ben,4.79,4.79,6.0,4.0,4.0,5.0,4.79,4.79,4.79,4.79,4.79,4.79,4.79,4.79,4.79,4.79,4.79,5.0,4.79,4.79,4.5,5.0,4.79,4.79,4.79,4.79,4.79,4.79,4.79,4.79,4.79,4.79,4.79,4.79,4.79,4.79,4.79,4.79,4.79,4.79,4.77619,MD,Premiere League,M
Campbell Chem,4.8,4.75,5.0,4.8,4.8,4.8,4.8,4.8,4.8,5.0,5.0,4.5,4.8,4.8,4.5,4.8,4.8,4.8,4.8,4.8,4.8,4.8,4.8,4.8,4.8,4.8,4.8,4.8,4.8,4.8,4.8,4.8,4.5,4.8,4.8,4.8,4.8,4.8,4.8,4.8,4.7684517,MO,Premiere League,M
Mendy Nampalys,5.0,5.07,5.0,5.0,5.0,5.0,5.0,5.0,5.0,5.0,5.0,5.0,5.5,5.0,5.0,4.5,5.0,5.5,5.0,5.0,5.0,4.5,5.0,5.0,5.0,5.0,5.0,5.5,5.0,5.5,5.0,6.0,6.0,4.5,5.0,4.5,4.5,4.0,5.0,5.0,4.7414794,MD,Premiere League,M
Damsgaard Mikkel,5.05,5.11,5.05,5.05,5.05,5.0,5.5,5.0,5.05,5.0,5.5,4.0,5.05,5.05,5.5,5.0,5.5,5.05,5.05,5.05,4.5,5.05,5.05,5.05,5.05,5.05,5.05,5.05,5.05,5.05,5.05,5.05,5.05,5.0,5.05,5.05,5.5,5.0,5.5,5.05,4.734757,MO,Premiere League,M
Doucouré Cheick Oumar,5.5,5.56,5.0,6.5,5.5,4.5,6.0,7.0,5.5,5.5,5.0,5.0,5.0,5.5,5.5,5.5,6.0,5.5,4.5,7.0,5.0,6.0,5.0,5.5,6.0,5.5,5.0,4.5,5.0,4.5,4.0,8.5,5.5,6.0,5.5,6.0,6.0,5.5,6.0,4.5,4.731429,MD,Premiere League,M
Joelinton,5.75,5.64,7.0,5.5,6.0,6.5,6.0,5.5,5.75,5.5,5.75,5.0,5.5,5.5,5.0,7.0,5.75,5.0,8.0,5.0,5.5,5.0,5.5,5.5,5.5,5.5,5.5,7.0,6.0,5.75,5.5,3.5,5.5,6.0,8.0,4.5,4.0,6.0,5.0,5.0,4.7291236,MO,Premiere League,M
Lucas Moura,4.63,4.91,4.5,4.5,4.63,4.63,4.63,4.63,4.63,4.63,4.63,4.63,4.5,4.5,5.0,5.0,4.5,4.5,4.63,4.63,4.63,4.63,5.0,4.5,6.0,4.0,4.5,4.63,4.63,4.5,4.5,6.0,4.5,4.5,4.5,4.0,4.63,5.5,6.0,4.63,4.7278657,MO,Premiere League,M
Almirón Miguel,5.88,5.53,6.0,5.0,6.0,5.5,4.5,5.0,5.88,5.0,8.0,7.0,4.5,6.0,7.0,7.5,7.0,6.0,7.0,5.0,5.5,5.0,5.0,5.88,5.88,5.88,5.0,5.0,5.88,5.0,7.0,5.88,5.5,5.0,5.5,4.0,3.0,6.0,5.0,5.0,4.714334,MO,Premiere League,M
Sessegnon Ryan,5.03,5.07,7.0,4.0,5.0,4.5,5.03,6.0,4.5,5.0,5.0,5.5,5.03,4.5,5.0,6.0,4.5,5.03,5.03,4.5,4.5,5.03,6.0,4.0,5.03,3.5,5.0,7.0,4.5,5.03,5.03,5.03,5.03,5.03,5.0,5.0,6.0,5.5,5.5,5.0,4.7084684,MO,Premiere League,M
Lingard Jesse,4.75,4.75,4.0,6.0,5.0,5.0,4.75,5.0,4.75,5.0,3.5,4.75,5.0,4.5,5.0,4.0,4.5,5.0,5.0,4.75,4.75,4.75,5.0,4.75,5.0,5.0,4.5,4.75,5.0,4.75,3.5,4.75,4.75,5.5,4.5,4.75,4.75,4.75,4.75,4.75,4.6601386,MO,Premiere League,M
Milner James,4.85,5.06,4.0,5.5,4.5,5.5,5.5,4.5,4.85,4.85,4.0,4.85,6.0,5.0,5.0,4.0,4.85,5.0,4.85,4.85,4.85,4.5,4.85,5.0,4.85,5.0,4.85,4.85,5.0,5.0,5.0,5.0,4.85,4.85,4.85,6.0,4.85,7.0,5.0,4.85,4.635397,MD,Premiere League,M
Thiago,5.58,5.79,5.0,5.58,5.58,5.58,5.58,5.58,5.58,5.58,6.0,3.0,5.5,6.0,5.58,6.0,7.0,6.0,6.0,7.0,4.0,6.5,5.58,5.58,6.5,5.0,5.58,6.5,5.58,5.0,7.5,6.5,5.5,5.0,7.0,5.0,6.5,5.58,6.0,4.5,4.612137,MD,Premiere League,M
Fornals Pablo,5.24,5.28,5.0,5.5,5.5,7.0,5.5,5.0,5.24,5.0,6.0,6.0,5.24,5.0,5.0,5.0,4.5,4.5,5.0,5.24,4.5,5.24,5.24,5.0,5.5,5.0,5.0,7.0,5.0,6.0,5.0,6.0,5.0,5.0,5.0,5.0,5.5,7.0,4.5,5.0,4.6113405,MO,Premiere League,M
Bernardo Silva,5.63,5.66,5.0,5.0,7.0,7.0,7.5,4.0,5.0,6.0,7.0,6.0,4.5,5.63,7.0,5.0,6.0,5.0,5.63,5.0,4.5,5.5,5.0,5.5,6.0,6.0,5.0,5.5,7.5,4.0,7.0,5.0,5.5,6.5,5.63,5.0,5.63,5.5,5.5,5.0,4.60013,MO,Premiere League,M
Gray Demarai,5.1,5.13,5.0,4.0,7.0,5.0,4.0,5.0,5.1,5.0,5.0,5.0,5.0,4.0,5.5,7.0,5.0,4.5,5.0,6.5,5.5,4.0,6.0,5.5,5.5,5.1,5.1,4.5,5.1,5.0,5.0,5.0,4.5,6.0,4.0,7.0,6.0,4.5,4.0,5.0,4.577735,MO,Premiere League,M
Bruno Guimarães,5.88,5.64,7.0,6.0,5.0,5.88,5.88,5.88,5.88,4.5,7.0,8.0,6.0,6.0,5.0,7.0,6.5,5.0,7.0,4.5,5.5,4.5,6.0,5.88,5.5,5.0,5.0,5.5,5.5,4.5,7.0,5.5,7.0,8.0,8.0,5.5,3.0,8.0,6.0,5.5,4.566927,MD,Premiere League,M
Benrahma Saïd,5.28,5.39,4.0,6.0,4.5,5.0,5.5,5.0,5.28,4.5,5.28,5.28,6.0,4.5,7.0,6.0,6.0,6.0,6.0,4.0,5.5,5.5,5.28,5.28,4.5,4.5,5.0,5.28,4.5,7.0,6.0,6.0,4.5,5.0,3.5,5.0,8.0,5.28,5.28,4.0,4.537809,MO,Premiere League,M
Jones Curtis,4.83,5.2,4.83,4.83,4.83,4.83,4.83,4.83,4.83,4.83,4.83,4.83,4.83,5.0,5.0,5.0,5.0,4.83,4.83,4.83,4.83,4.5,4.83,5.5,5.0,4.83,4.83,4.5,5.0,4.83,4.83,5.5,4.83,5.5,4.83,4.83,4.83,6.0,4.83,4.5,4.494964,MO,Premiere League,M
Chalobah Nathaniel,4.5,4.5,4.5,4.5,4.5,4.5,5.0,4.5,5.0,4.5,3.5,4.5,4.5,4.5,4.5,4.5,4.5,4.5,4.5,4.5,4.5,4.5,4.5,4.5,4.5,4.5,4.5,4.5,4.5,4.5,4.5,4.5,4.5,4.5,4.5,4.5,4.5,4.5,4.5,4.5,4.49476,MD,Premiere League,M
Orsic Mislav,4.5,4.5,4.5,4.5,4.5,4.5,4.5,4.5,4.5,4.5,4.5,4.5,4.5,4.5,4.5,4.5,4.5,4.5,4.5,4.5,4.5,4.5,4.5,4.5,4.5,4.5,4.5,4.5,4.5,4.5,4.5,4.5,4.5,4.5,4.5,4.5,4.5,4.5,4.5,4.5,4.490743,MO,Premiere League,M
White Harvey,4.5,4.5,4.5,4.5,4.5,4.5,4.5,4.5,4.5,4.5,4.5,4.5,4.5,4.5,4.5,4.5,4.5,4.5,4.5,4.5,4.5,4.5,4.5,4.5,4.5,4.5,4.5,4.5,4.5,4.5,4.5,4.5,4.5,4.5,4.5,4.5,4.5,4.5,4.5,4.5,4.490743,MD,Premiere League,M
Alcaraz Carlos,4.5,4.5,4.5,4.5,4.5,4.5,4.5,4.5,4.5,4.5,4.5,4.5,4.5,4.5,4.5,4.5,4.5,4.5,4.5,4.5,4.5,4.5,4.5,4.5,4.5,4.5,4.5,4.5,4.5,4.5,4.5,4.5,4.5,4.5,4.5,4.5,4.5,4.5,4.5,4.5,4.490743,MO,Premiere League,M
Gilmour Billy,4.58,4.41,4.58,4.58,4.58,4.58,4.58,5.0,4.58,4.58,4.58,4.5,4.58,4.58,4.5,4.58,5.0,4.58,5.0,3.5,4.58,4.58,4.58,4.58,4.58,4.0,4.58,4.5,4.58,4.58,4.58,6.0,4.58,5.0,4.58,5.0,3.5,4.5,4.58,4.58,4.484224,MD,Premiere League,M
Janelt Vitaly,5.53,5.42,6.0,5.5,5.0,6.5,6.5,7.0,5.53,5.0,6.0,4.5,6.5,5.5,4.0,5.5,5.0,5.5,6.0,5.5,5.0,4.5,5.53,4.5,5.53,5.0,5.0,5.0,5.53,6.0,4.0,8.0,6.0,5.0,6.0,4.0,5.53,5.5,6.0,5.5,4.480341,MD,Premiere League,M
Davies Tom,4.7,4.59,4.7,4.0,4.5,5.0,5.0,5.0,4.7,4.7,5.0,4.7,4.7,4.7,5.0,4.7,4.7,4.7,4.7,4.5,4.7,4.0,4.7,4.7,4.7,4.7,4.7,4.7,4.7,4.7,4.7,4.7,4.7,4.7,4.7,4.7,4.7,4.7,3.5,5.0,4.45799,MD,Premiere League,M
Roca Marc,5.03,5.03,5.5,5.0,5.5,5.0,5.5,5.5,5.03,5.03,5.0,4.5,5.0,4.0,5.5,5.5,5.0,6.0,3.5,5.5,4.0,5.0,5.03,5.03,5.03,5.03,5.03,5.03,5.03,5.03,5.03,5.03,5.03,5.03,5.03,5.03,5.03,5.03,5.03,5.0,4.448213,MD,Premiere League,M
Ndidi Wilfred,4.71,4.98,5.5,5.0,5.0,4.5,6.0,2.0,4.71,2.0,5.5,4.71,4.71,4.71,4.71,4.71,5.0,5.5,5.5,5.5,4.0,4.71,7.0,4.71,4.0,5.5,4.5,4.71,6.5,5.5,4.71,4.71,4.71,4.71,4.71,4.71,4.71,4.71,4.71,5.0,4.4397244,MD,Premiere League,M
Hughes Will,4.89,4.96,4.5,5.0,5.0,5.0,4.89,4.89,5.5,4.89,5.0,5.0,4.89,4.89,4.89,4.5,4.89,5.0,5.0,5.0,4.5,5.0,4.0,3.5,4.89,4.5,4.89,4.89,5.0,4.89,4.89,4.89,4.89,4.0,4.89,5.0,5.5,4.89,6.0,4.5,4.4129887,MD,Premiere League,M
Sinisterra Luis,5.0,5.0,5.0,4.5,4.5,4.0,7.0,6.0,5.0,5.0,4.0,5.0,6.0,4.5,5.5,5.0,5.0,5.0,5.0,5.0,5.0,4.0,5.0,5.0,5.0,5.0,5.0,5.0,5.0,5.0,5.0,5.0,5.0,5.0,5.0,5.0,5.0,5.0,5.0,5.0,4.4043283,MO,Premiere League,M
Gabriel Martinelli,6.0,5.66,7.0,7.0,6.0,6.5,7.0,4.5,6.0,5.5,7.0,7.0,5.0,6.0,4.5,6.0,5.0,6.0,6.5,7.5,5.5,5.5,5.5,5.0,4.0,4.5,6.0,4.5,7.0,6.5,6.0,4.5,4.0,4.5,4.0,6.5,6.0,4.5,8.0,5.0,4.3355064,MO,Premiere League,M
Fabinho,5.25,5.41,5.0,6.0,5.0,7.0,4.5,5.5,5.25,5.25,5.0,5.0,6.0,4.5,4.0,5.0,6.5,5.5,6.0,5.25,4.0,5.0,5.25,6.5,6.5,6.0,5.25,6.5,5.0,5.5,7.0,7.0,4.5,4.5,5.5,4.5,4.5,5.25,5.25,5.0,4.278303,MD,Premiere League,M
Gakpo Cody,4.25,4.25,4.25,4.25,4.25,4.25,4.25,4.25,4.25,4.25,4.25,4.25,4.25,4.25,4.25,4.25,4.25,4.25,4.25,4.25,3.5,5.0,4.25,4.25,4.25,4.25,4.25,4.25,4.25,4.25,4.25,4.25,4.25,4.25,4.25,4.25,4.25,4.25,4.25,4.25,4.272283,MO,Premiere League,M
Foden Phil,5.75,5.73,6.0,7.0,6.0,6.5,5.0,5.0,5.75,6.5,9.0,7.0,5.0,5.75,5.0,5.0,5.0,6.5,5.0,5.0,4.0,5.75,5.0,5.5,5.0,7.0,5.0,6.0,5.5,4.5,7.0,4.5,5.0,6.0,5.75,7.5,6.5,5.75,6.0,5.0,4.240183,MO,Premiere League,M
Solomon Manor,4.25,4.25,4.0,4.25,4.25,4.25,4.25,4.25,4.5,4.25,4.25,4.25,4.25,4.25,4.25,4.25,4.25,4.25,4.25,4.25,4.25,4.25,4.25,4.25,4.25,4.25,4.25,4.25,4.25,4.25,4.25,4.25,4.25,4.25,4.25,4.25,4.25,4.25,4.25,4.25,4.235436,MO,Premiere League,M
Billing Philip,5.53,5.53,7.0,5.0,3.5,5.0,4.5,7.0,5.53,7.0,5.5,7.0,6.5,5.5,4.5,5.5,6.5,6.0,5.0,5.0,5.0,5.53,5.53,5.53,5.53,5.53,5.53,5.53,5.53,5.53,5.53,5.53,5.53,5.53,5.53,5.53,5.53,5.53,5.53,4.0,4.164117,MD,Premiere League,M
Henderson Jordan,5.13,5.26,6.0,5.0,4.5,6.0,5.5,5.13,5.13,5.13,5.5,4.0,5.0,6.0,5.0,5.5,5.0,5.13,5.5,5.0,3.5,5.0,5.13,5.5,5.13,4.0,5.13,5.5,5.5,5.5,6.5,5.5,5.5,6.0,5.0,5.5,5.5,5.0,5.5,5.13,4.156353,MD,Premiere League,M
Elliott Harvey,5.39,5.38,5.0,6.0,4.0,7.0,6.0,5.5,5.39,5.39,5.0,5.0,6.0,5.0,6.0,4.5,5.5,7.0,5.0,5.5,5.0,5.0,5.39,5.39,5.0,5.39,5.39,5.39,5.39,5.39,5.39,5.39,5.39,5.39,5.39,5.39,5.39,5.5,5.39,4.5,4.0914674,MO,Premiere League,M
Lavia Roméo,5.27,5.27,6.0,5.5,6.0,6.0,6.5,5.27,5.27,5.27,5.27,5.27,5.27,5.27,5.27,5.27,4.5,4.5,5.27,5.0,4.5,5.0,5.27,5.27,5.27,5.27,5.27,5.27,5.27,5.27,5.27,5.27,5.27,5.27,5.27,5.27,5.27,5.27,5.27,4.5,4.0492177,MD,Premiere League,M
Barnes Harvey,5.28,5.56,5.28,5.28,4.0,6.5,4.0,4.5,5.28,3.0,8.0,5.0,5.0,6.5,7.5,5.0,7.0,7.0,3.5,4.5,4.0,6.0,7.0,6.0,5.0,6.0,5.28,5.0,7.0,4.5,5.5,5.0,5.0,5.0,5.0,5.28,5.0,8.5,6.0,4.0,3.9903445,MO,Premiere League,M
Eze Eberechi,5.63,5.55,4.0,7.0,7.0,5.5,5.5,5.0,5.5,5.63,5.5,8.0,6.0,7.0,3.0,5.5,7.0,4.0,5.5,7.0,5.0,6.0,4.0,5.0,5.63,5.63,5.0,5.63,5.63,5.63,5.63,5.63,6.0,6.0,5.5,6.5,5.5,5.5,5.0,3.5,3.9374895,MO,Premiere League,M
Philippe Coutinho,4.85,4.94,4.0,5.0,5.5,5.0,4.5,4.5,4.85,5.5,5.5,4.5,5.0,4.85,4.5,5.0,4.85,4.85,5.0,5.5,5.0,5.0,6.0,4.0,8.0,4.5,4.0,6.0,7.5,5.0,5.0,4.5,4.0,4.5,5.0,5.5,5.5,5.0,6.5,3.5,3.8931532,MO,Premiere League,M
Saint-Maximin Allan,5.13,5.07,6.0,5.0,7.5,7.0,5.13,5.13,5.13,5.13,5.13,4.5,5.13,5.13,5.13,4.5,5.0,5.13,4.0,4.5,4.0,5.0,6.0,5.5,6.5,5.0,5.13,5.13,4.5,4.5,4.5,3.0,4.0,5.0,6.5,4.0,4.0,5.5,5.5,4.5,3.8855462,MO,Premiere League,M
Aaronson Brenden,5.11,5.11,5.0,4.5,7.5,5.0,6.0,4.0,5.11,5.11,5.0,5.0,5.0,5.5,6.0,5.5,4.5,6.0,4.0,5.0,4.5,5.5,5.11,5.11,5.11,5.11,5.11,5.11,5.11,5.11,5.11,5.11,5.11,5.11,5.11,5.11,5.11,5.11,5.11,3.5,3.8502285,MO,Premiere League,M
Elyounoussi Mohamed,5.13,5.11,5.13,4.5,5.5,5.0,7.0,5.0,5.13,4.5,5.0,5.0,6.5,6.0,6.0,5.0,4.5,4.0,5.0,5.5,5.0,4.5,5.13,4.5,7.0,6.0,5.5,5.0,4.0,6.0,4.0,5.5,3.0,6.0,5.13,5.0,4.5,4.5,3.5,4.0,3.6302154,MO,Premiere League,M
Gueye Idrissa,5.5,5.5,5.5,5.5,5.5,5.5,5.5,5.5,5.5,6.5,6.0,4.0,5.5,6.0,6.5,6.5,5.0,4.5,7.0,6.0,4.5,5.5,5.5,5.5,5.5,4.5,5.5,5.0,5.5,5.5,7.0,6.0,5.5,5.0,6.0,5.5,5.5,5.5,5.0,3.5,3.5237923,MD,Premiere League,M
Olise Michael,5.55,5.59,5.55,4.5,5.0,5.0,6.0,5.5,7.0,5.55,5.5,7.0,4.5,6.5,5.0,6.5,7.0,5.0,4.0,8.0,5.5,5.0,5.0,6.0,5.55,5.0,6.0,7.0,6.0,5.0,4.0,5.55,5.55,5.55,5.5,5.0,6.0,5.55,5.55,3.0,3.1678,MO,Premiere League,M
