Joueur,Note,Note 1 an,j1,j2,j3,j4,j5,j6,j7,j8,j9,j10,j11,j12,j13,j14,j15,j16,j17,j18,j20,j21,j22,j23,j24,j25,j26,j27,j28,j29,j30,j31,j32,j33,j34,j35,j36,j37,j38,j19,prediction_label,Poste,Championnat,Terrain
Aurier Serge,5.42,5.18,5.42,5.42,5.42,5.42,5.42,5.42,5.42,5.42,5.0,4.5,5.42,5.0,6.5,4.0,5.0,6.0,5.0,5.5,7.0,5.0,5.42,5.0,6.0,4.5,5.0,4.0,6.0,5.42,5.0,5.5,5.0,4.5,4.0,5.0,5.42,5.42,5.0,6.5,6.779006,DL,Premiere League,D
Doherty Matt,5.13,5.38,5.0,5.13,5.13,5.13,5.13,5.13,5.13,5.13,5.0,5.5,6.0,4.5,5.0,5.13,5.0,5.0,4.0,4.5,4.5,5.13,5.13,5.0,5.13,4.0,5.0,8.0,8.0,4.0,5.0,7.0,5.0,5.13,5.13,5.13,5.13,5.13,5.13,7.5,6.749745,DL,Premiere League,D
Schär Fabian,5.95,5.68,7.5,6.0,4.0,5.5,5.95,5.5,5.95,6.0,6.0,6.0,6.0,6.0,6.0,6.0,5.5,6.0,6.0,6.0,7.0,6.0,5.0,6.0,6.0,5.5,5.0,7.5,7.0,5.5,5.5,4.0,6.0,4.5,5.95,4.5,5.95,5.0,5.95,6.0,6.724142,DC,Premiere League,D
Mings Tyrone,5.08,5.16,5.08,5.5,3.5,5.08,6.0,5.5,5.08,6.0,5.0,4.5,3.0,3.5,7.0,3.5,6.0,5.5,4.0,5.5,5.5,5.0,5.0,7.0,6.0,4.5,5.0,7.5,6.0,4.5,4.0,4.5,3.0,4.5,5.5,6.0,5.5,4.5,4.0,7.0,6.6747117,DC,Premiere League,D
Colwill Levi,5.14,5.14,5.0,5.14,5.14,5.0,5.14,5.14,5.14,5.14,5.14,5.14,5.14,5.14,5.14,5.14,5.14,5.0,5.5,3.0,7.0,5.14,5.14,5.14,5.14,5.14,5.14,5.14,5.14,5.14,5.14,5.14,5.14,5.14,5.14,5.14,5.14,5.14,5.14,5.5,6.5603647,DC,Premiere League,D
Collins Nathan,4.74,4.94,4.5,5.5,4.5,5.0,5.5,6.0,4.74,3.5,4.74,4.74,4.74,3.5,3.0,4.5,4.0,4.0,6.0,4.5,6.0,5.0,5.0,4.74,4.74,4.74,6.0,4.74,3.5,4.0,7.5,4.74,4.5,6.0,5.5,5.5,3.5,6.5,3.0,5.5,6.5582247,DC,Premiere League,D
Estupiñán Pervis,5.0,5.07,5.0,5.0,5.0,5.0,5.0,5.0,5.0,5.0,4.5,4.5,5.0,5.0,4.5,7.0,4.5,5.0,5.0,3.0,5.5,5.5,5.0,5.0,5.0,5.0,7.0,5.0,5.0,5.0,4.0,5.0,5.0,5.0,5.0,6.5,5.0,4.5,5.5,6.0,6.3383937,DL,Premiere League,D
Renan Lodi,4.79,5.02,4.79,4.79,4.79,4.79,3.0,4.5,4.79,4.0,3.5,4.79,4.79,4.79,5.0,4.5,4.79,6.0,5.0,5.0,5.0,6.0,4.0,4.79,4.79,4.79,8.0,4.0,5.0,5.5,3.5,4.5,5.0,5.5,4.5,5.0,7.0,4.79,4.79,6.0,6.337005,DL,Premiere League,D
Zouma Kurt,5.47,5.36,5.0,5.5,4.5,6.5,5.5,4.5,5.47,5.0,6.0,5.5,5.47,5.0,7.0,5.5,4.5,5.0,5.47,5.47,5.47,7.0,5.47,5.0,6.5,5.47,6.0,7.0,5.5,6.0,2.5,5.5,5.5,5.47,5.47,3.5,6.0,5.0,4.0,5.47,6.3286586,DC,Premiere League,D
Pinnock Ethan,5.25,5.07,5.25,5.25,5.25,5.25,5.25,5.25,5.25,5.25,5.25,2.0,6.0,6.0,3.5,4.5,5.0,6.0,5.5,7.0,5.5,5.5,5.25,4.0,4.5,6.0,5.0,5.0,5.25,7.0,3.5,5.0,6.0,5.0,5.25,5.25,5.25,5.25,5.25,6.5,6.262119,DC,Premiere League,D
Stones John,5.39,5.45,5.39,5.0,4.0,5.5,7.5,5.5,5.5,5.5,5.39,5.39,5.39,5.39,5.39,5.0,6.0,4.0,5.5,4.5,5.39,6.0,6.0,5.39,6.0,5.39,5.39,5.5,5.5,6.0,6.0,5.39,4.5,5.39,5.39,5.39,5.39,5.39,5.0,6.0,6.2539635,DC,Premiere League,D
Adarabioyo Tosin,4.93,4.93,5.0,5.0,4.5,4.5,5.5,4.5,5.5,6.0,3.0,4.0,4.93,4.93,5.0,4.93,4.93,4.93,4.93,5.0,5.0,4.93,4.93,4.93,4.93,4.93,4.93,4.93,4.93,4.93,4.93,4.93,4.93,4.93,4.93,4.93,4.93,4.93,4.93,6.5,6.203153,DC,Premiere League,D
Worrall Joe,4.69,4.69,3.5,5.0,5.0,5.5,2.0,3.5,4.69,5.0,4.69,4.69,4.69,5.0,5.0,5.0,4.69,5.0,4.0,5.0,6.0,5.5,4.69,4.69,4.69,4.69,4.69,4.69,4.69,4.69,4.69,4.69,4.69,4.69,4.69,4.69,4.69,4.69,4.69,5.0,6.198864,DC,Premiere League,D
Veltman Joël,4.85,4.93,5.5,5.5,6.0,4.5,3.5,5.0,4.85,4.85,3.5,4.0,3.5,5.0,4.5,4.85,5.0,5.0,5.5,4.85,5.5,5.0,5.0,5.0,4.5,6.0,3.5,4.0,3.5,4.0,3.5,6.0,5.5,6.5,4.5,6.0,6.0,5.5,6.5,6.0,6.15373,DL,Premiere League,D
Thiago Silva,5.5,5.47,5.5,4.5,4.0,6.0,5.5,7.0,4.5,5.5,7.0,5.5,6.0,5.5,5.5,5.0,4.0,5.5,6.0,5.5,6.5,6.0,4.5,7.0,6.0,5.0,6.0,5.5,7.0,5.5,5.5,3.0,6.0,5.5,6.0,5.0,5.0,5.0,6.0,5.0,6.070014,DC,Premiere League,D
Dunk Lewis,4.95,5.0,5.5,6.0,6.0,5.5,3.0,5.5,4.95,4.95,3.5,5.0,5.5,6.0,3.0,6.0,5.0,3.0,5.5,3.5,6.0,4.5,4.95,4.95,4.95,6.0,4.95,4.0,6.0,5.0,3.5,6.0,5.5,5.5,4.5,6.0,6.0,5.5,5.5,6.0,6.013347,DC,Premiere League,D
Kilman Maximilian,4.7,4.92,5.0,5.5,5.5,5.0,6.0,5.5,4.7,3.5,4.5,3.5,6.0,4.0,2.0,5.5,3.5,4.0,4.5,4.5,6.5,3.5,7.0,5.0,5.0,6.5,5.5,4.0,3.0,6.0,4.7,6.0,5.5,4.7,4.7,4.7,4.7,4.7,4.7,6.0,6.003804,DC,Premiere League,D
Tete Kenny,5.32,5.32,6.0,4.5,4.5,5.0,6.0,5.0,5.0,5.0,5.32,5.32,5.32,5.32,5.32,5.0,5.0,5.32,6.5,5.5,5.5,5.32,5.32,5.32,5.32,5.32,5.32,5.32,5.32,5.32,5.32,5.32,5.32,5.32,5.32,5.32,5.32,5.32,5.32,6.0,5.946823,DL,Premiere League,D
Badiashile Benoît,6.25,5.62,6.25,6.25,6.25,6.25,6.25,6.25,6.25,6.25,6.25,6.25,6.25,6.25,6.25,6.25,6.25,6.25,6.25,6.25,6.5,6.0,6.25,6.25,6.25,6.25,6.25,5.5,5.5,6.0,6.0,5.5,5.5,5.5,6.0,7.5,6.0,5.5,6.0,6.25,5.937744,DC,Premiere League,D
Cash Matty,4.78,4.97,4.5,5.0,3.5,4.5,4.5,5.0,4.78,4.78,4.78,5.0,4.5,3.5,6.0,3.5,5.5,5.0,4.78,5.5,4.78,5.0,4.5,5.0,5.0,4.5,4.5,7.0,7.5,4.0,5.0,4.0,3.5,5.0,5.0,5.0,5.5,5.0,5.0,6.0,5.903245,DL,Premiere League,D
Bueno Hugo,4.73,4.73,4.73,4.73,4.73,4.73,4.73,4.73,4.73,4.73,4.73,4.73,5.0,5.0,3.0,5.0,4.0,4.0,5.0,5.0,6.5,4.5,4.73,4.73,4.73,4.73,4.73,4.73,4.73,4.73,4.73,4.73,4.73,4.73,4.73,4.73,4.73,4.73,4.73,5.0,5.8689356,DC,Premiere League,D
Laporte Aymeric,5.5,5.65,5.5,5.5,5.5,5.5,5.5,5.5,5.5,5.5,5.0,5.5,5.5,5.5,5.5,5.5,5.5,5.5,5.5,5.5,5.5,6.0,6.0,7.0,6.0,5.5,4.5,6.0,5.0,6.0,5.0,6.0,4.5,6.0,5.0,6.0,7.0,5.0,5.0,5.5,5.8046646,DC,Premiere League,D
Antonee Robinson Antonee,5.06,5.06,5.0,5.0,4.5,5.0,5.5,5.0,5.0,5.06,5.06,4.5,5.0,6.0,5.0,6.0,3.5,4.5,5.5,5.0,5.06,5.06,5.06,5.06,5.06,5.06,5.06,5.06,5.06,5.06,5.06,5.06,5.06,5.06,5.06,5.06,5.06,5.06,5.06,6.0,5.8027606,DL,Premiere League,D
Coufal Vladimír,4.79,4.63,4.5,4.5,4.5,5.0,5.0,3.5,4.79,4.5,4.79,4.79,6.0,4.79,5.5,4.79,4.79,4.79,4.0,4.0,5.0,6.0,4.79,4.5,4.5,4.0,4.79,4.79,4.79,4.79,4.79,4.79,4.5,4.79,5.0,4.0,5.0,3.5,4.5,5.0,5.798968,DL,Premiere League,D
Konsa Ezri,4.97,4.86,4.5,5.0,4.0,4.5,4.5,4.5,4.97,6.0,5.5,4.5,4.5,4.0,7.0,4.0,5.5,5.5,3.5,6.0,6.0,5.5,5.0,6.0,4.0,4.97,4.97,6.0,4.97,4.97,5.0,4.0,3.0,4.5,5.5,4.97,5.0,5.5,4.97,5.0,5.7653723,DC,Premiere League,D
Maguire Harry,5.0,5.06,4.5,3.0,5.0,5.0,5.0,5.0,5.0,5.0,5.0,5.0,5.0,5.0,5.0,6.5,5.0,5.0,5.0,5.0,5.0,5.0,5.0,5.0,4.5,5.0,6.5,5.0,3.0,5.0,3.5,6.0,6.0,5.0,5.0,5.0,5.5,5.0,4.5,6.0,5.764808,DC,Premiere League,D
Mee Ben,5.16,5.26,4.0,7.0,3.5,5.5,4.5,5.5,5.16,3.0,5.5,3.5,6.0,6.0,5.16,7.0,5.0,5.5,4.0,6.0,6.0,5.0,5.5,6.0,5.5,5.5,6.0,5.5,5.16,5.16,5.16,5.16,5.16,5.16,5.16,5.16,5.16,5.16,5.16,5.5,5.749746,DC,Premiere League,D
Koch Robin,4.5,4.46,6.0,4.5,6.0,4.5,5.0,2.0,4.5,4.5,6.0,4.0,4.0,3.0,3.5,6.0,4.0,3.0,4.0,5.0,4.0,5.5,4.5,4.5,4.0,4.0,5.0,4.5,4.5,4.5,5.5,4.5,5.5,3.0,4.5,3.5,4.5,5.0,4.0,5.5,5.746877,DC,Premiere League,D
Ogbonna Angelo,5.0,5.0,5.0,5.0,5.0,5.0,5.0,5.0,5.0,5.0,5.0,5.0,5.0,5.0,5.0,5.0,5.0,5.0,5.0,4.0,4.0,7.0,5.0,5.0,5.0,5.0,5.0,5.0,5.0,5.0,5.0,5.0,5.0,5.0,5.0,5.0,5.0,5.0,5.0,5.0,5.719983,DC,Premiere League,D
Burn Dan,5.28,5.35,7.0,5.5,4.0,5.0,4.5,5.0,5.28,5.5,6.5,5.0,4.5,5.0,5.0,6.0,4.5,5.5,6.0,5.0,6.0,5.0,5.0,5.0,5.5,6.0,5.5,6.0,6.0,5.0,6.0,3.0,6.0,5.5,6.0,5.5,3.0,6.0,5.0,5.0,5.673641,DC,Premiere League,D
Augustinsson Ludwig,5.33,4.96,5.33,5.33,5.33,5.33,5.33,5.33,5.33,5.33,5.0,5.33,5.33,5.33,5.33,5.33,5.33,5.0,5.33,5.33,5.33,5.33,5.33,5.33,5.33,4.5,4.5,5.33,5.0,5.0,5.0,5.0,5.0,5.0,5.33,5.33,5.33,5.33,5.33,6.0,5.66612,DL,Premiere League,D
Ream Tim,5.2,5.2,6.0,6.0,4.5,5.5,6.5,5.0,5.5,4.5,3.0,3.5,5.0,6.0,4.5,5.0,4.5,5.0,7.5,5.5,5.0,5.2,5.2,5.2,5.2,5.2,5.2,5.2,5.2,5.2,5.2,5.2,5.2,5.2,5.2,5.2,5.2,5.2,5.2,6.0,5.6658807,DC,Premiere League,D
Lindelöf Victor,5.0,4.88,5.0,5.0,5.0,5.0,5.0,5.0,5.0,5.0,4.0,5.5,5.0,5.0,5.0,5.0,3.5,6.0,5.0,5.0,5.0,5.0,5.0,5.0,5.0,5.0,5.0,6.0,3.0,5.0,3.0,5.0,4.5,5.5,4.0,6.0,3.0,6.0,4.5,6.0,5.6547976,DC,Premiere League,D
Cooper Liam,4.79,4.94,4.79,4.79,4.79,4.79,4.79,4.79,4.79,4.79,5.5,3.5,5.5,6.0,3.5,5.5,5.5,3.0,3.0,6.0,4.5,4.79,4.79,4.79,4.79,4.79,4.79,4.79,4.79,4.79,4.79,5.5,7.0,4.0,6.0,4.79,4.79,4.5,4.5,6.0,5.632395,DC,Premiere League,D
Chalobah Trevoh,4.83,5.08,4.83,4.83,4.83,5.0,4.83,4.83,3.5,4.83,4.83,6.0,5.0,5.5,5.0,2.0,5.0,5.0,5.0,4.83,5.5,5.5,4.83,4.83,4.83,4.83,4.83,5.5,6.0,5.0,4.83,4.83,4.83,6.0,6.0,4.83,4.83,4.83,4.83,4.83,5.6201367,DC,Premiere League,D
Saliba William,5.63,5.41,6.0,4.5,7.5,6.0,5.0,4.0,5.63,7.5,6.0,5.0,5.5,5.63,5.5,6.0,6.0,5.5,5.0,5.0,6.0,5.5,6.0,5.0,6.0,4.0,5.0,5.5,6.0,5.0,5.0,6.0,4.5,6.0,7.0,3.5,6.0,3.5,5.63,5.5,5.610922,DC,Premiere League,D
Botman Sven,5.75,5.55,5.0,6.0,4.0,5.5,5.75,6.0,5.75,5.75,6.5,7.0,6.0,6.0,5.0,6.0,6.0,6.0,6.0,5.5,6.0,5.5,6.0,4.0,5.5,5.5,6.0,6.0,5.0,5.75,5.75,5.75,5.75,5.75,5.5,4.0,4.0,5.75,4.5,5.5,5.608918,DC,Premiere League,D
Caleta-Car Duje,5.0,5.0,5.0,5.0,5.0,5.0,5.0,5.0,5.0,5.0,4.0,5.0,5.0,6.0,5.5,5.0,5.0,3.5,5.0,5.0,6.0,5.0,6.0,5.0,5.5,4.0,5.0,5.0,5.0,5.0,5.0,5.0,6.0,4.5,5.0,3.5,5.0,4.0,6.0,5.0,5.595856,DC,Premiere League,D
Ayling Luke,4.92,4.41,4.92,4.92,4.92,4.92,4.92,6.0,4.92,4.92,4.5,5.0,4.92,4.92,3.5,5.5,5.0,4.0,5.0,5.0,4.0,6.0,4.92,5.0,3.0,3.5,3.0,3.0,5.5,4.92,7.0,4.5,4.5,4.92,5.0,2.0,3.0,4.92,4.92,5.5,5.5725746,DL,Premiere League,D
Salisu Mohammed,4.63,4.54,2.5,3.5,5.5,5.0,5.0,5.0,4.63,5.0,4.63,3.5,6.0,6.0,4.5,5.5,4.5,3.5,4.0,3.5,5.5,5.5,4.0,7.0,5.0,4.0,6.0,5.5,4.63,3.0,4.63,5.0,1.5,4.63,4.5,4.5,3.5,5.0,3.0,4.5,5.554123,DC,Premiere League,D
Bajcetic Stefan,5.5,5.5,5.5,5.5,5.5,5.0,5.5,5.5,5.5,5.5,5.5,5.5,5.5,5.5,5.5,5.5,5.5,5.5,6.5,5.0,5.5,5.5,5.5,5.5,5.5,5.5,5.5,5.5,5.5,5.5,5.5,5.5,5.5,5.5,5.5,5.5,5.5,5.5,5.5,5.5,5.5467296,DC,Premiere League,D
Aguerd Nayef,5.13,5.24,5.13,5.13,5.13,5.13,5.13,5.13,5.13,5.13,5.13,5.13,5.13,5.13,5.13,5.13,5.13,4.5,5.13,5.13,5.0,7.5,5.13,5.5,5.0,6.0,5.5,6.5,5.5,5.5,5.5,4.5,5.13,4.5,4.0,5.13,5.13,6.0,4.5,3.5,5.48963,DC,Premiere League,D
Aké Nathan,5.32,5.36,6.0,6.0,5.0,5.32,5.32,5.0,5.0,5.32,4.5,6.5,4.5,5.32,5.32,5.32,6.0,5.32,5.0,5.0,4.0,6.0,5.32,5.32,5.32,6.5,5.32,5.32,5.32,5.32,5.0,5.5,5.32,5.0,5.0,6.5,5.32,5.32,5.32,6.0,5.4844446,DC,Premiere League,D
Shaw Luke,5.03,5.06,4.0,3.0,5.03,5.03,5.03,5.03,5.0,5.03,4.0,5.0,5.0,6.0,6.5,5.0,3.5,5.5,6.5,6.0,5.0,3.5,5.03,5.03,5.0,4.5,5.5,5.0,5.03,5.03,5.03,5.0,5.03,5.03,5.03,5.03,5.03,5.03,5.03,7.0,5.4754457,DL,Premiere League,D
James Reece,5.5,5.53,6.5,6.0,3.5,7.0,5.5,6.0,5.5,5.5,5.0,5.0,5.5,5.5,5.5,5.5,5.5,5.5,5.0,5.5,5.5,5.5,5.5,5.5,5.5,4.0,5.5,7.0,8.0,5.5,5.5,4.5,5.0,7.0,5.5,5.0,4.0,7.0,5.5,5.5,5.464615,DL,Premiere League,D
Zanka,4.88,4.92,4.88,4.88,4.88,5.5,4.0,4.5,4.88,4.88,5.0,4.88,4.88,5.0,4.0,4.88,4.0,6.0,4.5,5.5,5.0,4.88,4.88,4.88,4.88,4.88,4.88,4.88,4.88,4.88,4.88,4.88,5.5,4.88,4.88,4.88,4.88,4.88,4.88,5.5,5.4541006,DC,Premiere League,D
Boly Willy,5.08,4.81,5.08,5.08,5.08,5.08,5.08,5.08,5.08,3.0,5.08,5.08,5.08,5.08,5.08,5.08,5.08,5.5,4.0,7.0,5.08,5.0,5.08,5.08,5.08,5.08,5.08,5.08,5.08,5.08,4.0,6.0,4.5,2.5,5.0,3.0,6.0,5.0,5.0,6.0,5.4430885,DC,Premiere League,D
Dier Eric,5.0,5.19,6.0,4.0,5.5,5.5,5.0,5.5,3.0,7.0,3.5,5.0,6.0,4.0,4.5,6.0,5.0,4.5,5.0,5.0,4.0,5.0,6.0,3.5,5.0,5.0,5.5,6.0,6.0,3.5,5.5,5.0,6.0,4.5,5.5,5.5,5.5,5.5,6.0,6.0,5.4240417,DC,Premiere League,D
Akanji Manuel,5.32,5.32,5.32,5.32,5.32,5.32,5.32,5.32,5.0,6.0,5.5,6.5,4.0,5.32,5.0,5.5,6.0,4.5,5.0,5.5,5.0,5.5,5.32,5.32,5.32,5.32,5.32,5.32,5.32,5.32,5.32,5.32,5.32,5.32,5.32,5.32,5.32,5.32,5.32,5.5,5.410888,DC,Premiere League,D
Martínez Lisandro,5.06,5.06,5.0,3.5,5.5,6.0,5.5,5.5,6.0,5.06,2.5,4.5,5.0,6.0,5.5,6.0,3.5,5.5,5.06,5.06,5.0,5.5,5.06,5.06,5.06,5.06,5.06,5.06,5.06,5.06,5.06,5.06,5.06,5.06,5.06,5.06,5.06,5.06,5.06,5.0,5.3462434,DC,Premiere League,D
Richards Chris,5.08,5.08,5.08,6.0,5.0,4.0,5.08,5.08,5.5,5.08,5.08,5.08,5.08,5.08,5.08,5.08,5.08,5.08,4.5,5.08,5.08,5.5,5.08,5.08,5.08,5.08,5.08,5.08,5.08,5.08,5.08,5.08,5.08,5.08,5.08,5.08,5.08,5.08,5.08,5.08,5.340887,DC,Premiere League,D
Diogo Dalot,5.07,5.11,4.0,3.0,5.0,7.0,6.0,5.0,5.07,5.07,3.0,5.5,5.5,6.5,5.0,6.5,3.5,5.07,5.07,5.07,5.07,5.07,4.5,6.0,5.0,5.0,5.07,5.07,5.07,6.0,4.0,5.0,5.07,4.5,4.5,6.0,4.5,5.0,4.5,5.5,5.336578,DL,Premiere League,D
McKenna Scott,4.44,4.44,4.0,4.5,4.5,4.5,2.5,2.5,4.44,4.0,3.0,5.5,5.0,5.5,6.5,3.0,5.5,4.44,4.44,4.44,5.5,5.0,4.44,4.44,4.44,4.44,4.44,4.44,4.44,4.44,4.44,4.44,4.44,4.44,4.44,4.44,4.44,4.44,4.44,4.44,5.3212504,DC,Premiere League,D
Rúben Dias,5.19,5.4,5.5,5.5,4.0,4.5,6.0,5.0,5.0,6.0,5.19,6.0,5.0,5.19,5.0,5.0,5.0,5.19,5.19,5.19,5.19,5.19,5.19,5.0,6.0,7.0,4.0,5.5,5.19,5.19,5.0,5.19,5.19,5.19,5.5,7.5,6.0,5.19,5.19,5.19,5.3111844,DC,Premiere League,D
Lamptey Tariq,4.88,5.03,5.0,5.0,4.88,5.0,5.0,5.0,4.88,4.88,5.0,5.0,4.88,5.0,5.0,4.5,4.88,5.0,5.0,3.5,5.0,5.0,5.5,6.0,6.0,7.0,3.5,4.0,4.5,5.0,5.0,4.5,4.5,5.5,4.88,5.0,5.0,5.0,5.5,5.0,5.286685,DL,Premiere League,D
Malacia Tyrell,5.08,5.08,5.0,5.0,5.0,6.0,4.5,5.0,5.08,5.08,3.5,5.08,5.08,5.08,5.08,5.08,5.0,5.0,5.5,6.0,5.5,5.08,5.08,5.08,5.08,5.08,5.08,5.08,5.08,5.08,5.08,5.08,5.08,5.08,5.08,5.08,5.08,5.08,5.08,5.08,5.277381,DL,Premiere League,D
Tomiyasu Takehiro,5.03,4.98,5.03,5.0,5.0,5.0,5.0,5.0,5.03,5.0,5.0,5.0,5.0,5.03,5.0,5.5,5.03,5.03,5.03,4.5,5.0,5.5,4.5,5.03,5.03,5.03,5.03,5.03,5.03,5.03,5.03,5.03,5.03,5.03,5.0,5.0,5.0,4.5,5.03,5.0,5.276758,DL,Premiere League,D
Wöber Maximilian,5.25,5.25,5.25,5.25,5.25,5.25,5.25,5.25,5.25,5.25,5.25,5.25,5.25,5.25,5.25,5.25,5.25,5.25,5.25,5.25,5.0,5.5,5.25,5.25,5.25,5.25,5.25,5.25,5.25,5.25,5.25,5.25,5.25,5.25,5.25,5.25,5.25,5.25,5.25,5.25,5.273006,DC,Premiere League,D
Gomez Joe,5.03,5.05,5.03,5.5,4.5,6.0,4.5,6.0,5.03,5.03,5.03,5.0,6.0,4.5,4.5,3.0,5.0,5.5,5.0,5.0,4.5,6.0,5.03,5.0,5.03,5.03,5.03,5.03,5.03,5.03,5.03,5.5,5.03,5.03,5.03,5.0,5.03,5.0,5.03,5.03,5.265526,DC,Premiere League,D
Phillips Nathaniel,5.25,5.25,5.25,5.5,5.25,5.25,5.25,5.25,5.25,5.25,5.25,5.25,5.25,5.25,5.25,5.25,5.25,5.0,5.25,5.25,5.25,5.25,5.25,5.25,5.25,5.25,5.25,5.25,5.25,5.25,5.25,5.25,5.25,5.25,5.25,5.25,5.25,5.25,5.25,5.25,5.2590785,DC,Premiere League,D
Ajer Kristoffer,4.13,4.76,4.13,4.13,4.13,4.13,4.13,4.13,4.13,3.0,5.5,2.0,6.0,4.13,2.0,4.5,4.13,4.13,4.13,4.13,4.5,5.5,4.13,4.0,4.5,5.0,5.5,4.0,4.13,5.5,4.5,6.0,6.0,6.0,4.13,4.5,8.0,5.0,5.0,4.13,5.253974,DC,Premiere League,D
Emerson,4.83,4.93,4.83,4.83,4.83,5.0,5.0,4.0,4.83,5.0,5.0,4.5,5.0,4.83,4.83,4.83,4.83,4.83,4.83,4.5,4.83,5.5,4.83,5.0,6.0,4.5,5.0,6.5,3.0,4.83,4.0,4.83,5.0,5.0,4.83,6.5,4.0,4.83,5.0,4.83,5.2482615,DL,Premiere League,D
Álex Moreno,5.0,5.15,5.0,5.0,5.0,5.0,5.0,5.0,5.0,5.0,5.0,5.0,5.0,5.0,5.0,5.0,5.0,5.0,5.0,5.0,5.0,5.0,5.5,5.0,5.0,6.0,4.0,5.0,5.0,5.0,7.5,5.0,5.5,5.0,5.0,4.5,5.5,5.5,5.0,5.0,5.245281,DL,Premiere League,D
Holgate Mason,5.38,4.73,5.5,4.5,5.5,6.0,5.38,5.38,5.38,5.38,5.38,5.38,5.38,5.38,5.38,5.38,5.38,5.38,5.38,5.38,5.38,5.38,5.38,4.0,2.0,6.0,4.5,5.0,2.5,5.0,5.0,5.5,5.38,6.0,4.0,5.5,6.5,4.5,3.0,5.38,5.2410307,DC,Premiere League,D
Chilwell Ben,5.17,5.15,5.0,5.17,5.0,5.0,5.0,7.0,5.17,5.17,5.0,5.17,5.0,5.17,4.5,5.0,5.17,5.17,5.17,5.17,5.17,5.17,5.17,5.17,5.17,5.17,5.17,5.17,5.17,5.17,5.17,5.17,5.17,5.17,5.17,5.17,5.17,5.17,5.0,5.17,5.218776,DL,Premiere League,D
Stephens Jack,5.08,4.68,4.0,5.0,5.08,5.08,5.08,5.08,5.08,5.0,5.08,5.08,5.08,5.08,5.08,5.0,5.08,6.0,5.08,5.08,5.08,5.5,5.08,5.08,5.08,5.5,5.08,5.0,3.0,5.08,5.08,5.08,5.08,5.08,5.08,5.08,5.08,4.5,3.0,5.08,5.206232,DC,Premiere League,D
Nélson Semedo,4.75,4.87,4.75,5.0,5.0,6.0,5.0,4.75,4.75,5.0,4.0,4.0,5.0,4.0,4.5,5.0,3.0,5.0,5.0,5.0,6.5,4.0,5.0,5.5,5.0,5.0,4.5,4.75,4.75,4.75,4.75,4.75,4.75,4.75,5.0,5.0,4.75,4.75,4.75,4.5,5.186829,DL,Premiere League,D
Williams Neco,4.7,4.7,4.5,7.0,5.0,4.0,3.0,3.0,4.7,3.5,3.5,5.0,5.0,5.5,5.0,5.0,5.0,5.0,5.0,5.0,5.0,5.0,4.7,4.7,4.7,4.7,4.7,4.7,4.7,4.7,4.7,4.7,4.7,4.7,4.7,4.7,4.7,4.7,4.7,5.0,5.1822925,DL,Premiere League,D
Krafth Emil,5.0,5.13,5.0,5.0,5.0,5.0,5.0,5.0,5.0,5.0,5.0,5.0,5.0,5.0,5.0,5.0,5.0,5.0,5.0,5.0,5.0,5.0,5.0,5.0,5.0,5.0,5.0,6.0,5.5,5.0,5.5,5.0,5.5,6.0,5.0,4.5,3.5,6.0,5.0,5.0,5.148595,DL,Premiere League,D
Biancone Giulian,5.0,5.19,5.0,5.0,5.0,5.0,5.0,5.0,5.0,5.0,5.0,5.0,5.0,5.0,5.0,5.0,5.0,5.0,5.0,5.0,5.0,5.0,5.0,5.5,4.0,5.0,4.5,6.0,5.0,5.0,6.0,4.5,5.0,5.5,5.5,6.0,5.5,5.0,5.0,5.0,5.146584,DL,Premiere League,D
Wan-Bissaka Aaron,5.29,4.89,5.29,5.29,5.0,5.29,5.29,5.29,5.0,5.29,5.29,5.29,5.29,5.29,5.29,5.29,5.29,5.29,5.5,5.5,6.0,4.5,5.29,5.29,5.29,5.29,5.0,5.0,3.0,5.29,4.0,5.29,5.0,5.29,5.29,5.29,5.29,5.29,5.29,5.5,5.1329446,DL,Premiere League,D
Targett Matt,5.05,5.09,6.5,5.05,5.05,5.0,5.5,5.0,5.05,3.5,5.0,5.0,5.0,5.05,5.05,5.0,5.05,5.0,5.05,5.05,5.05,5.05,5.05,5.05,5.0,5.05,5.0,7.0,5.0,5.0,6.0,3.0,4.5,6.0,5.0,5.0,3.0,6.5,6.0,5.05,5.1276035,DL,Premiere League,D
Tierney Kieran,5.0,5.16,5.0,5.0,5.0,4.5,4.5,5.0,5.0,6.0,5.0,5.0,5.0,5.0,5.0,5.0,5.0,5.0,5.5,4.5,5.0,5.0,5.0,5.5,5.5,5.0,5.0,4.5,4.5,6.0,6.0,5.0,5.0,5.0,5.0,5.0,5.0,5.0,5.0,5.0,5.104821,DL,Premiere League,D
Davies Ben,4.88,5.05,5.5,5.0,5.5,6.0,4.5,4.88,3.5,4.88,4.88,5.5,5.5,4.0,5.0,5.0,4.0,6.0,5.0,3.0,5.0,4.88,6.0,3.0,5.0,4.0,6.0,7.0,6.0,3.0,5.0,6.0,5.0,4.5,5.5,5.5,5.0,5.5,6.0,5.0,5.0986166,DL,Premiere League,D
Sánchez Davinson,5.05,5.24,5.05,5.05,6.0,6.5,5.0,5.05,5.05,4.5,5.0,5.05,5.0,5.0,4.0,4.5,5.05,4.5,5.5,5.05,5.05,5.05,6.0,4.5,3.0,4.0,5.0,5.05,5.5,5.05,5.05,5.05,5.05,5.05,5.0,5.05,5.0,7.0,6.0,5.05,5.097811,DC,Premiere League,D
Webster Adam,4.93,5.11,5.5,5.0,5.5,6.0,4.0,5.0,4.93,4.93,4.0,5.0,3.5,5.0,4.0,6.0,5.5,4.93,4.93,4.93,5.0,4.93,5.0,6.0,7.0,7.5,4.93,4.93,4.93,4.93,4.5,4.93,5.0,4.93,4.0,5.0,5.0,5.0,6.0,4.93,5.0742474,DC,Premiere League,D
Schlupp Jeffrey,5.08,5.4,4.5,6.0,5.5,4.0,4.5,5.5,6.0,5.08,4.5,5.0,5.5,6.0,4.5,5.5,5.5,4.5,3.5,6.0,5.0,5.0,6.0,5.5,5.08,5.0,5.0,6.0,7.0,5.0,5.5,6.0,6.0,5.5,5.0,6.0,5.0,6.5,6.0,5.0,5.0733175,DL,Premiere League,D
Holding Rob,5.0,5.22,5.0,5.0,5.0,5.0,5.0,5.0,5.0,5.0,5.0,5.0,5.0,5.0,5.0,5.0,5.0,5.0,5.0,5.0,5.0,5.0,3.5,4.5,6.0,5.5,5.0,5.0,5.0,5.0,5.0,5.0,5.0,5.0,5.5,7.5,5.5,5.0,5.5,5.0,5.0695424,DC,Premiere League,D
Lenglet Clément,4.77,4.72,5.0,4.77,4.77,4.77,4.77,5.0,4.0,5.5,3.5,4.77,4.77,4.77,5.0,6.0,4.0,4.0,7.0,3.5,3.5,4.77,5.0,4.77,4.77,4.77,4.77,4.77,4.77,4.77,4.77,4.5,4.5,5.0,5.0,4.77,5.0,4.5,3.5,6.0,5.0423207,DC,Premiere League,D
Lascelles Jamaal,4.88,5.09,4.88,4.88,4.88,4.88,4.5,4.88,4.88,4.88,5.0,4.88,5.0,4.88,4.88,5.0,4.88,4.88,4.88,4.88,4.88,4.88,5.0,6.0,6.0,4.88,4.88,5.0,4.88,4.5,4.88,5.0,4.88,4.88,6.0,5.0,3.0,5.0,5.5,4.88,5.0408564,DC,Premiere League,D
White Ben,5.42,5.17,6.0,4.5,6.0,5.0,5.5,3.5,5.42,5.5,6.5,4.5,4.5,5.42,6.0,6.0,5.0,5.5,7.0,6.0,6.0,5.0,5.42,5.0,6.0,4.5,5.5,4.0,4.5,6.5,6.0,4.0,4.0,4.5,5.0,5.42,5.42,4.0,5.42,5.0,5.0366893,DC,Premiere League,D
Emerson Royal,5.0,5.19,7.0,4.5,6.0,5.5,5.5,5.5,5.5,5.0,3.0,5.0,5.0,5.0,4.5,4.5,4.0,4.5,5.0,5.0,5.0,5.0,6.0,5.0,3.5,5.0,6.0,5.0,5.0,5.0,5.0,6.5,6.0,4.0,5.0,5.0,6.0,5.5,5.5,5.0,5.0351353,DL,Premiere League,D
Söyüncü Çaglar,5.0,4.96,5.0,5.0,5.0,5.0,5.0,5.0,5.0,5.0,5.0,5.0,5.0,5.0,5.0,5.0,5.0,5.0,5.0,5.0,5.0,5.0,6.5,5.5,5.0,3.5,5.0,5.0,7.0,4.0,5.5,5.0,5.5,4.0,5.5,4.0,5.0,5.0,5.0,5.0,5.026268,DC,Premiere League,D
Bella-Kotchap Armel,4.96,4.96,4.96,4.5,6.5,6.0,6.0,5.0,4.96,5.5,4.0,4.0,5.5,4.96,4.96,4.96,4.5,4.0,4.96,4.0,4.96,4.96,4.96,4.96,4.96,4.96,4.96,4.96,4.96,4.96,4.96,4.96,4.96,4.96,4.96,4.96,4.96,4.96,4.96,5.0,5.0191374,DC,Premiere League,D
Romero Cristian,4.54,4.93,5.5,4.5,4.54,4.54,4.54,6.0,3.0,5.5,3.0,5.5,5.5,4.0,4.54,4.54,4.54,4.54,4.54,3.0,3.5,4.54,4.54,4.54,4.0,5.0,4.5,7.0,5.0,3.5,5.5,6.0,6.0,3.5,6.0,6.0,5.0,4.54,4.54,5.5,5.016021,DC,Premiere League,D
Hall Lewis,4.7,4.7,4.7,4.7,4.7,4.7,4.7,4.7,5.0,4.7,4.7,4.7,4.7,4.7,4.7,4.7,4.7,4.0,4.7,4.7,4.5,5.0,4.7,4.7,4.7,4.7,4.7,4.7,4.7,4.7,4.7,4.7,4.7,4.7,4.7,4.7,4.7,4.7,4.7,5.0,5.0069222,DL,Premiere League,D
Gómez Sergio,5.0,5.0,5.0,5.0,5.0,5.0,5.0,5.0,5.0,5.0,5.5,4.5,5.0,5.0,5.0,5.0,5.0,5.0,5.0,5.0,5.0,5.0,5.0,5.0,5.0,5.0,5.0,5.0,5.0,5.0,5.0,5.0,5.0,5.0,5.0,5.0,5.0,5.0,5.0,5.0,5.006853,DL,Premiere League,D
Ritchie Matt,5.0,5.0,5.0,5.0,5.0,5.0,5.0,5.0,5.0,5.0,5.0,5.0,5.0,5.0,5.0,5.0,5.0,5.0,5.0,5.0,5.0,5.0,5.0,5.0,5.0,5.0,5.0,5.0,5.0,5.0,5.0,5.0,5.0,5.0,5.0,5.0,5.0,5.0,5.0,5.0,5.003771,DL,Premiere League,D
Lewis Jamal,5.0,5.0,5.0,5.0,5.0,5.0,5.0,5.0,5.0,5.0,5.0,5.0,5.0,5.0,5.0,5.0,5.0,5.0,5.0,5.0,5.0,5.0,5.0,5.0,5.0,5.0,5.0,5.0,5.0,5.0,5.0,5.0,5.0,5.0,5.0,5.0,5.0,5.0,5.0,5.0,5.003771,DL,Premiere League,D
Lembikisa Dexter,5.0,5.0,5.0,5.0,5.0,5.0,5.0,5.0,5.0,5.0,5.0,5.0,5.0,5.0,5.0,5.0,5.0,5.0,5.0,5.0,5.0,5.0,5.0,5.0,5.0,5.0,5.0,5.0,5.0,5.0,5.0,5.0,5.0,5.0,5.0,5.0,5.0,5.0,5.0,5.0,5.003771,DL,Premiere League,D
Rúben Vinagre,5.0,5.0,5.0,5.0,5.0,5.0,5.0,5.0,5.0,5.0,5.0,5.0,5.0,5.0,5.0,5.0,5.0,5.0,5.0,5.0,5.0,5.0,5.0,5.0,5.0,5.0,5.0,5.0,5.0,5.0,5.0,5.0,5.0,5.0,5.0,5.0,5.0,5.0,5.0,5.0,5.003771,DL,Premiere League,D
Spence Djed,5.0,5.0,5.0,5.0,5.0,5.5,5.0,5.0,5.0,5.0,5.0,5.0,5.0,5.0,5.0,5.0,5.0,5.0,5.0,4.5,5.0,5.0,5.0,5.0,5.0,5.0,5.0,5.0,5.0,5.0,5.0,5.0,5.0,5.0,5.0,5.0,5.0,5.0,5.0,5.0,5.0029697,DL,Premiere League,D
Juan Larios,5.0,5.0,5.0,5.0,5.0,5.0,5.0,5.0,5.0,4.5,4.5,5.0,5.0,5.0,5.0,5.0,6.0,5.0,5.0,5.0,5.0,5.0,5.0,5.0,5.0,5.0,5.0,5.0,5.0,5.0,5.0,5.0,5.0,5.0,5.0,5.0,5.0,5.0,5.0,5.0,4.991169,DL,Premiere League,D
Henry Rico,4.76,4.91,5.0,6.5,3.5,4.5,5.0,4.5,4.76,3.5,5.0,3.0,6.0,5.0,3.5,5.0,4.0,6.5,5.0,5.0,4.76,4.5,4.76,5.0,5.0,6.0,5.0,3.5,4.76,5.5,4.0,6.0,6.5,5.0,5.0,3.0,6.0,6.5,5.0,5.5,4.990748,DL,Premiere League,D
Toffolo Harry,4.85,4.85,4.0,5.5,5.5,4.5,5.0,4.85,4.85,4.85,4.85,5.0,3.5,5.0,4.85,4.85,4.85,4.85,5.5,4.85,4.85,4.85,4.85,4.85,4.85,4.85,4.85,4.85,4.85,4.85,4.85,4.85,4.85,4.85,4.85,4.85,4.85,4.85,4.85,5.0,4.9820104,DL,Premiere League,D
Maitland-Niles Ainsley,5.0,4.91,5.0,5.0,5.0,5.0,5.0,5.0,5.0,5.0,4.0,5.0,5.5,6.0,5.0,6.0,3.5,5.0,5.5,4.5,5.0,5.0,5.5,5.5,4.5,5.0,5.0,5.0,5.0,5.0,5.0,5.0,5.0,5.0,5.0,5.0,5.0,4.5,5.0,5.0,4.958134,DL,Premiere League,D
Kristensen Rasmus,4.86,4.86,5.5,4.0,5.5,5.0,5.0,4.86,4.86,4.86,5.0,4.0,5.0,4.5,4.86,6.0,4.5,4.5,4.5,5.0,4.86,4.86,4.86,4.86,4.86,4.86,4.86,4.86,4.86,4.86,4.86,4.86,4.86,4.86,4.86,4.86,4.86,4.86,4.86,4.86,4.947903,DL,Premiere League,D
Johnson Ben,4.88,4.87,5.0,4.5,5.0,5.0,4.88,4.88,4.88,4.88,4.88,4.88,4.5,5.0,5.0,4.88,4.88,4.88,4.88,4.88,4.88,5.0,4.88,4.88,4.88,4.88,5.0,5.5,5.0,4.5,3.5,4.88,4.88,5.0,5.5,4.88,4.88,5.0,5.0,4.88,4.940765,DL,Premiere League,D
Diop Issa,5.25,5.2,5.25,5.25,5.25,5.0,5.25,5.25,5.25,4.0,5.0,5.25,5.5,6.0,5.25,6.0,5.5,4.5,6.5,5.0,5.0,5.25,5.25,5.25,5.25,7.0,5.25,5.0,5.25,5.0,5.25,5.25,4.5,5.0,5.25,5.25,5.25,5.25,5.25,5.0,4.926275,DC,Premiere League,D
Trippier Kieran,6.0,5.91,6.0,5.0,6.0,5.5,5.0,6.5,6.0,5.0,7.0,7.0,5.5,6.5,7.0,7.0,7.0,5.5,7.5,5.0,4.5,5.5,4.5,6.0,7.0,7.0,6.0,6.0,6.0,6.0,6.0,6.0,6.0,6.0,6.0,6.0,4.5,6.0,5.5,6.0,4.9239864,DL,Premiere League,D
Cédric Soares,5.0,4.97,5.0,5.0,5.0,5.0,5.0,5.0,5.0,5.0,5.0,5.0,5.0,5.0,5.0,5.0,5.0,5.0,5.0,5.0,5.0,5.0,3.0,5.0,5.5,5.5,5.0,4.5,4.5,6.0,5.5,3.5,4.5,5.0,4.5,5.0,5.0,4.5,8.0,5.0,4.917523,DL,Premiere League,D
Roerslev Mads,4.96,4.79,4.96,6.0,4.96,4.96,4.96,4.96,4.96,4.96,4.96,4.96,5.0,5.0,4.0,5.0,4.5,5.0,4.0,6.0,5.0,5.5,4.96,4.0,3.0,4.96,4.96,4.96,4.96,4.96,5.0,6.0,5.0,4.96,6.0,3.5,4.96,5.0,4.96,4.5,4.9146976,DL,Premiere League,D
Chambers Calum,4.75,5.13,4.75,5.0,4.75,4.5,4.75,4.75,4.75,4.75,4.75,4.75,4.75,4.75,5.0,4.75,4.75,4.75,4.75,4.5,4.75,4.75,4.75,4.75,5.0,4.0,4.5,4.75,6.0,4.5,4.75,4.75,4.75,4.75,4.75,6.0,5.5,5.0,4.5,4.75,4.9083586,DC,Premiere League,D
Manquillo Javier,5.0,4.78,5.0,5.0,5.0,5.0,5.0,5.0,5.0,5.0,5.0,5.0,5.0,5.0,5.0,5.0,5.0,5.0,5.0,5.0,5.0,5.0,5.0,5.5,5.0,5.0,5.0,5.0,5.0,5.0,5.0,3.0,5.0,5.0,5.0,5.0,5.0,5.0,5.0,5.0,4.9051437,DL,Premiere League,D
Aït-Nouri Rayan,4.87,4.91,3.5,4.0,4.5,4.87,5.0,5.5,4.87,4.5,4.5,4.5,5.5,4.87,4.87,4.87,5.0,4.87,7.0,5.0,4.5,5.0,7.5,5.0,5.0,5.5,4.5,4.87,4.87,4.87,3.5,4.87,5.0,3.0,4.87,3.5,5.5,6.5,4.5,5.0,4.8688736,DL,Premiere League,D
Zemura Jordan,4.5,4.5,6.0,4.5,3.0,3.0,5.0,5.0,4.5,6.5,5.0,4.5,5.5,4.5,4.0,3.0,4.5,5.0,4.0,3.0,4.5,5.0,4.5,4.5,4.5,4.5,4.5,4.5,4.5,4.5,4.5,4.5,4.5,4.5,4.5,4.5,4.5,4.5,4.5,4.5,4.8515973,DL,Premiere League,D
Duffy Shane,4.88,4.67,5.0,4.88,5.0,4.88,4.88,4.88,4.88,4.88,4.88,4.5,4.88,4.88,5.0,4.88,4.88,4.88,4.88,4.88,4.88,4.88,4.88,4.88,4.88,5.0,3.5,4.88,4.5,4.88,4.88,4.88,4.88,4.88,4.88,4.88,4.88,4.88,4.88,4.88,4.8511887,DC,Premiere League,D
Mitchell Tyrick,4.78,4.99,4.0,5.0,6.5,4.5,5.0,5.0,5.5,4.78,4.0,4.5,5.0,4.5,3.5,6.0,5.0,5.0,3.5,4.78,4.0,5.5,5.0,4.0,4.78,5.0,5.5,5.0,7.0,6.0,4.5,6.0,5.0,4.0,4.78,4.78,5.0,5.0,5.0,4.78,4.831328,DL,Premiere League,D
Walker Kyle,5.0,5.06,5.5,6.0,3.0,4.5,6.5,5.0,5.0,5.0,5.0,5.0,5.0,5.0,5.0,5.0,5.0,5.0,5.0,5.0,4.5,5.0,5.0,5.0,5.0,7.0,4.0,5.0,5.0,4.5,5.0,6.0,4.5,5.0,5.0,5.0,5.0,5.0,5.0,5.0,4.8186684,DL,Premiere League,D
Zinchenko Oleksandr,5.42,5.43,6.0,5.5,6.0,5.42,5.42,4.0,5.42,5.42,6.0,5.42,5.42,5.42,5.42,5.42,5.5,5.0,5.5,6.0,6.0,4.5,5.42,5.42,5.42,6.0,5.42,5.42,5.42,5.42,5.0,5.42,5.42,4.5,6.0,5.0,6.5,5.0,7.0,5.0,4.8171015,DL,Premiere League,D
Justin James,4.75,4.87,4.5,3.5,4.0,5.0,5.0,2.5,4.75,3.0,6.0,4.5,5.0,6.0,6.0,5.5,6.0,4.75,4.75,4.75,4.75,4.75,4.75,5.0,4.5,5.0,4.75,4.75,4.75,5.0,6.0,5.0,5.0,3.5,5.0,4.75,4.75,5.0,5.0,4.75,4.79144,DL,Premiere League,D
Kurzawa Layvin,4.5,4.5,4.5,4.5,4.5,4.5,4.5,4.5,4.5,4.5,4.0,4.5,4.5,4.5,4.5,4.5,4.5,4.5,4.5,4.5,5.0,4.5,4.5,4.5,4.5,4.5,4.5,4.5,4.5,4.5,4.5,4.5,4.5,4.5,4.5,4.5,4.5,4.5,4.5,4.5,4.789496,DL,Premiere League,D
Ashley Young Ashley,5.09,5.09,5.09,5.0,5.09,5.09,5.09,5.0,5.09,5.0,6.0,7.0,4.5,4.0,6.0,3.0,5.0,5.0,4.0,7.0,5.0,5.0,5.09,5.09,5.0,5.09,5.0,4.5,6.5,5.0,4.5,5.0,5.0,5.09,6.0,5.09,5.0,5.09,4.5,5.0,4.7865205,DL,Premiere League,D
Gabriel Magalhães,5.68,5.53,6.0,5.0,6.0,6.0,6.0,3.5,5.68,6.0,5.0,5.5,7.0,5.68,6.0,6.0,7.0,6.0,6.0,5.0,5.5,5.0,5.0,5.0,8.0,5.5,5.0,4.0,4.5,6.0,5.5,4.5,4.0,5.5,6.0,7.0,5.5,4.5,7.0,5.5,4.777156,DC,Premiere League,D
Cresswell Aaron,5.0,4.93,5.0,4.5,4.0,6.0,5.5,5.0,5.0,5.0,6.0,5.0,6.0,5.5,6.5,5.0,3.5,4.5,3.5,4.5,5.0,5.0,5.0,4.0,5.0,3.5,6.0,6.0,5.0,5.0,3.5,6.5,4.5,5.0,5.0,3.5,6.0,4.5,4.5,5.0,4.776654,DL,Premiere League,D
Keane Michael,4.5,4.63,4.5,4.5,4.5,4.5,4.5,4.5,4.5,4.5,4.5,4.5,4.5,4.5,4.5,4.5,4.5,4.5,4.5,4.5,4.5,4.5,3.0,4.5,3.0,7.5,4.5,4.5,3.0,4.5,6.0,3.0,6.0,5.5,4.5,4.5,6.0,4.5,3.5,4.5,4.7755246,DC,Premiere League,D
Toti,4.93,4.41,4.93,4.93,4.93,4.93,4.93,4.93,4.93,4.93,4.93,4.0,6.0,4.93,4.93,4.93,4.93,4.5,5.0,5.0,5.0,4.93,4.93,5.0,4.93,4.93,4.93,4.93,4.93,4.93,4.93,4.93,4.93,4.93,4.93,4.93,4.93,5.0,4.0,5.0,4.767902,DC,Premiere League,D
Mina Yerry,5.17,5.17,5.0,5.17,5.17,5.17,5.17,5.17,5.17,5.17,5.17,5.17,5.17,5.17,5.17,5.17,5.17,5.17,6.0,5.17,5.17,4.5,5.0,5.0,4.5,5.17,5.17,5.17,5.17,5.17,5.17,5.17,5.17,5.17,5.17,6.5,5.0,5.17,5.17,5.17,4.7581725,DC,Premiere League,D
Wesley Fofana Wesley,4.5,5.05,4.5,3.0,4.5,4.5,4.5,5.0,4.5,4.5,5.5,4.5,4.5,4.5,4.5,4.5,4.5,4.5,4.5,4.5,4.5,4.5,4.5,4.5,4.5,4.5,4.5,6.0,4.5,4.5,4.5,5.0,4.5,4.5,5.0,4.5,4.5,6.0,6.0,4.5,4.756893,DC,Premiere League,D
Diego Carlos,4.5,5.25,3.5,5.5,4.5,4.5,4.5,4.5,4.5,4.5,4.5,4.5,4.5,4.5,4.5,4.5,4.5,4.5,4.5,4.5,4.5,4.5,4.0,4.5,6.0,5.0,5.5,4.5,4.5,4.5,5.0,7.0,4.0,5.0,5.5,4.5,5.5,6.0,4.5,4.5,4.7242465,DC,Premiere League,D
Mbabu Kevin,4.75,4.75,4.75,5.0,6.5,5.0,4.75,3.0,4.75,4.75,4.0,4.75,4.75,4.75,4.75,4.75,5.0,4.75,4.75,4.75,4.75,4.75,4.75,4.75,4.75,4.75,4.75,4.75,4.75,4.75,4.75,4.75,4.75,4.75,4.75,4.75,4.75,4.75,4.75,4.75,4.723634,DL,Premiere League,D
Digne Lucas,4.79,5.0,4.0,3.5,3.0,5.0,4.0,5.5,4.79,6.0,4.79,4.79,4.79,4.79,4.79,5.0,7.0,5.0,4.0,5.5,4.5,4.79,4.5,6.5,5.0,4.0,5.0,5.5,4.79,5.0,4.79,5.0,3.0,4.5,4.79,5.5,6.5,6.5,5.5,5.0,4.714915,DL,Premiere League,D
Jansson Pontus,4.86,5.02,5.0,6.0,4.0,4.86,4.86,5.0,4.86,3.5,5.5,4.86,4.86,4.86,4.86,4.86,4.86,4.86,4.86,5.0,4.86,4.86,4.86,3.5,5.5,6.0,5.0,4.0,4.86,6.0,4.5,6.0,4.86,7.0,6.0,4.0,7.5,5.0,5.0,4.86,4.688576,DC,Premiere League,D
Firpo Junior,4.17,4.29,4.17,4.17,4.17,4.17,4.17,4.17,4.17,4.17,4.5,4.17,4.17,3.0,4.17,4.17,4.17,4.17,4.17,4.17,5.0,4.17,4.17,4.17,4.17,4.17,4.0,3.0,4.5,4.17,4.17,4.17,4.17,4.5,4.17,3.5,5.0,5.0,5.0,4.17,4.6870155,DL,Premiere League,D
Fredericks Ryan,4.63,4.64,4.63,4.63,4.63,4.63,5.0,5.0,4.63,4.63,4.63,4.5,5.0,4.5,4.5,4.5,4.0,4.63,4.63,4.63,4.63,4.63,4.63,5.0,4.63,5.0,4.0,4.63,4.63,5.0,4.63,5.0,4.63,4.63,4.63,4.0,4.63,4.63,4.63,4.63,4.6821027,DL,Premiere League,D
Bednarek Jan,4.7,4.83,3.5,5.0,4.7,4.7,4.7,4.7,4.7,4.7,5.0,4.7,4.7,5.0,4.7,4.7,4.7,4.7,4.7,5.0,4.7,4.7,3.0,5.5,4.0,5.0,6.0,6.0,3.0,3.5,4.0,6.0,2.0,7.5,4.5,4.0,4.0,4.7,4.7,4.7,4.6790547,DC,Premiere League,D
Lewis Rico,4.94,4.94,4.94,5.0,4.94,4.94,5.5,4.94,5.0,4.94,4.94,4.5,4.94,4.94,4.94,4.94,4.94,4.94,5.0,5.0,4.94,5.0,4.94,4.94,4.94,4.94,4.94,4.94,4.94,4.94,4.94,4.94,4.94,4.94,4.94,4.94,4.94,4.94,4.94,4.5,4.6691837,DL,Premiere League,D
Hickey Aaron,4.72,4.7,3.5,6.0,4.5,5.0,6.0,5.0,4.72,4.5,5.0,3.0,4.72,4.72,4.72,4.72,4.72,4.72,4.72,4.72,4.72,4.72,4.72,4.5,4.72,3.5,6.0,5.0,5.5,5.0,4.5,5.0,5.0,4.5,5.0,4.5,3.5,3.5,5.0,4.72,4.6385574,DL,Premiere League,D
Jonny,4.54,4.69,4.0,5.5,5.0,5.0,5.0,6.0,4.54,3.0,3.5,4.0,5.0,4.54,4.0,4.54,4.0,4.54,4.54,5.0,4.54,4.54,4.54,4.54,4.54,4.54,4.54,4.54,5.0,5.0,5.0,7.0,5.5,2.5,5.0,4.0,4.5,4.5,4.5,4.54,4.612419,DL,Premiere League,D
Walker-Peters Kyle,4.34,4.64,4.0,5.0,5.0,5.0,4.5,5.0,4.34,4.5,3.5,3.5,4.5,5.0,4.34,4.34,4.34,4.34,3.0,3.5,4.5,4.0,4.34,6.0,5.0,5.5,7.0,7.0,5.0,5.0,4.5,5.5,2.5,5.5,5.0,4.5,4.0,4.0,3.0,5.0,4.6074123,DL,Premiere League,D
Faes Wout,4.86,5.1,4.86,4.86,4.86,4.86,4.86,4.86,4.86,2.0,6.0,5.0,5.5,5.5,6.0,5.0,6.0,6.0,4.0,3.0,4.0,4.5,3.5,7.5,6.0,6.0,5.5,5.5,7.0,5.5,5.0,3.0,6.0,5.5,5.0,5.5,5.0,5.0,5.5,5.5,4.606432,DC,Premiere League,D
Thomas Luke,4.5,4.5,4.5,4.5,4.5,4.5,5.0,2.5,4.5,4.5,4.5,4.5,4.5,4.5,5.0,4.5,4.5,5.5,4.5,4.5,4.0,4.5,5.0,5.0,4.0,5.0,4.0,3.5,5.5,4.5,4.5,4.5,5.0,3.0,4.5,4.0,4.5,4.5,4.5,5.0,4.5952687,DL,Premiere League,D
Tsimikas Konstantinos,5.04,5.03,5.04,5.0,5.0,7.0,5.0,6.0,5.04,5.04,4.0,4.0,5.0,5.0,5.04,5.04,5.04,5.0,5.04,5.0,5.04,5.04,5.04,5.04,5.04,5.04,5.04,5.04,5.04,5.04,5.04,5.04,5.04,5.5,5.04,5.04,5.0,5.5,5.04,4.5,4.586718,DL,Premiere League,D
van Hecke Jan Paul,4.75,4.75,4.75,4.75,4.75,5.0,4.75,4.75,4.75,4.75,4.75,4.75,4.75,4.75,4.75,4.75,4.75,4.75,4.75,4.75,4.75,4.5,4.75,4.75,4.75,4.75,4.75,4.75,4.75,4.75,4.75,4.75,4.75,4.75,4.75,4.75,4.75,4.75,4.75,4.75,4.5805,DC,Premiere League,D
Azpilicueta César,5.0,4.9,6.0,4.5,5.0,6.0,4.0,5.0,4.5,5.0,5.0,5.0,5.5,6.0,4.5,5.0,5.0,4.5,5.0,5.0,5.0,5.0,5.0,5.5,5.5,4.0,5.0,5.5,5.0,5.0,5.0,3.0,5.0,5.0,6.0,4.0,3.5,5.0,5.5,4.5,4.577626,DL,Premiere League,D
Stacey Jack,4.61,4.61,4.61,3.0,4.61,4.61,4.61,5.0,4.61,5.5,4.61,5.0,5.0,4.61,4.61,4.61,5.0,4.61,4.0,4.61,4.0,4.61,4.61,4.61,4.61,4.61,4.61,4.61,4.61,4.61,4.61,4.61,4.61,4.61,4.61,4.61,4.61,4.61,4.61,5.0,4.5639887,DL,Premiere League,D
Varane Raphaël,5.33,5.27,5.33,5.0,5.5,5.5,6.0,5.0,5.0,5.33,4.0,5.5,5.5,6.5,5.0,5.33,5.33,5.33,6.0,6.0,5.5,4.0,4.5,5.5,5.5,5.5,5.0,5.5,5.33,5.5,5.33,5.5,5.33,5.33,4.0,7.5,3.0,5.0,5.33,5.33,4.553935,DC,Premiere League,D
Llorente Diego,4.63,4.64,5.5,5.0,6.0,5.0,4.5,1.5,4.63,4.63,4.63,4.63,4.63,4.5,4.63,4.63,4.63,4.63,5.0,4.63,4.63,4.63,4.63,5.0,5.0,3.0,3.5,2.5,4.63,4.63,4.5,5.5,5.5,4.5,4.5,4.63,6.0,5.0,5.0,4.63,4.543728,DC,Premiere League,D
Kelly Lloyd,4.85,4.85,7.5,3.0,4.0,4.85,6.5,5.5,4.85,4.85,4.85,4.85,4.85,4.85,4.85,4.85,4.85,4.85,4.5,3.5,4.5,5.0,4.85,4.85,4.85,4.85,4.85,4.85,4.85,4.85,4.85,4.85,4.85,4.85,4.85,4.85,4.85,4.85,4.85,4.5,4.535141,DC,Premiere League,D
Niakhaté Moussa,4.5,4.5,3.5,5.5,4.5,4.5,4.5,4.5,4.5,4.5,4.5,4.5,4.5,4.5,4.5,4.5,4.5,4.5,4.5,4.5,4.5,4.5,4.5,4.5,4.5,4.5,4.5,4.5,4.5,4.5,4.5,4.5,4.5,4.5,4.5,4.5,4.5,4.5,4.5,4.5,4.474149,DC,Premiere League,D
Coleman Séamus,5.04,4.97,5.04,5.04,5.04,5.04,5.04,5.04,5.04,5.04,5.0,5.0,5.0,4.5,5.5,5.5,5.0,5.5,5.04,5.5,4.5,4.5,4.0,5.04,4.5,7.0,4.5,5.0,3.0,4.5,5.0,5.04,6.0,5.0,4.5,6.0,5.5,3.5,5.04,5.0,4.469553,DL,Premiere League,D
Smith Adam,4.58,4.58,5.0,3.0,4.0,3.0,5.0,5.0,4.58,5.0,5.0,5.0,5.0,5.0,4.5,5.0,4.0,6.5,4.0,4.0,4.58,5.0,4.58,4.58,4.58,4.58,4.58,4.58,4.58,4.58,4.58,4.58,4.58,4.58,4.58,4.58,4.58,4.58,4.58,4.0,4.463443,DL,Premiere League,D
Dawson Craig,4.5,4.88,4.5,4.5,4.5,4.5,4.5,4.5,4.5,4.5,6.0,6.0,4.5,4.5,4.5,4.0,5.0,3.0,3.5,4.0,4.5,4.5,4.5,5.0,5.5,6.0,7.0,6.0,5.0,5.5,4.0,5.0,4.0,5.0,5.0,4.5,7.0,3.5,4.0,4.5,4.423383,DC,Premiere League,D
Cook Steve,4.54,4.54,4.54,5.5,6.0,3.5,4.54,3.5,4.54,3.5,3.0,5.0,5.5,5.0,6.0,3.0,5.0,4.54,4.54,4.54,4.54,4.54,4.54,4.54,4.54,4.54,4.54,4.54,4.54,4.54,4.54,4.54,4.54,4.54,4.54,4.54,4.54,4.54,4.54,4.54,4.415315,DC,Premiere League,D
Mepham Chris,4.59,4.59,6.5,2.5,3.0,2.0,5.5,5.5,4.59,5.0,5.5,5.5,5.0,5.0,5.0,4.5,4.0,4.59,4.59,4.59,5.0,4.59,4.59,4.59,4.59,4.59,4.59,4.59,4.59,4.59,4.59,4.59,4.59,4.59,4.59,4.59,4.59,4.59,4.59,4.0,4.414037,DC,Premiere League,D
Cucurella Marc,4.97,5.18,5.0,5.0,3.0,5.5,5.0,4.5,5.0,4.97,4.97,5.5,5.0,6.0,5.0,3.5,4.5,5.0,6.5,6.0,4.97,5.0,5.5,5.0,5.5,5.5,4.0,4.0,5.0,5.5,3.5,5.5,6.0,7.0,5.0,6.0,7.5,6.0,6.0,4.5,4.3810635,DL,Premiere League,D
van Dijk Virgil,5.21,5.55,4.0,5.5,4.0,7.5,5.0,6.0,5.21,5.21,3.5,4.0,6.0,6.0,5.0,4.0,5.5,5.5,7.5,5.5,5.21,5.21,5.21,7.0,6.0,6.0,5.21,6.0,6.0,5.5,5.5,6.0,5.0,6.0,6.0,6.0,6.0,5.21,5.21,4.0,4.360134,DC,Premiere League,D
Tomkins James,4.17,4.2,4.17,4.17,4.17,4.17,4.17,4.17,4.17,4.17,5.0,4.17,4.17,4.17,4.17,4.17,4.17,4.17,3.0,4.17,4.5,4.17,4.17,4.17,4.17,4.17,4.17,4.17,4.17,4.17,4.17,4.17,4.17,4.17,4.17,4.17,4.17,4.17,4.17,4.17,4.3595905,DC,Premiere League,D
Tanganga Japhet,4.0,4.63,4.0,4.0,4.0,4.0,4.0,4.0,4.0,4.0,4.0,4.0,4.0,4.0,4.0,4.0,4.0,4.0,4.0,4.0,4.0,4.0,4.0,3.0,4.0,4.0,4.0,4.0,4.0,4.0,4.0,4.0,4.0,4.0,4.0,4.0,4.0,4.0,4.0,4.0,4.342729,DC,Premiere League,D
Godfrey Ben,4.5,4.62,5.0,4.5,4.5,4.5,4.5,4.5,4.5,4.5,4.5,4.5,4.5,4.5,4.5,4.5,4.5,4.5,4.5,4.5,4.0,4.5,5.0,5.0,4.5,4.5,4.5,4.5,4.5,4.5,4.5,4.5,6.0,4.5,4.5,4.5,4.5,4.5,4.5,4.5,4.287166,DC,Premiere League,D
Evans Jonny,4.06,4.59,4.5,2.5,4.0,5.0,5.0,3.0,4.06,2.0,6.0,4.5,4.06,4.06,4.06,4.06,4.06,4.06,4.06,4.06,4.06,4.06,4.06,4.06,4.06,4.06,4.06,5.0,4.06,4.06,5.0,5.5,4.06,4.06,4.06,4.06,4.0,5.0,6.0,4.06,4.264332,DC,Premiere League,D
Lyanco,4.63,4.55,4.63,4.63,5.0,4.5,5.0,4.63,4.63,4.63,4.63,4.63,4.63,5.5,4.5,4.0,4.63,5.0,4.0,4.5,5.0,5.0,4.0,5.0,4.63,4.63,4.63,4.63,4.63,4.63,4.0,4.63,4.63,5.5,4.63,4.63,4.63,5.0,2.5,3.5,4.211325,DC,Premiere League,D
Koulibaly Kalidou,5.11,5.31,6.0,6.0,3.0,5.11,4.0,5.5,6.0,5.11,5.11,7.0,5.5,5.0,5.11,5.11,5.11,4.0,5.5,5.0,5.0,5.11,5.11,5.11,5.11,5.5,5.0,5.0,5.0,5.0,6.0,5.5,4.0,5.0,5.11,6.5,6.5,6.0,7.0,4.0,4.202168,DC,Premiere League,D
Amartey Daniel,4.97,5.03,5.0,3.5,4.0,5.5,4.97,5.0,4.97,4.97,4.97,4.5,5.0,6.0,6.0,5.0,6.0,7.0,3.5,5.0,4.0,4.5,6.5,5.0,5.5,4.5,4.5,5.5,5.5,5.0,6.0,5.0,5.5,4.0,4.97,3.5,4.5,5.5,5.0,5.0,4.1578517,DC,Premiere League,D
Kehrer Thilo,4.43,4.8,4.43,4.43,3.5,5.5,4.0,3.5,4.43,4.5,6.0,5.0,5.0,4.5,5.5,5.0,3.0,4.0,3.5,4.43,4.43,4.43,5.0,5.0,5.0,3.5,4.5,5.0,5.0,4.43,5.5,5.0,4.43,6.0,4.43,5.0,4.43,5.0,5.0,4.0,4.1381736,DL,Premiere League,D
Robertson Andrew,5.09,5.45,4.0,4.5,4.0,6.0,5.0,5.5,5.09,5.09,5.09,5.09,6.0,5.0,4.5,5.5,5.0,6.0,7.0,5.0,4.0,5.0,5.09,7.0,6.0,5.5,5.09,7.5,5.5,5.0,6.0,5.0,4.0,5.09,7.0,5.5,4.5,5.09,7.0,4.5,4.11654,DL,Premiere League,D
Castagne Timothy,4.76,4.91,5.5,3.0,3.5,5.0,4.76,4.5,4.76,3.0,6.0,5.0,5.0,5.5,7.0,5.0,5.5,5.0,4.5,4.5,3.5,4.5,4.76,4.76,4.76,4.76,4.76,5.0,4.76,4.76,7.0,5.0,5.0,4.76,5.0,4.0,5.0,4.5,5.0,5.0,4.1007714,DL,Premiere League,D
João Cancelo,5.21,5.17,6.5,5.5,4.5,4.5,7.0,5.0,5.21,7.0,4.5,8.0,4.5,5.21,5.0,5.5,3.0,4.5,5.0,5.21,3.5,5.21,5.5,5.0,7.0,5.21,4.5,5.0,5.5,5.0,5.0,5.0,5.0,6.0,4.5,7.0,6.0,4.0,4.5,5.0,4.0988975,DL,Premiere League,D
Drameh Cody,4.0,4.0,4.0,4.0,4.0,4.0,4.0,4.0,4.0,4.0,4.0,4.0,4.0,4.0,4.0,4.0,4.0,4.0,4.0,4.0,4.0,4.0,4.0,4.0,4.0,4.0,4.0,4.0,4.0,4.0,4.0,4.0,4.0,4.0,4.0,4.0,4.0,4.0,4.0,4.0,3.9776874,DL,Premiere League,D
Matip Joël,4.44,5.67,4.5,4.44,4.44,4.44,4.44,5.0,4.44,4.44,4.0,4.0,4.44,4.44,4.44,4.44,4.44,4.44,5.5,5.0,3.0,4.44,4.44,5.0,7.5,6.0,4.44,6.0,4.44,7.5,6.0,6.0,5.0,7.5,6.0,5.0,4.44,6.5,8.0,4.5,3.9726973,DC,Premiere League,D
Clyne Nathaniel,4.64,4.91,4.0,4.5,4.64,3.5,5.0,5.0,5.0,4.64,4.5,4.64,4.64,4.64,4.64,4.64,5.0,4.5,5.0,6.0,4.5,5.0,4.64,4.64,4.64,4.64,5.0,5.0,6.0,5.0,4.5,6.0,4.5,3.0,5.0,6.5,5.0,5.0,6.0,3.5,3.9149222,DL,Premiere League,D
Perraud Romain,4.72,4.63,5.0,4.72,4.72,5.0,6.0,5.0,4.72,4.5,5.0,3.0,6.0,6.5,5.0,5.0,5.0,4.5,2.5,4.0,5.0,4.0,4.0,4.5,4.5,5.5,4.72,4.72,3.0,3.0,3.5,4.72,4.72,5.5,5.0,4.0,4.5,4.72,4.72,4.0,3.8301873,DL,Premiere League,D
Ward Joel,4.72,4.72,4.72,5.0,5.0,3.0,5.0,5.0,4.72,4.72,4.0,5.0,5.5,5.0,3.0,6.5,4.72,5.0,4.5,6.0,4.72,5.0,4.5,3.0,4.72,5.0,4.72,4.72,4.72,4.72,4.72,4.72,4.0,4.72,5.0,5.0,5.5,4.72,6.0,3.0,3.586723,DL,Premiere League,D
Struijk Pascal,4.72,4.5,5.0,5.5,5.5,4.5,5.0,3.0,4.72,4.72,5.0,5.0,4.5,4.72,3.5,6.0,5.5,3.5,5.5,5.5,4.0,5.0,4.72,4.0,5.0,3.5,2.0,3.5,5.0,4.72,5.0,5.0,4.72,3.5,4.72,3.5,6.0,6.5,4.5,3.5,3.4859478,DC,Premiere League,D
Patterson Nathan,4.77,4.77,5.0,5.0,5.0,5.5,5.0,5.0,4.77,6.0,4.77,4.77,4.77,4.77,4.77,4.5,4.5,4.0,4.5,5.0,4.77,4.77,4.77,4.77,4.77,4.77,4.77,4.77,4.77,4.77,4.77,4.77,4.77,4.77,4.77,4.77,4.77,4.77,4.77,3.0,3.454489,DL,Premiere League,D
Andersen Joachim,5.06,5.04,4.5,6.0,5.5,4.5,5.5,7.5,5.06,5.06,5.06,5.0,5.0,5.5,3.5,6.0,4.5,4.5,4.5,6.0,5.0,5.06,4.0,5.0,5.06,6.0,5.0,4.0,6.0,5.5,4.5,7.5,4.0,3.0,4.5,5.5,6.0,6.0,6.0,3.0,3.3717966,DC,Premiere League,D
Konaté Ibrahima,4.6,4.75,4.6,4.6,4.6,4.6,4.6,4.6,4.6,4.6,4.6,5.0,4.6,4.6,4.6,4.6,6.0,4.6,4.6,4.6,4.5,5.0,4.6,4.6,4.6,4.6,4.6,4.6,5.5,4.6,4.6,4.6,4.6,4.6,4.6,4.6,4.5,5.5,5.0,2.5,3.260243,DC,Premiere League,D
Alexander-Arnold Trent,4.97,5.06,4.0,5.0,4.0,8.0,5.0,5.0,4.97,4.97,4.0,4.0,5.0,5.0,5.5,4.5,5.0,6.0,6.0,6.0,3.5,5.0,4.97,4.5,5.0,4.5,4.97,6.0,7.0,5.5,5.0,4.97,5.0,5.0,4.5,4.97,5.0,4.97,5.5,4.0,3.2423868,DL,Premiere League,D
Mykolenko Vitaliy,4.78,4.86,4.5,4.5,4.5,5.0,5.0,5.0,4.78,6.0,5.0,5.0,4.0,4.5,6.0,6.0,4.5,4.5,4.5,5.5,4.5,4.0,5.0,4.78,4.78,4.78,4.78,4.78,5.0,5.0,5.0,4.0,6.5,5.0,4.5,5.0,6.5,4.0,4.78,3.0,2.9467363,DL,Premiere League,D
Senesi Marcos,4.41,4.41,4.41,5.0,4.0,3.0,4.41,4.41,4.41,5.5,6.0,5.5,5.0,4.5,4.5,4.0,3.0,6.0,4.5,3.5,3.5,4.41,4.41,4.41,4.41,4.41,4.41,4.41,4.41,4.41,4.41,4.41,4.41,4.41,4.41,4.41,4.41,4.41,4.41,3.0,2.847227,DC,Premiere League,D
Tarkowski James,5.05,5.06,6.0,5.0,4.5,6.5,5.5,6.0,5.05,6.5,5.5,4.5,5.5,4.5,6.0,6.0,4.0,3.0,5.0,5.5,5.0,3.5,4.0,6.0,5.5,5.0,5.05,4.5,3.0,6.0,6.0,4.5,4.5,6.0,6.0,4.0,4.0,5.05,4.5,3.0,2.594404,DC,Premiere League,D
Guéhi Marc,4.89,5.12,3.0,5.0,5.0,3.5,5.0,6.0,7.0,4.89,4.5,6.0,6.0,5.5,3.0,6.0,5.0,4.5,4.89,6.5,4.5,5.0,5.5,4.5,4.89,5.0,5.5,5.0,5.5,6.0,5.5,6.0,4.0,4.0,6.0,5.5,5.5,6.0,4.89,2.0,2.466165,DC,Premiere League,D
Coady Conor,4.92,5.11,4.92,5.0,5.0,7.0,5.0,6.0,4.92,5.5,6.0,4.5,5.5,4.5,6.0,5.5,4.0,3.5,4.92,5.0,4.0,3.5,7.0,5.0,5.0,6.5,5.5,5.0,5.0,7.0,4.5,5.5,5.5,3.0,5.0,4.0,7.0,5.0,4.0,3.0,2.0216994,DC,Premiere League,D
