Joueur,Note,Note 1 an,j1,j2,j3,j4,j5,j6,j7,j8,j9,j10,j11,j12,j13,j14,j15,j16,j17,j18,j20,j21,j22,j23,j24,j25,j26,j27,j28,j29,j30,j31,j32,j33,j34,j35,j36,j37,j38,j19,prediction_label,Poste,Championnat,Terrain
Martínez Emiliano,5.58,5.36,4.0,6.0,7.0,4.5,5.0,6.0,5.58,6.0,6.0,5.0,4.0,5.0,7.0,5.0,6.0,5.0,5.58,5.58,6.0,7.5,4.0,6.0,4.5,4.5,6.0,6.0,6.0,4.5,5.0,5.0,3.0,5.0,6.0,6.0,6.0,5.5,5.58,5.5,6.8814087,G,Premiere League,G
Raya David,5.83,5.75,5.0,7.0,5.5,6.0,5.0,6.0,5.83,4.0,5.5,2.0,8.0,7.0,4.0,6.0,6.0,7.0,6.0,7.5,6.0,7.0,5.83,5.83,4.5,6.0,6.0,7.0,5.83,6.5,4.5,6.5,6.0,5.5,5.5,4.0,7.0,6.0,4.0,6.0,6.7109613,G,Premiere League,G
Begovic Asmir,7.0,6.17,7.0,7.0,7.0,7.0,7.0,7.0,7.0,7.0,7.0,7.0,7.0,7.0,7.0,7.0,7.0,7.0,7.0,7.0,7.0,7.0,7.0,7.0,7.0,7.0,7.0,7.0,7.0,7.0,7.0,7.0,7.0,7.0,7.0,7.0,7.0,7.0,4.0,7.0,6.687052,G,Premiere League,G
Leno Bernd,6.19,6.18,6.19,6.19,6.0,6.5,6.0,7.0,8.0,5.0,6.0,5.0,5.5,7.5,6.0,7.0,5.5,6.0,6.0,5.5,6.0,6.19,6.19,6.19,6.19,6.19,6.19,6.19,6.19,6.19,6.0,6.19,6.19,6.19,6.19,6.19,6.19,6.19,6.19,7.0,6.637472,G,Premiere League,G
Pope Nick,6.08,5.89,6.0,7.5,7.0,6.0,6.0,8.0,6.08,5.0,4.5,6.0,6.0,5.5,6.0,6.0,5.5,6.0,6.0,6.0,5.5,6.0,5.0,7.0,6.0,5.5,6.0,5.5,3.0,4.0,6.5,5.5,5.0,6.5,7.0,5.5,4.0,7.0,5.5,7.0,6.5803046,G,Premiere League,G
Lloris Hugo,5.11,5.31,5.0,4.0,6.0,6.5,5.5,5.5,2.5,6.0,4.0,7.0,5.0,6.5,4.0,5.0,5.5,5.0,5.11,3.0,4.0,5.11,7.0,5.0,5.5,5.5,4.0,6.0,5.0,4.5,4.5,5.0,8.0,5.5,6.0,5.0,5.0,6.0,5.0,7.0,6.162091,G,Premiere League,G
Arrizabalaga Kepa,6.04,6.03,6.04,6.04,6.04,6.04,6.04,6.04,5.0,6.04,6.0,6.0,8.0,7.0,6.0,4.0,6.04,6.04,6.0,6.0,7.0,6.5,6.0,6.5,5.5,6.04,6.04,6.04,6.04,6.04,6.04,6.04,6.04,6.04,6.04,6.04,6.04,6.04,6.04,5.0,6.0310144,G,Premiere League,G
Henderson Dean,5.25,5.25,6.0,8.0,7.0,6.0,1.0,3.5,5.25,5.0,3.0,5.0,5.0,8.0,8.0,3.0,3.5,6.0,5.25,4.5,6.0,5.25,5.25,5.25,5.25,5.25,5.25,5.25,5.25,5.25,5.25,5.25,5.25,5.25,5.25,5.25,5.25,5.25,5.25,6.0,6.0270066,G,Premiere League,G
Ramsdale Aaron,5.61,5.36,6.0,4.5,5.5,5.5,5.0,4.0,5.61,6.0,6.0,5.0,6.5,5.61,5.0,6.0,6.0,6.0,6.0,6.0,8.0,4.0,4.0,6.0,7.0,5.0,5.0,4.0,5.5,6.0,5.61,4.0,4.0,5.5,6.0,5.5,5.0,4.5,5.0,5.5,5.8867154,G,Premiere League,G
Ederson,5.15,5.26,6.0,5.5,4.0,4.0,6.0,4.0,4.0,6.0,6.0,5.5,4.5,5.15,4.5,7.0,5.5,6.0,4.5,4.5,4.0,5.5,6.0,5.0,6.0,6.5,4.0,6.0,5.0,5.5,5.5,6.0,4.5,5.5,5.0,6.0,6.0,4.0,4.0,6.0,5.4903655,G,Premiere League,G
Bazunu Gavin,5.08,5.08,4.5,5.5,5.0,6.0,6.0,5.0,5.08,5.0,4.5,4.5,6.0,6.5,5.5,5.0,2.5,6.0,2.5,5.5,6.0,6.0,5.08,5.08,5.08,5.08,5.08,5.08,5.08,5.08,5.08,5.08,5.08,5.08,5.08,5.08,5.08,5.08,5.08,4.0,5.368082,G,Premiere League,G
de Gea David,5.33,5.37,4.5,2.5,6.5,7.0,6.0,5.5,6.0,5.33,2.5,5.0,6.0,6.0,4.5,6.5,3.5,7.0,6.0,6.0,4.5,4.0,6.0,6.0,5.0,5.5,6.0,5.5,5.5,5.0,3.0,5.0,5.0,5.0,4.5,6.5,2.5,6.0,5.5,7.0,5.31096,G,Premiere League,G
Fabianski Lukasz,5.4,5.46,5.0,6.0,4.0,6.0,5.5,4.5,5.4,4.5,7.0,5.0,6.5,6.5,6.0,5.0,5.5,6.0,4.0,4.5,5.5,6.0,5.4,5.4,6.0,4.5,5.0,6.0,6.0,7.0,4.0,5.0,5.0,4.0,7.5,5.5,6.0,8.0,4.0,5.0,5.2834635,G,Premiere League,G
Mendy Édouard,5.11,5.12,6.5,5.0,2.5,6.5,4.5,5.5,5.11,5.11,5.11,5.11,5.11,5.11,5.11,5.0,5.5,5.0,5.11,5.11,5.11,5.11,5.11,5.11,5.11,3.0,5.5,5.0,5.0,6.0,5.11,2.5,6.0,5.5,6.0,5.5,4.5,5.0,5.5,5.11,5.0196943,G,Premiere League,G
Neto,5.45,5.5,5.45,5.45,5.45,5.45,6.0,4.5,5.45,7.0,6.5,6.0,5.0,5.0,4.5,5.45,5.45,5.45,5.45,5.45,4.0,6.0,5.45,5.45,5.45,5.45,5.45,5.45,5.45,5.45,5.45,5.45,5.45,5.45,5.45,6.0,5.45,5.45,5.45,5.45,5.018164,G,Premiere League,G
Rodák Marek,5.0,5.0,4.5,5.5,5.0,5.0,5.0,5.0,5.0,5.0,5.0,5.0,5.0,5.0,5.0,5.0,5.0,5.0,5.0,5.0,5.0,5.0,5.0,5.0,5.0,5.0,5.0,5.0,5.0,5.0,5.0,5.0,5.0,5.0,5.0,5.0,5.0,5.0,5.0,5.0,4.9954777,G,Premiere League,G
Hennessey Wayne,5.5,4.88,5.5,5.5,5.5,5.5,5.5,5.5,5.5,5.5,5.5,5.5,5.5,5.5,5.5,5.5,5.5,5.5,6.0,5.5,5.5,5.0,5.5,5.5,5.5,5.5,5.5,5.5,5.5,5.5,5.5,5.5,5.5,5.5,5.5,5.5,5.5,5.5,5.5,5.5,4.8532314,G,Premiere League,G
Olsen Robin,5.0,4.75,5.0,5.0,5.0,5.0,5.0,5.0,5.0,5.0,5.0,5.0,5.0,5.0,5.0,4.0,5.0,5.0,5.0,6.0,5.0,5.0,5.0,5.0,5.0,5.0,5.0,5.0,5.0,5.0,5.0,5.0,5.0,5.0,5.0,5.0,5.0,5.0,4.0,5.0,4.853056,G,Premiere League,G
Sánchez Robert,5.21,5.27,6.0,6.0,6.5,6.0,4.0,5.0,5.21,5.21,5.5,5.0,4.0,5.0,4.0,7.0,5.5,4.0,7.0,3.5,6.0,4.0,4.0,6.0,5.5,6.0,3.0,4.0,4.0,6.5,4.0,5.0,6.0,6.0,5.0,6.0,7.0,5.5,5.0,5.0,4.8113613,G,Premiere League,G
José Sá,5.3,5.45,5.0,8.0,5.5,6.0,6.0,6.0,5.3,5.0,4.0,4.0,7.0,5.0,2.5,5.0,5.0,4.0,6.0,6.5,7.0,3.5,8.0,5.0,5.0,8.0,7.0,5.5,6.0,6.5,4.0,6.0,5.0,2.0,6.0,5.0,6.0,5.3,5.0,5.0,4.802644,G,Premiere League,G
Forster Fraser,4.5,5.18,4.5,4.5,4.5,4.5,4.5,4.5,4.5,4.5,4.5,4.5,4.5,4.5,4.5,4.5,4.5,4.5,4.5,4.5,4.5,4.5,4.0,6.0,5.0,7.0,5.0,5.5,3.5,5.0,5.5,4.0,2.5,8.0,5.5,5.0,4.0,4.5,4.5,4.5,4.7967,G,Premiere League,G
Aréola Alphonse,4.5,4.83,4.0,4.5,4.5,4.5,4.5,4.5,4.5,4.5,4.5,4.5,4.5,4.5,4.5,5.0,4.5,4.5,4.5,4.5,4.5,4.5,4.5,5.5,4.5,4.5,4.5,4.5,4.5,4.5,4.5,4.5,4.5,4.5,4.5,4.5,4.5,4.5,4.5,4.5,4.6740294,G,Premiere League,G
Meslier Illan,5.42,5.2,6.5,5.0,6.5,5.5,5.5,3.0,5.42,5.42,7.0,5.0,5.0,3.5,4.0,8.5,5.0,4.0,6.0,8.0,5.0,6.0,5.42,5.5,4.0,5.0,4.0,4.0,5.0,5.42,5.0,6.0,6.0,3.5,8.0,3.0,5.0,6.0,6.0,4.0,4.5770044,G,Premiere League,G
Guaita Vicente,5.58,5.64,4.0,6.0,6.0,3.5,5.0,7.5,5.5,5.58,5.0,6.0,8.0,6.0,3.5,7.0,5.0,5.5,6.0,6.5,5.5,7.5,5.58,4.0,5.58,6.5,5.5,5.58,7.5,6.5,6.0,6.5,4.0,5.58,6.0,5.5,5.58,5.58,6.5,2.5,4.5337996,G,Premiere League,G
Travers Mark,4.55,4.55,6.5,4.0,4.0,2.5,4.55,4.55,4.55,4.55,4.55,4.55,4.55,4.55,5.0,4.5,3.5,6.5,5.0,4.5,4.55,4.55,4.55,4.55,4.55,4.55,4.55,4.55,4.55,4.55,4.55,4.55,4.55,4.55,4.55,4.55,4.55,4.55,4.55,4.0,4.1884327,G,Premiere League,G
Alisson,5.68,5.75,5.0,5.0,4.5,6.0,5.5,6.0,5.68,5.68,5.5,5.0,8.0,7.5,6.0,5.0,6.5,6.0,6.5,5.5,4.0,6.0,5.68,6.0,6.0,6.5,5.68,6.5,6.5,6.5,6.0,6.0,5.0,6.0,5.5,6.0,5.0,5.0,6.5,4.5,3.8624668,G,Premiere League,G
Ward Danny,5.0,5.05,4.5,2.5,4.0,4.0,4.5,4.0,5.0,2.5,6.5,4.5,6.0,6.5,7.5,6.0,7.0,7.5,3.5,6.0,4.0,4.5,5.0,5.0,5.0,5.0,5.0,5.0,5.0,5.0,5.0,5.0,5.0,5.0,5.0,5.0,5.0,6.0,5.0,4.5,3.594957,G,Premiere League,G
Pickford Jordan,5.37,5.33,6.0,4.0,6.5,6.0,6.0,8.0,5.37,5.37,6.0,4.5,5.0,5.5,6.0,8.0,4.0,3.5,5.0,5.5,5.0,4.0,4.5,5.0,5.0,6.0,7.0,7.0,1.5,4.5,5.5,5.0,7.0,5.5,5.0,7.0,7.0,5.0,5.37,3.5,3.0369284,G,Premiere League,G
