Joueur,Note,Note 1 an,j1,j2,j3,j4,j5,j6,j7,j8,j9,j10,j11,j12,j13,j14,j15,j16,j17,j18,j20,j21,j22,j23,j24,j25,j26,j27,j28,j29,j30,j31,j32,j33,j34,j35,j36,j37,j38,j19,prediction_label,Poste,Championnat,Terrain
Johnson Brennan,4.83,4.83,3.5,5.0,6.5,4.5,4.0,5.0,4.83,4.0,4.0,5.0,3.0,4.5,4.0,4.0,5.0,6.0,3.5,5.0,8.0,6.0,4.83,4.83,4.83,4.83,4.83,4.83,4.83,4.83,4.83,4.83,4.83,4.83,4.83,4.83,4.83,4.83,4.83,6.0,8.408907,A,Premiere League,A
Kane Harry,6.23,6.22,5.5,6.5,6.5,8.0,5.5,7.0,5.0,7.0,5.5,6.5,7.0,4.0,7.0,5.0,6.0,7.0,6.0,5.0,6.0,6.23,8.0,4.5,4.0,5.5,8.0,8.0,8.0,5.5,7.0,6.5,8.0,4.0,5.0,6.5,5.0,5.0,8.0,8.5,8.039198,A,Premiere League,A
Rashford Marcus,5.63,5.17,3.5,4.0,7.0,5.0,6.0,8.5,5.0,5.63,4.0,6.0,4.5,5.5,4.5,6.5,3.5,5.5,7.5,6.0,7.0,6.0,5.63,6.0,4.5,5.0,5.63,4.0,4.5,5.0,2.5,4.0,4.0,4.0,4.5,5.63,5.63,4.5,5.63,7.0,7.6407914,A,Premiere League,A
Bowen Jarrod,5.48,5.66,4.5,4.5,5.0,5.0,5.5,5.5,5.48,6.0,8.0,7.0,5.0,4.0,5.0,5.0,4.5,5.5,5.0,5.5,5.0,8.0,5.48,5.5,7.0,7.5,5.0,5.0,5.0,5.48,5.48,6.5,4.0,5.5,4.5,6.0,8.0,8.0,4.0,6.0,7.354251,A,Premiere League,A
Nketiah Eddie,4.94,4.99,4.5,4.5,4.5,5.0,4.5,4.5,4.94,4.0,4.5,4.0,4.0,4.94,4.5,4.5,4.94,4.94,6.5,6.5,5.5,8.0,4.0,4.5,4.0,8.0,4.0,4.5,4.0,4.0,4.0,5.0,4.5,4.5,5.0,6.0,7.5,4.0,7.0,4.5,6.9146943,A,Premiere League,A
Ferguson Evan,6.1,5.83,6.1,6.1,6.1,6.1,6.1,6.1,6.1,6.1,6.1,6.1,6.1,6.1,6.1,6.1,6.1,6.1,4.5,6.5,6.5,6.0,6.1,6.1,6.1,6.1,4.5,6.1,6.1,6.1,6.1,6.1,6.1,6.1,6.1,6.1,6.1,6.1,6.1,7.0,6.882668,A,Premiere League,A
Gnonto Wilfried,5.44,5.44,5.44,5.44,5.44,5.44,5.44,5.44,5.44,5.44,5.44,5.44,5.44,5.44,5.44,5.0,6.0,5.0,5.0,5.0,5.0,5.5,5.44,5.44,5.44,5.44,5.44,5.44,5.44,5.44,5.44,5.44,5.44,5.44,5.44,5.44,5.44,5.44,5.44,7.0,6.4163966,A,Premiere League,A
Nelson Reiss,6.25,6.25,6.25,6.25,6.25,6.25,6.25,6.25,6.25,6.25,6.25,6.25,6.25,6.25,6.25,8.0,6.25,4.5,6.25,6.25,6.25,6.25,6.25,6.25,6.25,6.25,6.25,6.25,6.25,6.25,6.25,6.25,6.25,6.25,6.25,6.25,6.25,6.25,6.25,6.25,6.353997,A,Premiere League,A
Gil Bryan,4.88,4.8,4.88,4.88,4.88,4.88,4.88,4.88,4.88,4.88,4.88,4.88,4.88,4.88,4.88,4.5,4.88,4.88,4.88,3.5,4.5,4.88,4.88,4.5,4.5,5.0,4.88,4.5,4.5,5.5,5.5,4.88,5.0,4.88,4.0,4.88,4.0,4.5,5.0,7.0,6.284506,A,Premiere League,A
Wissa Yoane,5.3,5.3,4.5,4.5,5.0,4.0,6.0,6.5,5.3,5.0,5.0,5.0,5.0,5.0,5.5,4.5,7.5,5.5,5.0,5.5,5.0,5.0,5.3,4.5,5.0,4.0,4.5,5.5,5.3,4.5,7.0,6.5,5.0,5.0,5.5,5.0,6.5,6.5,6.0,7.0,6.2794356,A,Premiere League,A
Willian,5.96,5.96,5.96,5.96,5.96,5.96,5.96,4.0,7.0,6.0,5.96,5.96,5.0,7.0,8.0,6.5,5.0,5.0,6.5,5.5,5.0,5.96,5.96,5.96,5.96,5.96,5.96,5.96,5.96,5.96,5.96,5.96,5.96,5.96,5.96,5.96,5.96,5.96,5.96,7.0,6.179814,A,Premiere League,A
Mbeumo Bryan,5.18,5.13,6.0,6.5,5.5,5.0,4.5,7.0,5.18,3.5,4.0,4.5,5.5,5.0,4.0,6.0,6.0,5.0,4.0,5.0,5.0,4.0,5.18,6.0,5.0,4.5,4.0,5.0,5.18,6.0,5.0,7.5,7.0,5.0,5.0,3.0,5.0,5.0,5.0,7.5,6.146686,A,Premiere League,A
Saka Bukayo,6.26,6.03,6.0,6.0,6.5,6.0,6.0,6.0,6.26,7.0,6.5,8.0,7.0,6.26,4.5,6.0,6.0,5.0,7.0,7.0,6.0,7.5,4.0,5.5,5.5,8.0,6.5,4.5,7.0,6.0,7.0,3.5,5.0,5.0,7.5,6.5,4.5,5.0,6.0,5.0,6.0712667,A,Premiere League,A
Awoniyi Taiwo,4.78,4.78,4.5,6.0,5.0,4.5,4.0,4.0,4.78,6.0,4.0,4.78,4.5,4.5,7.0,3.5,4.0,4.78,3.5,5.0,4.78,4.78,4.78,4.78,4.78,4.78,4.78,4.78,4.78,4.78,4.78,4.78,4.78,4.78,4.78,4.78,4.78,4.78,4.78,6.5,6.01301,A,Premiere League,A
Bailey Leon,5.13,4.95,5.0,4.5,5.0,4.5,5.0,6.0,5.13,4.0,4.5,5.13,5.0,4.5,8.0,4.5,7.0,4.0,4.0,5.0,7.0,5.0,5.13,5.13,5.13,4.5,4.0,5.13,4.0,5.5,4.0,4.5,4.5,5.13,5.0,5.0,5.13,5.13,5.13,5.0,5.9300704,A,Premiere League,A
Ings Danny,4.95,4.93,4.5,6.0,4.5,4.0,4.5,4.95,4.95,4.0,4.5,4.5,5.0,5.0,7.5,3.0,4.5,7.5,4.5,4.5,4.0,5.0,4.0,4.0,4.95,4.5,3.5,5.0,7.5,4.0,4.5,4.95,3.5,3.5,4.95,7.0,7.0,4.0,4.5,7.0,5.8768854,A,Premiere League,A
Scamacca Gianluca,4.81,5.05,4.5,4.5,4.5,5.0,4.81,4.81,4.81,4.0,7.0,6.0,5.0,3.5,5.0,4.0,4.0,4.5,4.81,4.5,4.5,4.81,6.0,3.5,3.5,4.81,7.0,4.5,4.81,7.0,7.0,4.0,4.5,3.5,5.0,3.5,6.5,8.0,3.0,6.5,5.8568277,A,Premiere League,A
Gabriel Jesus,5.75,5.57,5.0,8.0,6.0,5.0,6.0,5.0,5.75,6.5,7.0,6.0,4.0,5.75,4.0,7.0,5.0,6.0,5.75,5.75,5.75,5.75,4.5,4.5,5.75,5.75,5.75,4.5,5.75,5.75,4.5,4.0,7.0,5.75,9.5,7.0,4.5,6.0,4.5,5.75,5.7883396,A,Premiere League,A
Roberto Firmino,5.77,5.48,4.0,5.77,4.5,9.0,7.0,5.5,5.77,5.77,7.0,6.0,5.5,5.5,4.0,5.5,5.0,6.5,5.77,5.77,5.77,5.77,5.77,5.0,4.5,4.5,5.77,6.0,5.77,5.77,5.77,5.5,4.5,5.77,5.77,5.77,5.77,5.5,6.0,5.77,5.545314,A,Premiere League,A
Welbeck Danny,5.0,5.01,6.0,4.5,6.0,5.0,5.0,6.0,5.0,5.0,6.0,4.0,4.0,4.5,4.5,5.0,4.5,4.0,5.0,5.0,6.5,4.5,4.5,6.0,4.0,4.0,3.0,4.0,4.0,5.0,3.5,5.0,5.0,5.0,6.0,7.5,6.0,6.0,7.5,5.0,5.480845,A,Premiere League,A
Surridge Sam,4.54,4.54,4.0,4.0,4.54,4.5,4.54,4.54,4.54,4.5,4.54,4.5,4.5,4.54,4.54,4.54,4.5,4.5,4.5,4.5,4.5,6.0,4.54,4.54,4.54,4.54,4.54,4.54,4.54,4.54,4.54,4.54,4.54,4.54,4.54,4.54,4.54,4.54,4.54,4.5,5.451326,A,Premiere League,A
Rodrigo,5.56,5.26,6.0,8.0,7.0,5.0,4.0,5.56,5.56,5.56,5.0,5.5,5.0,3.5,6.0,7.0,5.0,7.5,4.5,5.0,4.5,5.0,5.56,5.5,6.5,4.5,6.0,4.5,4.5,5.56,6.5,5.0,7.0,3.5,5.5,3.0,4.0,5.0,5.0,6.5,5.435942,A,Premiere League,A
Bamford Patrick,4.5,4.54,5.0,4.5,4.5,4.5,4.5,3.5,4.5,4.5,5.0,4.5,2.5,5.0,4.0,5.0,4.5,4.5,4.5,4.5,6.0,4.5,4.5,4.5,4.5,4.5,4.5,4.5,4.5,4.5,4.5,4.5,4.5,4.5,4.5,4.5,4.5,4.5,4.5,4.5,5.4205556,A,Premiere League,A
Sarmiento Jeremy,4.67,4.56,4.67,4.67,4.67,4.67,4.67,4.67,4.67,4.67,4.67,4.67,4.67,4.67,4.5,4.0,4.67,4.67,5.0,4.0,5.0,4.67,4.67,4.67,4.67,4.67,4.67,4.67,4.67,4.67,4.0,4.5,4.67,4.67,4.5,4.67,4.67,4.67,4.67,5.5,5.4160376,A,Premiere League,A
Gelhardt Joe,4.57,4.59,4.5,4.57,4.5,5.0,4.0,3.5,4.57,4.57,4.57,4.5,4.5,4.5,6.0,4.57,4.0,4.5,4.0,4.5,6.0,4.57,4.57,4.5,4.57,4.57,5.0,4.57,4.5,4.57,4.57,4.5,4.57,5.0,4.5,5.0,4.5,5.0,4.0,4.5,5.363999,A,Premiere League,A
Díaz Luis,5.44,5.28,4.5,6.5,3.0,8.0,5.0,5.0,5.44,5.44,6.0,5.5,5.44,5.44,5.44,5.44,5.44,5.44,5.44,5.44,5.44,5.44,5.44,5.44,5.5,5.44,5.44,4.5,5.0,6.0,7.0,5.44,4.5,5.5,6.0,5.5,7.0,5.44,5.5,5.44,5.223893,A,Premiere League,A
Isak Alexander,5.5,5.0,5.5,5.5,5.5,5.5,6.0,5.0,5.5,6.0,5.5,5.5,5.5,5.5,5.5,5.5,5.5,5.5,5.5,5.5,6.0,4.5,4.5,4.5,6.0,5.5,5.5,3.5,5.0,4.5,7.0,4.5,4.5,4.0,4.0,5.0,5.5,7.0,4.0,5.5,5.0766916,A,Premiere League,A
Enciso Julio,4.88,4.88,4.88,4.88,4.88,4.88,4.88,4.88,4.88,4.88,4.88,4.88,4.88,4.88,4.88,6.0,4.88,4.0,4.88,4.5,4.88,4.88,4.88,4.88,4.88,4.88,4.88,4.88,4.88,4.88,4.88,4.88,4.88,4.88,4.88,4.88,4.88,4.88,4.88,5.0,5.032601,A,Premiere League,A
Gonçalo Guedes,5.0,5.27,5.0,4.5,5.5,5.5,5.0,5.0,5.0,5.0,4.5,5.0,5.0,4.5,5.0,4.5,7.0,5.0,4.0,5.0,5.0,5.0,6.0,5.0,6.0,4.0,5.0,7.0,5.0,7.0,5.0,5.5,6.0,5.0,5.0,5.0,5.0,4.5,5.0,5.0,5.023294,A,Premiere League,A
Schade Kevin,5.0,5.0,5.0,5.0,5.0,5.0,5.0,5.0,5.0,5.0,5.0,5.0,5.0,5.0,5.0,5.0,5.0,5.0,5.0,5.0,5.0,5.0,5.0,5.0,5.0,5.0,5.0,5.0,5.0,5.0,5.0,5.0,5.0,5.0,5.0,5.0,5.0,5.0,5.0,5.0,5.003771,A,Premiere League,A
Marquinhos,5.69,5.58,7.5,4.5,6.5,5.5,6.0,6.0,5.0,6.0,6.0,6.0,6.0,6.0,5.0,6.0,5.69,5.5,4.0,6.0,6.0,6.0,5.5,5.0,6.0,4.5,6.0,5.0,6.5,4.5,5.0,5.69,5.5,7.5,4.5,3.5,6.0,6.0,6.0,5.0,4.976082,A,Premiere League,A
Marquinhos,5.69,5.58,7.5,4.5,6.5,5.5,6.0,6.0,5.0,6.0,6.0,6.0,6.0,6.0,5.0,6.0,5.69,5.5,4.0,6.0,6.0,6.0,5.5,5.0,6.0,4.5,6.0,5.0,6.5,4.5,5.0,5.69,5.5,7.5,4.5,3.5,6.0,6.0,6.0,4.5,4.976082,A,Premiere League,A
Ghoddos Saman,4.61,4.69,4.61,4.61,4.5,4.61,4.5,4.61,4.61,4.61,4.61,4.5,4.5,4.5,4.61,4.61,4.5,4.61,4.5,5.0,4.61,4.61,4.61,5.0,4.5,4.5,4.5,4.61,4.61,4.61,4.61,4.61,4.61,4.5,5.5,4.61,4.61,4.61,4.61,5.0,4.9253597,A,Premiere League,A
Antonio Michail,4.71,4.89,4.0,4.5,4.0,4.5,6.0,5.5,4.71,5.0,4.5,6.0,4.5,4.5,4.0,5.0,4.0,4.71,4.5,4.5,4.0,6.0,4.71,3.5,4.0,4.5,4.5,6.5,5.0,5.0,3.5,6.0,3.5,5.0,4.71,4.0,6.0,6.0,6.0,4.5,4.91039,A,Premiere League,A
Matheus Cunha,4.67,5.03,4.67,4.67,4.67,4.67,4.67,4.67,4.67,4.67,4.67,4.67,4.67,4.67,4.67,4.67,4.67,4.67,4.67,4.67,5.0,4.5,7.0,5.0,6.0,4.67,4.67,4.67,4.67,4.67,8.0,4.0,6.0,4.0,4.5,6.0,6.5,4.5,4.5,4.5,4.8743305,A,Premiere League,A
Adam Armstrong Adam,4.79,4.57,4.0,5.5,5.0,5.0,7.0,4.5,4.79,5.0,5.0,3.5,4.5,5.0,5.0,4.79,5.0,4.0,4.5,4.0,5.0,4.5,4.5,4.79,4.79,4.79,4.5,4.79,4.79,4.79,4.79,4.79,3.5,4.79,4.79,4.79,3.0,4.79,4.0,5.0,4.8659344,A,Premiere League,A
Álvarez Julián,5.17,5.17,4.5,4.0,5.17,5.0,8.5,5.17,7.0,5.0,4.5,4.5,4.5,5.17,4.5,4.5,7.0,5.0,5.17,4.5,5.17,4.5,5.17,5.17,5.17,5.17,5.17,5.17,5.17,5.17,5.17,5.17,5.17,5.17,5.17,5.17,5.17,5.17,5.17,5.17,4.8336744,A,Premiere League,A
Richarlison,4.96,5.31,4.96,4.0,4.5,6.0,5.0,7.0,4.0,5.0,5.0,4.5,5.0,4.96,4.96,4.96,4.96,5.0,4.96,4.96,4.5,4.96,7.0,4.5,5.0,5.5,4.5,5.0,3.0,4.5,5.5,6.0,5.0,7.0,5.0,6.5,6.0,6.5,4.96,4.96,4.82836,A,Premiere League,A
Ebiowei Malcolm,4.83,4.83,5.0,4.83,4.83,4.83,4.83,4.83,4.83,4.83,4.83,4.83,4.83,4.83,4.5,4.83,4.83,5.0,4.83,4.83,4.83,4.83,4.83,4.83,4.83,4.83,4.83,4.83,4.83,4.83,4.83,4.83,4.83,4.83,4.83,4.83,4.83,4.83,4.83,4.83,4.820111,A,Premiere League,A
Hwang Hee-Chan Hee-Chan,4.59,4.69,6.0,5.0,4.5,4.0,4.59,4.0,4.59,4.5,4.59,4.5,4.0,4.5,4.5,4.59,4.0,4.59,4.5,5.5,5.0,4.0,4.59,4.59,4.59,4.5,5.0,5.0,5.0,4.5,5.0,4.0,5.0,4.0,5.5,4.5,4.5,4.0,4.0,5.0,4.814431,A,Premiere League,A
Diego Costa,4.33,4.33,4.33,4.33,4.33,4.33,4.33,4.33,4.33,4.33,4.0,4.0,4.5,4.0,4.0,4.5,4.33,4.33,4.5,4.5,4.33,4.33,4.33,4.33,4.33,4.33,4.33,4.33,4.33,4.33,4.33,4.33,4.33,4.33,4.33,4.33,4.33,4.33,4.33,5.0,4.812393,A,Premiere League,A
Antony,5.77,5.77,5.77,5.77,5.77,5.77,5.77,7.0,5.5,5.77,5.5,7.0,6.0,6.0,6.0,5.77,5.77,5.77,5.0,5.5,5.0,5.0,5.77,5.77,5.77,5.77,5.77,5.77,5.77,5.77,5.77,5.77,5.77,5.77,5.77,5.77,5.77,5.77,5.77,5.77,4.803166,A,Premiere League,A
Broja Armando,4.63,4.6,5.0,4.5,4.63,4.63,5.0,4.5,4.63,4.63,4.5,6.0,4.5,3.5,5.5,4.5,4.0,4.0,4.63,4.63,4.63,4.63,3.5,4.0,6.0,5.0,5.0,6.0,3.5,4.0,4.0,4.0,4.63,4.5,4.5,4.5,3.5,4.0,4.63,4.63,4.7902126,A,Premiere League,A
Maupay Neal,4.46,4.68,4.46,4.46,4.46,4.46,4.46,5.0,4.46,7.0,4.0,3.5,4.0,4.0,4.5,4.5,4.5,3.5,5.0,4.0,4.46,4.46,5.0,6.0,4.0,7.0,3.5,5.0,5.0,5.0,4.5,2.5,4.46,4.46,4.5,4.46,4.0,4.46,5.0,4.5,4.7884645,A,Premiere League,A
Ayew Jordan,4.93,4.99,4.0,5.5,5.5,4.5,4.5,5.5,4.0,4.93,5.5,5.5,4.5,4.5,4.5,4.5,6.0,4.5,4.0,7.0,5.0,5.0,4.93,4.5,4.93,4.0,5.0,4.93,4.93,4.5,3.5,7.5,5.5,6.0,4.5,4.5,4.93,4.93,4.93,4.5,4.6880198,A,Premiere League,A
Sterling Raheem,5.1,5.53,5.0,5.0,3.0,7.5,6.0,4.5,5.1,5.1,5.5,5.1,5.0,5.0,5.0,3.0,4.5,5.1,7.0,6.0,5.1,5.1,4.5,4.0,7.0,8.5,4.0,4.0,5.1,5.1,5.1,7.0,4.0,7.0,6.0,6.5,8.0,5.1,6.0,4.5,4.6412644,A,Premiere League,A
Toney Ivan,5.64,5.49,6.0,7.0,6.0,4.0,5.0,9.0,5.64,3.5,5.0,4.0,7.5,4.5,4.0,4.5,5.64,8.0,6.0,7.5,6.0,4.0,5.64,6.0,5.64,5.64,5.64,5.0,5.64,8.0,4.5,7.0,7.5,4.5,5.0,4.0,7.0,4.0,4.5,5.64,4.59201,A,Premiere League,A
Daka Patson,5.0,4.76,4.5,4.5,4.0,5.0,4.5,7.0,5.0,4.0,6.0,6.0,5.5,4.5,4.5,4.0,5.5,6.0,4.0,6.0,5.0,4.5,4.5,6.0,3.5,4.5,4.0,5.0,5.0,4.0,4.0,4.5,4.5,3.5,4.5,4.5,6.0,4.5,5.0,5.0,4.561205,A,Premiere League,A
Undav Deniz,4.56,4.56,4.5,4.56,4.56,4.56,4.5,4.5,4.56,4.56,4.56,4.56,4.5,4.5,4.5,4.56,5.0,4.5,4.56,4.56,4.56,4.56,4.56,4.56,4.56,4.56,4.56,4.56,4.56,4.56,4.56,4.56,4.56,4.56,4.56,4.56,4.56,4.56,4.56,4.56,4.53942,A,Premiere League,A
Iheanacho Kelechi,4.68,4.88,4.68,6.0,4.0,4.5,4.5,5.5,4.68,4.5,4.68,4.5,5.0,4.0,4.68,5.0,4.68,4.68,4.5,4.5,4.5,4.68,4.68,4.68,4.5,4.68,4.5,4.5,5.5,4.0,4.5,6.0,4.0,5.0,4.68,6.0,5.0,4.68,4.68,4.5,4.5186853,A,Premiere League,A
João Félix,3.5,5.32,3.5,3.5,3.5,3.5,3.5,3.5,3.5,3.5,3.5,3.5,3.5,3.5,3.5,3.5,3.5,3.5,3.5,3.5,3.5,3.5,4.5,4.0,6.0,7.5,5.0,8.0,6.0,6.0,8.0,4.5,4.0,3.5,3.5,3.5,3.5,3.5,3.5,3.5,4.49952,A,Premiere League,A
Carlos Vinícius,4.54,4.54,4.54,4.54,4.54,4.54,4.54,4.5,7.0,4.0,5.0,3.5,4.5,4.5,4.0,4.54,4.0,4.5,4.5,4.54,4.5,4.54,4.54,4.54,4.54,4.54,4.54,4.54,4.54,4.54,4.54,4.54,4.54,4.54,4.54,4.54,4.54,4.54,4.54,4.54,4.4985995,A,Premiere League,A
Mateta Jean-Philippe,4.59,4.8,4.5,4.59,6.0,4.5,5.0,5.5,4.5,4.59,4.5,4.0,4.5,4.5,4.0,4.59,4.59,4.5,4.59,4.0,4.0,5.0,4.0,5.0,4.59,4.0,4.5,4.5,7.0,4.5,4.5,6.0,4.5,6.0,4.0,4.5,4.5,4.0,4.59,4.5,4.491734,A,Premiere League,A
Mateo Joseph,4.5,4.5,4.5,4.5,4.5,4.5,4.5,4.5,4.5,4.5,4.5,4.5,4.5,4.5,4.5,4.5,4.5,4.5,4.5,4.5,4.5,4.5,4.5,4.5,4.5,4.5,4.5,4.5,4.5,4.5,4.5,4.5,4.5,4.5,4.5,4.5,4.5,4.5,4.5,4.5,4.490743,A,Premiere League,A
Kalajdzic Sasa,4.5,4.5,4.5,4.5,4.5,4.5,4.5,4.5,4.5,4.5,4.5,4.5,4.5,4.5,4.5,4.5,4.5,4.5,4.5,4.5,4.5,4.5,4.5,4.5,4.5,4.5,4.5,4.5,4.5,4.5,4.5,4.5,4.5,4.5,4.5,4.5,4.5,4.5,4.5,4.5,4.490743,A,Premiere League,A
Marquinhos,4.5,4.5,4.5,4.5,4.5,4.5,4.5,4.5,4.5,4.5,4.5,4.5,4.5,4.5,4.5,4.5,4.5,4.5,4.5,4.5,4.5,4.5,4.5,4.5,4.5,4.5,4.5,4.5,4.5,4.5,4.5,4.5,4.5,4.5,4.5,4.5,4.5,4.5,4.5,4.5,4.490743,A,Premiere League,A
Marquinhos,4.5,4.5,4.5,4.5,4.5,4.5,4.5,4.5,4.5,4.5,4.5,4.5,4.5,4.5,4.5,4.5,4.5,4.5,4.5,4.5,4.5,4.5,4.5,4.5,4.5,4.5,4.5,4.5,4.5,4.5,4.5,4.5,4.5,4.5,4.5,4.5,4.5,4.5,4.5,5.0,4.490743,A,Premiere League,A
Watkins Ollie,5.03,5.06,4.5,6.5,6.0,5.0,4.0,4.0,5.03,4.5,5.0,4.5,3.5,4.5,7.0,3.5,6.0,5.03,6.0,6.5,4.0,6.0,4.5,4.0,5.0,4.0,5.0,6.0,7.0,4.5,4.0,6.0,4.0,5.0,5.0,7.0,7.0,6.0,4.0,4.5,4.487548,A,Premiere League,A
Dennis Emmanuel,4.7,4.52,4.7,4.7,4.7,4.5,4.0,4.5,4.7,4.0,5.0,6.0,4.0,4.7,4.7,4.5,5.5,4.7,5.0,4.7,4.7,4.7,5.0,3.0,4.5,4.0,6.5,4.0,4.0,5.0,4.7,4.0,4.0,6.5,5.5,4.5,4.0,4.7,4.7,4.7,4.4604077,A,Premiere League,A
Lewis-Potter Keane,4.78,4.78,4.5,4.78,5.0,5.5,4.5,5.0,4.78,4.78,4.78,4.78,4.78,4.78,4.78,5.0,4.5,4.78,4.78,4.78,4.5,4.78,4.78,4.78,4.78,4.78,4.78,4.78,4.78,4.78,4.78,4.78,4.78,4.78,4.78,4.78,4.78,4.78,4.78,4.5,4.4102497,A,Premiere League,A
Jiménez Raúl,4.67,4.78,4.67,4.67,4.5,5.0,4.5,4.67,4.67,4.67,4.67,4.67,4.67,4.67,4.67,4.67,4.67,4.67,4.67,5.0,4.5,4.5,6.0,4.67,4.0,7.0,5.5,4.5,4.5,5.0,2.0,4.67,4.67,3.0,5.5,4.0,4.5,5.0,6.0,4.67,4.3857646,A,Premiere League,A
Greenwood Sam,4.75,4.84,4.5,4.75,4.5,4.75,4.75,4.5,4.75,4.75,4.75,4.75,4.75,4.75,4.5,4.75,7.0,4.0,5.0,4.75,4.5,4.5,4.75,4.75,4.75,4.75,4.75,4.75,4.75,4.75,5.5,4.75,6.0,4.75,4.5,4.5,4.75,4.5,5.0,4.5,4.3768725,A,Premiere League,A
Wilson Callum,5.33,5.32,7.0,3.5,6.5,5.33,5.33,5.33,5.33,5.33,6.5,6.0,4.5,5.0,6.0,8.0,4.5,4.0,5.33,4.0,6.0,4.0,5.33,5.33,5.33,5.33,5.33,5.33,5.33,5.33,5.33,5.33,5.33,5.33,5.33,5.33,4.0,5.0,7.5,4.5,4.3646636,A,Premiere League,A
Solanke Dominic,5.16,5.16,5.0,5.16,5.16,4.0,4.5,7.5,5.16,5.0,5.0,6.0,7.0,4.0,4.5,4.5,6.0,7.0,4.5,4.0,5.16,5.16,5.16,5.16,5.16,5.16,5.16,5.16,5.16,5.16,5.16,5.16,5.16,5.16,5.16,5.16,5.16,5.16,5.16,4.0,4.3632755,A,Premiere League,A
Adama Traoré Adama,4.68,4.82,4.68,4.5,4.5,4.68,4.5,4.5,4.68,4.68,4.5,4.5,6.5,6.5,3.5,4.5,5.0,4.5,4.5,4.0,5.0,4.0,6.5,4.5,6.0,4.5,6.0,4.68,4.68,5.0,4.68,4.5,5.0,4.68,4.68,4.5,4.68,4.68,2.5,4.5,4.2902637,A,Premiere League,A
Walcott Theo,4.17,4.4,4.17,4.17,4.17,4.17,4.17,4.17,4.17,4.17,4.17,4.17,4.17,4.17,4.0,4.17,4.0,4.5,4.17,4.17,4.17,4.17,4.17,4.17,4.5,4.17,4.17,4.17,4.17,4.17,4.17,4.17,4.17,4.17,4.17,4.17,4.17,4.17,4.17,4.17,4.2790046,A,Premiere League,A
Wood Chris,4.63,4.51,4.5,4.5,4.5,5.0,4.5,4.5,4.63,4.5,4.63,4.5,4.5,4.0,4.5,4.0,6.5,5.0,6.0,4.0,4.0,4.5,4.0,5.0,5.0,4.5,4.5,5.5,4.5,3.5,4.5,3.0,6.0,4.0,4.63,4.0,2.5,4.63,4.5,4.5,4.244203,A,Premiere League,A
Haaland Erling,6.5,6.5,7.0,6.5,6.0,8.0,8.5,7.0,6.5,6.5,9.0,6.5,5.0,6.5,7.0,6.5,5.5,4.5,8.0,6.0,4.0,8.0,6.5,6.5,6.5,6.5,6.5,6.5,6.5,6.5,6.5,6.5,6.5,6.5,6.5,6.5,6.5,6.5,6.5,4.0,4.197327,A,Premiere League,A
Mitrovic Aleksandar,5.63,5.63,8.0,3.0,6.5,6.0,7.0,6.5,5.63,5.0,4.0,5.63,6.5,6.0,6.0,4.5,5.63,5.63,8.5,4.0,2.5,5.63,5.63,5.63,5.63,5.63,5.63,5.63,5.63,5.63,5.63,5.63,5.63,5.63,5.63,5.63,5.63,5.63,5.63,6.0,4.1713767,A,Premiere League,A
Vardy Jamie,4.55,4.93,5.0,4.5,4.0,5.0,4.0,4.5,4.55,4.5,5.5,4.0,4.0,4.5,7.0,4.0,4.5,4.5,4.0,4.5,4.0,4.5,7.0,4.55,4.55,4.55,4.55,4.0,4.5,4.55,4.55,4.55,4.55,4.55,4.5,4.5,4.5,8.0,7.0,4.5,4.1382794,A,Premiere League,A
Elanga Anthony,4.88,5.03,4.5,4.5,6.0,6.0,5.0,4.88,4.88,4.88,4.88,4.88,4.88,4.5,4.5,5.0,5.0,5.5,4.5,4.5,4.88,4.88,5.0,5.5,4.5,4.5,6.0,5.0,5.5,4.5,4.0,5.0,4.0,7.0,4.5,6.5,4.0,5.5,5.0,4.0,4.097092,A,Premiere League,A
Martial Anthony,5.33,4.89,5.33,5.33,6.0,5.33,5.33,5.33,5.33,5.33,7.5,6.0,5.33,5.33,5.33,5.33,4.5,4.5,6.5,4.0,4.5,5.33,5.33,4.5,6.0,4.5,5.33,5.33,4.5,4.0,4.0,4.5,4.0,5.33,5.33,5.33,4.0,5.33,5.33,4.5,4.037051,A,Premiere League,A
Canós Sergi,4.4,4.32,4.4,4.4,4.4,4.4,4.4,4.4,4.4,4.4,4.4,4.4,5.0,4.4,4.0,4.5,4.5,4.4,4.4,4.4,4.4,4.4,4.4,4.0,4.0,5.0,4.5,4.5,4.4,6.0,4.4,4.5,5.0,4.4,4.4,4.4,4.4,4.4,3.5,4.0,4.0126185,A,Premiere League,A
Moore Kieffer,4.5,4.5,6.5,3.0,3.5,3.0,4.5,4.5,4.5,4.5,4.5,4.5,4.5,4.5,4.5,7.5,4.0,6.5,4.0,3.5,4.0,4.0,4.5,4.5,4.5,4.5,4.5,4.5,4.5,4.5,4.5,4.5,4.5,4.5,4.5,4.5,4.5,4.5,4.5,4.5,3.9777021,A,Premiere League,A
Aubameyang Pierre-Emerick,4.55,5.04,4.55,4.55,4.55,4.55,4.55,4.55,4.55,4.55,6.5,4.55,4.0,5.0,4.5,4.5,4.0,4.55,4.5,4.0,5.0,4.5,4.55,4.5,4.5,8.5,7.0,4.55,4.55,8.5,5.0,6.0,4.0,6.0,4.0,4.0,7.5,4.0,3.5,3.5,3.9440942,A,Premiere League,A
Weghorst Wout,4.25,4.07,4.25,4.25,4.25,4.25,4.25,4.25,4.5,4.25,4.25,4.25,4.25,4.25,4.25,4.25,4.25,4.25,4.25,4.25,4.25,4.0,4.25,4.25,6.0,4.0,7.5,5.0,3.0,4.0,5.0,3.5,4.0,6.5,6.0,4.5,4.5,4.5,4.0,4.25,3.7851598,A,Premiere League,A
Adams Che,4.84,4.82,4.84,4.5,7.5,4.5,5.0,4.5,4.84,4.0,5.5,3.0,5.0,6.0,4.5,4.0,4.5,7.0,4.0,5.0,6.5,4.0,4.0,4.0,6.5,6.5,6.0,6.5,3.0,5.0,4.5,4.5,3.0,4.84,5.0,4.0,4.84,4.0,4.5,3.0,3.754638,A,Premiere League,A
Núñez Darwin,5.21,5.21,6.0,2.5,5.21,5.21,5.21,5.0,5.21,5.21,4.0,6.0,5.0,6.5,5.21,4.5,6.5,7.5,5.0,6.0,5.21,5.0,5.21,5.21,5.21,5.21,5.21,5.21,5.21,5.21,5.21,5.21,5.21,5.21,5.21,5.21,5.21,5.21,5.21,3.5,3.687557,A,Premiere League,A
Mara Sékou,4.43,4.71,4.43,6.0,4.5,4.5,4.43,4.5,4.43,4.5,4.5,4.0,4.5,4.43,4.43,4.0,4.43,4.43,4.5,4.5,4.0,4.0,4.43,4.43,4.5,4.5,4.5,4.43,4.0,3.0,4.43,4.5,7.0,6.0,4.5,4.0,6.5,5.0,8.0,4.0,3.6271687,A,Premiere League,A
Édouard Odsonne,4.83,4.82,4.0,4.5,6.0,4.5,4.5,5.0,4.5,4.83,6.0,6.0,4.5,6.0,3.0,7.0,4.83,4.5,4.83,4.5,4.0,4.0,3.5,6.0,4.83,4.5,4.83,4.83,4.83,5.0,5.0,4.5,4.83,4.83,4.83,4.83,5.0,4.0,4.0,4.5,3.5814855,A,Premiere League,A
Calvert-Lewin Dominic,4.35,4.4,4.35,4.35,4.35,4.35,4.35,4.35,4.35,4.35,4.35,4.5,4.5,3.0,7.0,4.0,4.5,4.35,4.35,4.5,4.0,4.0,4.5,3.5,4.35,5.0,4.0,4.35,2.5,4.35,4.0,4.5,3.5,6.0,4.35,4.35,4.35,6.5,5.5,3.5,3.2137065,A,Premiere League,A
Mohamed Salah Mohamed,5.18,5.31,6.0,4.5,6.0,4.5,6.5,5.0,5.18,5.18,4.5,4.5,6.0,5.0,4.0,6.5,7.0,4.0,7.5,5.0,3.0,4.5,5.18,5.18,5.0,4.5,5.18,4.5,4.0,6.5,8.0,4.5,6.0,4.5,6.0,4.5,5.0,5.18,7.0,4.5,3.0901673,A,Premiere League,A
Zaha Wilfried,5.26,5.44,6.0,6.0,7.5,5.26,6.5,5.0,5.5,5.26,5.0,5.5,4.5,7.0,3.5,6.0,7.0,3.0,3.5,6.0,4.0,5.0,5.26,5.26,5.26,4.5,3.5,5.5,6.5,6.0,4.5,7.5,6.0,5.5,7.0,6.5,6.0,4.0,7.0,3.5,2.9211535,A,Premiere League,A
