Joueur,Note,Note 1 an,j1,j2,j3,j4,j5,j6,j7,j8,j9,j10,j11,j12,j13,j14,j15,j16,j17,j18,j20,j21,j22,j23,j24,j25,j26,j27,j28,j29,j30,j31,j32,j33,j34,j35,j36,j37,j38,j19,prediction_label,Poste,Championnat
March Solly,5.53,5.31,5.5,5.5,6.0,5.5,3.5,5.5,5.53,5.53,5.0,5.0,5.0,5.0,4.5,6.0,6.0,4.5,8.0,3.5,8.0,5.0,5.0,5.5,5.5,5.53,5.0,4.0,5.0,5.5,3.5,5.0,5.53,5.0,5.0,5.0,6.0,5.0,6.0,8.0,8.534279,MO,Premiere League
Mitoma Kaoru,5.96,5.96,5.96,5.5,5.0,5.0,5.0,5.96,5.96,5.96,5.5,5.0,5.5,5.96,5.96,7.0,8.0,5.96,5.5,6.0,6.0,7.5,5.96,5.96,5.96,5.96,5.96,5.96,5.96,5.96,5.96,5.96,5.96,5.96,5.96,5.96,5.96,5.96,5.96,7.0,7.7961435,MO,Premiere League
Daniel Podence,5.25,5.44,6.5,4.0,5.0,5.0,5.5,6.5,5.25,4.0,5.0,3.5,5.0,5.5,3.5,6.5,4.5,5.5,6.0,5.0,6.5,5.0,5.5,5.0,6.0,5.5,7.0,5.0,5.0,5.5,6.0,5.5,5.25,5.25,5.25,5.25,5.25,5.0,5.25,7.0,7.260645,MO,Premiere League
Lucas Paquetá,5.58,5.83,5.58,5.58,5.58,5.58,5.0,5.5,5.58,5.0,6.0,7.0,5.0,5.58,5.58,5.58,5.5,5.5,4.5,5.0,5.5,6.0,6.0,5.5,7.0,4.5,6.0,6.0,5.0,6.0,6.5,6.0,7.5,4.5,7.0,5.5,3.5,7.0,5.58,7.0,7.107706,MO,Premiere League
Ward-Prowse James,5.4,5.57,6.0,5.5,7.0,5.5,5.0,6.0,5.4,4.5,5.5,3.5,5.5,5.5,4.5,4.0,3.5,6.5,5.5,5.5,8.0,5.5,6.0,5.5,7.5,5.0,8.0,6.5,3.0,4.5,5.0,7.5,2.0,5.5,8.0,6.0,4.5,4.5,5.5,5.5,6.918346,MO,Premiere League
Gibbs-White Morgan,5.21,5.21,5.0,5.5,4.5,4.0,4.5,5.5,5.21,3.5,4.5,6.0,4.0,5.0,5.0,4.0,7.0,7.0,5.21,5.5,7.5,6.0,5.21,5.21,5.21,5.21,5.21,5.21,5.21,5.21,5.21,5.21,5.21,5.21,5.21,5.21,5.21,5.21,5.21,5.0,6.866949,MO,Premiere League
Son Heung-Min,5.47,6.12,7.0,5.0,5.0,5.0,4.5,6.0,4.0,8.0,4.5,6.5,6.0,4.5,4.5,6.0,5.47,5.47,5.0,5.0,4.0,5.47,7.5,5.47,6.0,5.0,7.5,8.0,7.0,5.0,8.0,8.0,8.5,4.0,5.0,8.0,7.0,5.5,8.0,8.0,6.831511,MO,Premiere League
Grealish Jack,5.89,5.78,6.0,5.5,5.89,5.89,5.89,5.89,5.5,7.0,6.0,5.5,5.89,5.89,5.0,6.0,5.0,5.89,7.0,5.0,6.0,7.0,5.0,5.0,5.5,5.89,5.89,5.89,6.0,5.0,5.89,5.0,5.0,5.0,6.0,7.0,7.0,7.0,5.89,6.0,6.762359,MO,Premiere League
Anthony Jaidon,4.93,4.93,4.93,4.93,4.0,3.0,4.5,6.5,4.93,4.5,4.93,4.5,4.5,4.93,5.0,4.5,4.93,6.5,5.5,3.5,5.0,7.0,4.93,4.93,4.93,4.93,4.93,4.93,4.93,4.93,4.93,4.93,4.93,4.93,4.93,4.93,4.93,4.93,4.93,5.5,6.754595,MO,Premiere League
Bruno Fernandes,6.18,5.94,5.0,4.0,6.5,7.0,6.0,7.0,8.0,6.18,3.5,5.5,6.5,8.0,5.5,6.0,6.18,6.5,6.5,6.5,7.0,5.5,8.0,5.5,6.0,5.5,7.0,6.0,3.0,6.18,4.0,6.0,6.0,6.0,4.0,8.0,4.5,5.0,3.5,7.0,6.672033,MO,Premiere League
Perisic Ivan,4.83,5.25,4.5,6.0,6.0,5.0,5.0,5.0,3.0,5.5,3.0,5.0,5.5,4.0,4.5,6.0,5.5,4.0,4.5,3.0,4.5,4.83,5.0,5.0,6.5,5.0,4.5,6.0,4.83,4.0,6.0,4.5,7.0,6.5,6.0,6.5,6.0,6.5,7.0,7.0,6.598341,MO,Premiere League
Eriksen Christian,5.37,5.71,5.0,2.5,5.5,5.0,5.5,6.0,6.5,5.37,3.5,5.5,5.37,4.5,5.5,7.0,4.0,7.5,6.0,5.0,5.5,5.0,5.37,5.37,5.37,5.37,5.37,4.5,5.37,6.5,5.37,8.0,6.5,7.5,6.0,5.0,7.0,7.0,5.5,7.0,6.5709796,MO,Premiere League
João Moutinho,5.17,5.27,5.17,5.17,5.0,5.5,6.0,5.5,5.17,5.0,4.0,5.0,5.0,5.0,4.0,5.5,4.5,4.5,6.0,5.0,6.0,5.5,5.5,8.0,5.17,5.17,5.5,5.17,4.0,7.0,4.5,6.0,5.0,3.5,5.0,4.5,4.0,5.5,5.0,5.0,6.5399084,MO,Premiere League
João Moutinho,5.17,5.27,5.17,5.17,5.0,5.5,6.0,5.5,5.17,5.0,4.0,5.0,5.0,5.0,4.0,5.5,4.5,4.5,6.0,5.0,6.0,5.5,5.5,8.0,5.17,5.17,5.5,5.17,4.0,7.0,4.5,6.0,5.0,3.5,5.0,4.5,4.0,5.5,5.0,6.0,6.5399084,MO,Premiere League
Tielemans Youri,5.7,5.49,6.0,4.5,5.0,7.5,4.5,5.5,5.7,5.0,7.0,5.0,5.5,5.5,8.0,6.0,8.0,5.0,3.5,4.5,5.0,6.0,6.0,7.0,5.0,7.0,5.5,5.7,5.5,5.7,5.0,6.0,4.5,4.5,6.0,5.0,3.5,6.5,5.0,7.0,6.4219503,MO,Premiere League
Ziyech Hakim,5.15,5.33,5.15,5.15,4.5,5.15,4.5,5.15,4.5,5.15,5.15,5.0,5.15,5.15,5.15,5.0,5.15,5.5,5.15,5.5,7.0,5.0,4.5,8.0,7.0,4.5,6.0,6.0,5.15,5.0,5.15,4.0,5.5,6.0,4.5,5.0,5.15,5.15,5.0,5.0,6.0616655,MO,Premiere League
Buendía Emiliano,5.43,5.44,4.5,7.0,4.5,5.0,4.5,5.0,5.43,5.5,5.0,6.0,5.0,5.0,7.0,4.5,6.0,5.0,4.5,7.0,6.5,5.5,6.0,7.0,5.0,4.5,5.0,5.43,5.0,5.5,5.0,5.5,4.5,5.0,5.0,6.0,7.5,5.5,4.5,5.5,6.058286,MO,Premiere League
Danilo,6.0,6.0,6.0,6.0,6.0,6.0,6.0,6.0,6.0,6.0,6.0,6.0,6.0,6.0,6.0,6.0,6.0,6.0,6.0,6.0,6.0,6.0,6.0,6.0,6.0,6.0,6.0,6.0,6.0,6.0,6.0,6.0,6.0,6.0,6.0,6.0,6.0,6.0,6.0,6.0,6.029889,MO,Premiere League
Danilo,6.0,6.0,6.0,6.0,6.0,6.0,6.0,6.0,6.0,6.0,6.0,6.0,6.0,6.0,6.0,6.0,6.0,6.0,6.0,6.0,6.0,6.0,6.0,6.0,6.0,6.0,6.0,6.0,6.0,6.0,6.0,6.0,6.0,6.0,6.0,6.0,6.0,6.0,6.0,6.0,6.029889,MO,Premiere League
Ramsey Jacob,5.53,5.46,6.0,5.5,5.0,5.0,6.0,5.5,5.53,7.0,5.5,5.5,5.0,3.5,5.5,4.5,7.5,5.0,5.53,5.53,6.0,6.0,7.0,6.0,7.5,5.5,5.5,6.0,6.0,7.0,4.5,4.5,3.5,5.53,4.5,6.0,5.53,4.5,4.0,5.53,6.0266423,MO,Premiere League
Garnacho Alejandro,5.0,4.95,5.0,5.0,5.0,5.0,5.0,5.0,4.5,5.0,5.0,5.0,5.0,5.0,5.0,5.0,4.0,6.0,4.0,5.0,6.0,4.5,5.0,5.0,5.0,5.0,5.0,5.0,5.0,5.0,5.0,5.0,5.0,5.0,5.0,5.0,5.0,5.0,4.5,6.0,5.991759,MO,Premiere League
De Bruyne Kevin,6.5,6.64,7.0,8.5,7.0,5.5,5.5,7.0,6.5,7.0,7.0,7.0,5.5,6.5,7.0,7.0,7.5,5.0,6.0,5.5,5.5,7.0,7.5,7.5,7.5,6.5,5.0,5.5,8.5,5.5,6.0,7.0,7.0,9.0,7.0,6.5,8.0,5.5,7.0,6.0,5.9580345,MO,Premiere League
Danilo,5.42,5.45,5.5,5.0,5.5,5.0,5.0,5.0,4.5,5.0,4.0,7.0,7.0,6.0,5.5,5.5,5.5,6.0,7.0,3.0,5.42,5.42,5.42,5.42,6.0,6.5,5.42,4.5,5.5,5.0,6.0,5.0,5.0,5.5,5.5,6.0,5.42,5.42,5.42,6.0,5.9097176,MO,Premiere League
Danilo,5.42,5.45,5.5,5.0,5.5,5.0,5.0,5.0,4.5,5.0,4.0,7.0,7.0,6.0,5.5,5.5,5.5,6.0,7.0,3.0,5.42,5.42,5.42,5.42,6.0,6.5,5.42,4.5,5.5,5.0,6.0,5.0,5.0,5.5,5.5,6.0,5.42,5.42,5.42,6.0,5.9097176,MO,Premiere League
Mount Mason,5.5,5.51,5.5,5.5,3.5,5.5,5.5,5.0,5.5,5.5,5.5,7.5,8.0,5.0,5.5,3.5,5.0,5.0,7.0,5.0,6.0,5.5,5.0,6.5,5.0,4.5,5.5,5.5,6.0,4.5,5.5,3.5,9.0,7.5,5.0,5.0,5.5,5.5,6.0,5.5,5.8914003,MO,Premiere League
Groß Pascal,5.63,5.41,7.0,5.0,7.0,7.0,4.0,7.0,5.63,5.63,4.5,5.5,4.5,5.0,5.0,6.5,6.5,4.0,5.5,6.0,5.5,4.0,4.5,4.5,4.5,5.0,5.63,5.63,6.0,4.5,3.5,5.0,5.0,6.0,5.0,5.0,8.0,5.0,7.5,7.5,5.723786,MO,Premiere League
Pérez Ayoze,5.06,4.88,5.06,5.06,5.0,5.5,5.06,5.06,5.06,5.06,5.06,4.5,5.06,4.5,5.06,5.06,5.06,6.0,3.5,5.5,5.06,5.06,5.06,4.5,5.06,5.06,5.06,4.5,5.06,5.06,5.06,5.06,5.06,5.5,4.5,4.0,3.0,5.06,7.0,6.0,5.6720676,MO,Premiere League
De Cordova-Reid Bobby,5.32,5.32,6.0,6.0,6.0,5.5,4.5,4.5,5.0,6.0,5.5,4.5,4.5,5.5,5.5,5.0,5.32,4.0,7.0,5.0,6.0,5.32,5.32,5.32,5.32,5.32,5.32,5.32,5.32,5.32,5.32,5.32,5.32,5.32,5.32,5.32,5.32,5.32,5.32,5.0,5.5889673,MO,Premiere League
Summerville Crysencio,5.54,5.54,5.0,5.54,5.54,5.54,5.54,5.0,5.54,5.54,5.0,5.0,5.0,5.0,6.0,7.0,7.0,6.0,5.54,5.0,5.54,5.54,5.54,5.54,5.54,5.54,5.54,5.54,5.54,5.54,5.54,5.54,5.5,5.54,5.54,5.54,5.54,5.54,5.54,5.5,5.5707545,MO,Premiere League
Fred,5.26,5.41,4.0,4.5,5.5,4.5,5.0,5.0,5.0,5.26,5.5,5.26,5.0,8.0,5.0,4.5,5.26,5.26,6.5,5.0,6.0,4.5,6.5,6.5,5.26,5.26,6.0,5.0,4.0,7.0,5.26,6.0,4.5,5.26,5.26,5.5,5.0,5.26,4.5,6.0,5.568874,MO,Premiere League
Mudryk Mykhailo,5.5,5.5,5.5,5.5,5.5,5.5,5.5,5.5,5.5,5.5,5.5,5.5,5.5,5.5,5.5,5.5,5.5,5.5,5.5,5.5,5.5,5.5,5.5,5.5,5.5,5.5,5.5,5.5,5.5,5.5,5.5,5.5,5.5,5.5,5.5,5.5,5.5,5.5,5.5,5.5,5.5168357,MO,Premiere League
Chukwuemeka Carney,5.13,5.0,5.13,5.13,5.13,5.13,5.13,5.13,5.0,5.13,5.13,5.0,5.13,5.5,4.5,5.13,5.13,5.13,5.13,5.0,5.5,5.0,5.0,5.0,5.0,5.0,5.13,5.13,5.13,5.13,5.13,5.13,5.13,5.0,5.13,5.13,5.0,5.13,5.13,5.5,5.513199,MO,Premiere League
Kebano Neeskens,5.5,5.5,5.5,6.0,5.5,5.5,6.0,4.5,5.5,5.0,6.5,5.5,5.0,6.0,5.0,5.5,5.5,5.5,5.5,5.5,5.5,5.5,5.5,5.5,5.5,5.5,5.5,5.5,5.5,5.5,5.5,5.5,5.5,5.5,5.5,5.5,5.5,5.5,5.5,5.5,5.4783454,MO,Premiere League
Maddison James,5.89,6.12,6.0,6.0,4.5,5.89,5.5,3.5,5.89,6.0,8.5,5.0,6.0,5.89,7.5,5.0,8.0,6.0,5.89,5.89,5.89,5.0,6.5,5.0,4.5,5.5,5.0,7.0,5.89,5.0,8.0,7.0,6.0,5.0,5.5,5.89,5.89,8.5,8.0,5.89,5.4669323,MO,Premiere League
Tavernier Marcus,5.4,5.4,7.5,4.0,3.5,3.5,5.5,5.5,5.4,6.0,5.0,5.5,6.0,4.5,4.5,5.0,7.5,7.5,5.4,5.4,5.4,5.4,5.4,5.4,5.4,5.4,5.4,5.4,5.4,5.4,5.4,5.4,5.4,5.4,5.4,5.4,5.4,5.4,5.4,5.4,5.4613385,MO,Premiere League
Dasilva Josh,5.38,5.17,7.0,7.0,5.0,5.0,5.5,5.0,5.38,4.0,5.5,4.5,5.0,5.0,4.5,6.0,4.5,6.5,4.5,6.5,6.5,5.0,5.38,5.38,5.0,5.0,5.0,2.0,5.38,5.38,5.38,5.38,5.38,5.38,5.0,5.0,5.0,5.5,5.0,5.0,5.4433756,MO,Premiere League
Cairney Tom,5.13,5.13,5.0,5.0,5.5,5.0,5.0,5.5,5.0,5.0,6.0,4.5,5.0,5.0,5.0,5.0,5.0,5.0,5.5,5.0,5.0,5.13,5.13,5.13,5.13,5.13,5.13,5.13,5.13,5.13,5.13,5.13,5.13,5.13,5.13,5.13,5.13,5.13,5.13,5.5,5.4354453,MO,Premiere League
Mahrez Riyad,5.73,5.6,4.5,6.0,5.73,5.0,6.0,4.5,8.5,5.0,4.5,7.0,5.73,5.73,5.0,5.73,5.73,5.73,7.0,6.5,4.5,6.0,5.73,5.73,5.0,6.0,6.0,4.5,8.0,4.5,7.0,5.73,4.5,4.5,4.5,5.73,5.73,4.0,5.0,6.0,5.423123,MO,Premiere League
Harrison Jack,5.53,5.47,7.0,7.0,8.0,5.0,5.5,5.0,5.53,5.53,5.0,5.0,5.5,5.0,4.0,5.5,5.0,5.53,5.53,5.5,5.0,5.0,5.53,5.5,5.0,5.0,4.0,4.5,6.5,5.53,7.0,7.0,7.5,4.5,5.0,4.0,5.0,5.0,7.5,6.0,5.3962007,MO,Premiere League
Doucouré Abdoulaye,5.0,4.96,5.5,4.5,5.0,5.0,5.0,5.0,5.0,5.0,5.0,5.0,5.0,5.0,5.0,5.0,4.5,5.0,5.0,5.0,5.0,5.0,4.5,5.5,5.0,5.0,5.0,4.5,3.5,4.5,5.0,5.0,5.0,6.0,5.0,6.0,5.0,5.0,5.0,5.5,5.3649526,MO,Premiere League
Albrighton Marc,5.33,4.97,5.33,5.33,5.33,5.33,5.33,5.33,5.33,5.33,5.0,5.33,5.33,5.33,5.0,5.33,5.5,5.33,5.33,5.33,5.5,6.5,5.0,5.5,4.5,5.33,6.0,5.33,5.0,5.5,5.33,5.33,5.33,5.33,5.33,3.5,5.33,6.0,5.33,4.5,5.36298,MO,Premiere League
Sancho Jadon,5.45,5.48,4.5,4.5,7.0,5.5,7.0,5.5,5.45,5.45,3.5,5.45,5.5,6.5,5.0,5.45,5.45,5.45,5.45,5.45,5.45,5.45,4.5,5.45,5.5,7.0,7.5,4.5,5.5,7.0,5.0,4.5,6.0,5.5,5.0,5.45,5.45,5.45,5.45,5.45,5.3549023,MO,Premiere League
Aribo Joe,5.08,5.08,3.5,7.0,5.0,5.0,5.0,5.5,5.08,4.0,7.5,3.5,5.0,6.0,5.0,5.0,5.0,5.0,4.5,4.5,5.08,5.08,5.08,5.08,5.08,5.08,5.08,5.08,5.08,5.08,5.08,5.08,5.08,5.08,5.08,5.08,5.08,5.08,5.08,5.5,5.289611,MO,Premiere League
Willock Joe,5.78,5.7,6.5,6.0,5.0,5.0,5.5,5.0,5.78,5.0,7.5,6.0,5.0,5.5,5.5,6.0,7.5,7.0,6.0,5.0,5.5,5.5,5.78,5.5,6.5,6.0,7.0,7.0,5.0,5.78,5.0,3.5,5.78,5.5,6.5,4.5,5.78,5.78,5.78,5.5,5.260229,MO,Premiere League
Ødegaard Martin,6.44,6.0,6.0,6.0,7.5,7.5,6.0,4.5,6.44,6.44,5.5,6.5,7.0,6.44,5.5,7.0,5.5,8.0,7.5,8.0,7.5,5.5,5.0,5.0,5.5,6.5,5.5,4.0,7.0,6.0,6.0,3.0,6.0,5.5,6.0,5.0,6.0,5.5,7.5,5.0,5.2387013,MO,Premiere League
Lallana Adam,5.25,5.23,6.0,5.0,5.0,5.25,5.25,5.25,5.25,5.25,4.5,5.5,5.0,5.5,4.0,5.5,7.0,4.5,7.0,4.0,5.5,5.0,6.0,5.25,5.25,7.0,3.5,5.25,5.25,5.0,5.25,5.25,4.5,4.5,5.25,5.25,5.25,4.5,5.25,5.0,5.2326474,MO,Premiere League
Diogo Jota,5.13,5.24,5.13,5.13,5.13,5.13,5.13,4.0,5.13,5.13,4.5,6.0,6.0,5.13,5.13,5.13,5.13,5.13,5.13,5.13,5.13,5.13,5.13,6.0,8.0,4.0,5.13,6.0,4.0,4.5,6.0,7.5,6.0,4.5,5.0,6.5,4.0,6.0,4.0,5.13,5.226649,MO,Premiere League
Sarabia Pablo,5.5,4.97,5.5,5.5,5.5,5.5,5.5,5.5,5.5,5.5,5.5,5.5,5.5,5.5,5.5,5.5,5.5,5.5,5.5,5.5,5.5,5.5,5.5,5.5,5.5,5.5,5.5,5.5,5.5,5.5,5.5,5.5,5.5,5.5,5.5,5.5,5.5,5.5,5.5,5.5,5.2215476,MO,Premiere League
Andreas Pereira,5.6,5.6,5.0,5.0,7.0,5.0,6.0,4.5,6.0,6.0,3.5,5.5,5.5,7.0,7.0,5.5,6.0,5.0,7.0,5.0,5.0,5.6,5.6,5.6,5.6,5.6,5.6,5.6,5.6,5.6,5.6,5.6,5.6,5.6,5.6,5.6,5.6,5.6,5.6,5.5,5.1994047,MO,Premiere League
Kovacic Mateo,4.9,5.16,4.9,4.9,4.9,5.0,5.5,5.0,4.5,4.9,4.0,6.0,5.5,5.5,5.0,3.0,4.5,5.5,4.9,4.5,5.0,4.9,5.5,5.5,5.0,4.9,4.5,4.9,5.0,5.0,4.9,5.5,8.0,4.5,4.9,5.0,5.0,4.9,4.9,5.0,5.1762795,MO,Premiere League
Anderson Elliot,5.13,5.13,5.13,5.13,5.13,5.5,5.0,5.5,5.13,5.13,5.0,5.0,5.13,5.0,5.13,5.13,5.0,5.13,5.0,5.13,5.13,5.13,5.13,5.13,5.13,5.13,5.13,5.13,5.13,5.13,5.13,5.13,5.13,5.13,5.13,5.13,5.13,5.13,5.13,5.13,5.167789,MO,Premiere League
Edozie Samuel,4.81,4.81,4.81,4.81,4.81,4.81,4.81,5.0,4.81,4.5,4.5,4.81,4.5,4.81,4.5,4.5,5.0,4.5,5.5,5.0,5.0,5.5,4.81,4.81,4.81,4.81,4.81,4.81,4.81,4.81,4.81,4.81,4.81,4.81,4.81,4.81,4.81,4.81,4.81,4.5,5.159983,MO,Premiere League
O'Brien Lewis,5.12,5.12,6.0,6.0,5.0,4.5,3.5,5.12,5.12,7.0,5.0,5.0,5.12,5.12,5.12,5.0,4.5,5.0,5.0,5.12,5.0,5.12,5.12,5.12,5.12,5.12,5.12,5.12,5.12,5.12,5.12,5.12,5.12,5.12,5.12,5.12,5.12,5.12,5.12,5.12,5.128101,MO,Premiere League
Fábio Vieira,5.25,5.25,5.25,5.25,5.25,5.25,5.25,5.0,5.25,7.0,5.0,5.0,5.0,5.25,5.0,4.5,5.25,6.0,5.0,5.25,5.0,5.25,5.25,5.25,5.25,5.25,5.25,5.25,5.25,5.25,5.25,5.25,5.25,5.25,5.25,5.25,5.25,5.25,5.25,5.25,5.1211915,MO,Premiere League
Fraser Ryan,5.0,5.2,5.0,5.0,5.0,5.5,4.5,5.0,5.0,5.0,5.0,5.0,5.0,5.0,5.0,5.0,5.0,5.0,5.0,5.0,5.0,5.0,5.0,5.0,7.5,5.0,4.5,7.5,7.0,5.0,5.0,3.5,4.5,5.0,5.0,5.0,5.0,5.0,5.0,5.0,5.1058807,MO,Premiere League
Fábio Carvalho Fabio,5.09,5.09,5.0,4.5,5.5,6.5,6.5,5.0,5.09,5.09,4.5,5.09,5.0,5.0,3.5,5.09,5.09,5.0,5.09,5.09,5.09,5.09,5.09,5.09,5.09,5.09,5.09,5.09,5.09,5.09,5.09,5.09,5.09,5.09,5.09,5.09,5.09,5.09,5.09,5.09,5.089129,MO,Premiere League
Lanzini Manuel,4.8,5.41,5.0,5.0,4.5,4.8,4.8,4.8,4.8,4.8,4.8,4.8,5.0,4.8,4.8,4.8,4.5,4.8,4.8,4.8,4.8,4.8,4.8,4.5,5.5,5.5,4.8,6.0,6.5,4.5,5.5,4.8,4.5,6.0,4.5,4.5,7.0,5.0,4.5,4.8,5.080494,MO,Premiere League
Pulisic Christian,4.88,5.13,5.5,4.5,4.5,4.5,5.0,5.0,4.88,4.88,5.5,6.5,4.88,4.5,5.0,3.5,5.0,4.0,5.0,5.0,4.88,4.88,5.0,4.88,4.88,4.88,5.0,4.5,8.0,5.0,4.88,4.88,5.5,6.5,6.5,4.5,5.5,5.0,4.88,5.0,5.0797863,MO,Premiere League
Mac Allister Alexis,6.15,5.83,5.0,6.0,8.0,5.5,7.0,8.0,6.15,6.15,6.0,6.5,6.0,5.0,5.0,7.0,6.0,6.5,6.15,6.15,6.5,5.0,6.0,5.5,6.5,5.0,4.5,4.0,5.0,5.5,4.0,6.0,5.0,5.0,4.5,7.0,6.0,6.5,7.0,5.5,5.0776935,MO,Premiere League
Smith Rowe Emile,5.0,5.14,5.0,5.0,5.5,5.0,5.0,4.5,5.0,5.0,5.0,5.0,5.0,5.0,5.0,5.0,5.0,5.0,5.0,5.0,5.0,5.0,5.0,5.0,5.0,6.5,6.5,5.0,5.0,5.0,5.0,3.5,5.0,5.5,5.0,5.0,5.0,4.5,5.0,5.0,5.0653367,MO,Premiere League
van de Beek Donny,4.79,4.87,5.0,4.5,4.5,4.79,4.79,4.79,4.79,4.79,4.79,4.79,4.79,4.79,4.79,4.79,4.5,4.79,5.0,5.0,4.79,4.79,5.0,4.79,4.5,6.0,3.5,5.0,4.0,5.0,4.79,4.79,4.79,4.79,4.79,4.79,4.79,4.79,6.5,5.0,5.047256,MO,Premiere League
Trossard Leandro,5.62,5.5,5.5,5.0,7.0,6.0,5.0,7.0,5.62,5.62,8.0,4.0,5.0,5.0,6.0,7.0,6.0,5.0,5.0,4.5,5.62,4.5,5.0,5.0,4.0,5.62,4.0,4.0,5.0,4.5,5.62,5.5,6.0,7.0,5.5,7.0,8.0,5.0,5.62,5.62,5.0467606,MO,Premiere League
Praet Dennis,5.05,5.23,5.05,5.0,5.05,5.0,5.05,5.05,5.05,5.05,5.0,5.05,5.0,6.0,4.5,5.05,5.05,5.5,4.5,5.05,5.0,5.0,7.0,5.5,4.5,5.05,5.05,5.05,5.05,5.05,5.05,5.05,5.05,5.05,5.0,5.5,5.0,6.0,3.5,5.05,5.043881,MO,Premiere League
Havertz Kai,5.05,4.98,5.0,5.5,3.0,4.0,4.0,6.0,5.5,5.05,5.0,6.0,5.5,4.5,5.05,6.0,5.0,5.0,7.0,4.0,5.0,5.0,5.05,5.05,5.0,5.0,3.5,4.5,7.0,6.0,5.05,3.0,6.5,5.05,4.0,4.0,4.5,5.0,6.5,5.0,5.0428953,MO,Premiere League
Gordon Anthony,5.06,5.23,3.5,4.5,5.5,6.5,7.0,5.0,5.06,4.5,5.0,4.0,5.06,4.5,7.5,5.5,4.5,5.0,4.0,5.06,4.5,5.06,5.0,5.5,4.5,8.0,4.0,4.5,4.5,5.0,5.5,4.5,7.0,4.5,4.0,5.5,5.5,5.5,4.5,5.06,5.0060616,MO,Premiere League
Hutchinson Omari,5.0,5.0,5.0,5.0,5.0,5.0,5.0,5.0,5.0,5.0,5.0,5.0,5.0,5.0,5.0,5.0,5.0,5.0,5.0,5.0,5.0,5.0,5.0,5.0,5.0,5.0,5.0,5.0,5.0,5.0,5.0,5.0,5.0,5.0,5.0,5.0,5.0,5.0,5.0,5.0,5.003771,MO,Premiere League
Palmer Cole,5.0,5.0,5.0,5.0,5.0,5.0,5.0,5.0,5.0,5.0,5.0,5.0,5.0,5.0,5.0,5.0,5.0,5.0,5.0,5.0,5.0,5.0,5.0,5.0,5.0,5.0,5.0,5.0,5.0,5.0,5.0,5.0,5.0,5.0,5.0,5.0,5.0,5.0,5.0,5.0,5.003771,MO,Premiere League
Onomah Josh,5.0,5.0,5.0,5.0,5.0,5.0,5.0,5.0,5.0,5.0,5.0,5.0,5.0,5.0,5.0,5.0,5.0,5.0,5.0,5.0,5.0,5.0,5.0,5.0,5.0,5.0,5.0,5.0,5.0,5.0,5.0,5.0,5.0,5.0,5.0,5.0,5.0,5.0,5.0,5.0,5.003771,MO,Premiere League
Moran Andrew,5.0,5.0,5.0,5.0,5.0,5.0,5.0,5.0,5.0,5.0,5.0,5.0,5.0,5.0,5.0,5.0,5.0,5.0,5.0,5.0,5.0,5.0,5.0,5.0,5.0,5.0,5.0,5.0,5.0,5.0,5.0,5.0,5.0,5.0,5.0,5.0,5.0,5.0,5.0,5.0,5.003771,MO,Premiere League
Stanislas Junior,5.0,5.0,5.0,4.5,5.0,5.0,5.0,5.0,5.0,5.0,5.0,5.0,5.0,5.5,5.0,5.0,5.0,5.0,5.0,5.0,5.0,5.0,5.0,5.0,5.0,5.0,5.0,5.0,5.0,5.0,5.0,5.0,5.0,5.0,5.0,5.0,5.0,5.0,5.0,5.0,4.996935,MO,Premiere League
Sanson Morgan,5.0,4.94,5.0,5.0,5.0,5.0,5.0,5.0,5.0,5.0,5.0,5.0,5.0,5.0,5.0,5.0,5.0,5.0,5.0,5.0,5.0,5.0,4.0,5.0,5.0,5.0,5.0,5.0,5.0,5.0,5.0,4.5,5.0,5.0,5.0,5.0,5.0,5.0,5.0,5.0,4.996544,MO,Premiere League
Djenepo Moussa,4.96,4.91,4.5,5.0,6.0,5.0,5.0,4.5,4.96,5.0,4.96,5.0,4.96,5.0,4.96,4.5,4.96,4.96,5.0,4.96,4.96,5.0,4.96,4.96,4.96,4.96,5.0,5.0,4.96,4.96,4.96,4.96,4.96,4.96,4.96,4.96,4.96,4.96,4.0,4.96,4.9905562,MO,Premiere League
James Dan,5.22,5.0,5.22,5.0,6.5,5.0,5.0,5.0,5.0,5.5,5.0,5.0,4.5,5.0,5.22,5.22,5.0,6.5,5.0,5.5,5.0,5.22,5.22,4.0,8.0,3.0,5.5,3.0,4.5,5.22,6.0,4.0,5.5,3.5,4.0,4.5,6.0,5.22,5.22,5.22,4.9780436,MO,Premiere League
Wilson Harry,5.09,5.09,5.09,5.09,5.09,5.09,5.09,5.09,5.0,5.09,5.09,4.5,5.0,5.0,5.5,5.0,6.0,5.0,5.0,5.09,5.0,5.09,5.09,5.09,5.09,5.09,5.09,5.09,5.09,5.09,5.09,5.09,5.09,5.09,5.09,5.09,5.09,5.09,5.09,5.0,4.970222,MO,Premiere League
Loftus-Cheek Ruben,4.93,4.98,5.0,4.5,3.0,6.0,4.5,5.5,4.93,4.93,5.0,5.5,6.0,5.0,5.5,4.0,4.5,5.0,4.93,4.93,4.93,4.93,4.93,4.93,4.93,4.5,4.5,4.5,4.5,4.93,4.93,4.0,7.0,5.0,5.0,6.0,5.5,5.0,4.93,4.93,4.953889,MO,Premiere League
João Moutinho,4.83,4.83,4.83,4.83,4.83,4.83,4.83,4.83,4.83,4.83,4.83,4.83,4.83,4.83,4.83,4.83,4.83,4.5,4.83,5.0,4.83,4.83,4.83,4.83,4.83,4.83,4.83,4.83,4.83,4.83,4.83,4.83,4.83,4.83,4.83,4.83,4.83,4.83,4.83,6.0,4.951178,MO,Premiere League
João Moutinho,4.83,4.83,4.83,4.83,4.83,4.83,4.83,4.83,4.83,4.83,4.83,4.83,4.83,4.83,4.83,4.83,4.83,4.5,4.83,5.0,4.83,4.83,4.83,4.83,4.83,4.83,4.83,4.83,4.83,4.83,4.83,4.83,4.83,4.83,4.83,4.83,4.83,4.83,4.83,5.0,4.951178,MO,Premiere League
Oxlade-Chamberlain Alex,4.93,5.0,4.93,4.93,4.93,4.93,4.93,4.93,4.93,4.93,4.93,4.93,4.93,4.93,5.0,4.93,5.0,5.0,5.0,5.0,3.5,4.93,4.93,6.0,4.93,4.93,4.93,4.93,4.93,4.93,4.93,4.93,4.93,4.93,4.93,4.93,4.93,4.93,4.93,6.0,4.9126086,MO,Premiere League
Armstrong Stuart,5.06,5.11,4.5,5.0,5.0,5.5,5.06,5.5,5.06,5.5,5.5,3.5,5.0,5.0,6.5,5.5,5.5,4.0,4.5,5.0,5.06,5.06,5.0,6.0,6.5,5.0,7.0,6.0,3.5,5.0,3.5,5.5,3.0,5.0,5.0,5.0,4.5,4.5,5.5,5.0,4.884878,MO,Premiere League
Price Isaac,5.0,4.75,5.0,5.0,5.0,5.0,5.0,5.0,5.0,5.0,5.0,5.0,5.0,5.0,5.0,5.0,5.0,5.0,5.0,5.0,5.0,5.0,5.0,5.0,5.0,5.0,5.0,5.0,5.0,5.0,5.0,5.0,5.0,5.0,5.0,5.0,5.0,5.0,4.5,5.0,4.880071,MO,Premiere League
Pedro Neto,5.0,4.88,6.0,6.0,5.0,4.0,5.0,5.0,5.0,4.0,5.0,5.0,5.0,5.0,5.0,5.0,5.0,5.0,5.0,5.0,5.0,5.0,5.0,5.0,5.0,5.0,5.0,4.5,4.5,5.0,5.0,4.0,4.5,4.5,4.5,5.0,5.0,5.0,6.5,5.0,4.878705,MO,Premiere League
Kulusevski Dejan,5.79,5.46,8.0,5.0,5.0,7.0,5.0,4.5,7.0,7.0,5.79,5.79,5.79,5.79,5.79,5.79,5.5,6.0,5.0,5.79,4.5,5.79,5.5,5.0,4.5,4.5,7.5,8.0,8.0,4.5,5.5,7.0,7.5,3.5,5.0,6.5,5.0,4.5,8.0,5.79,4.878336,MO,Premiere League
Murphy Jacob,5.15,5.14,5.0,5.0,5.0,5.0,5.0,5.0,5.15,5.0,6.0,7.0,5.0,4.5,5.0,5.0,5.5,5.0,5.0,5.0,5.0,5.0,5.0,5.15,5.0,5.15,5.0,5.0,5.5,5.0,5.0,4.5,5.0,5.0,6.0,5.0,5.5,5.0,5.0,5.0,4.8714213,MO,Premiere League
Cornet Maxwel,4.6,5.02,4.6,4.5,4.5,4.6,4.6,4.0,4.6,5.0,5.0,4.6,4.6,4.6,4.6,4.6,4.6,4.6,4.6,4.6,4.6,4.6,3.5,4.6,5.0,5.5,5.0,4.6,5.0,3.5,5.5,5.0,4.5,4.0,4.6,4.6,6.0,3.5,6.5,4.6,4.852161,MO,Premiere League
Christie Ryan,5.19,5.19,4.5,5.0,5.5,4.5,6.0,5.5,5.19,6.0,4.5,7.0,5.5,5.0,4.5,5.19,5.19,5.0,5.0,5.0,5.0,4.5,5.19,5.19,5.19,5.19,5.19,5.19,5.19,5.19,5.19,5.19,5.19,5.19,5.19,5.19,5.19,5.19,5.19,5.5,4.851687,MO,Premiere League
McNeil Dwight,5.06,5.39,6.0,4.5,5.0,4.5,5.0,5.0,5.06,4.5,7.5,5.0,4.5,5.0,6.0,5.0,4.5,4.0,5.5,5.06,5.06,4.5,6.5,6.5,6.0,5.0,7.0,5.5,4.0,4.5,7.0,4.5,5.5,5.5,6.5,5.5,6.5,6.0,5.0,5.0,4.8221364,MO,Premiere League
Harris Luke,4.83,4.83,4.83,4.83,4.83,4.83,4.83,4.83,4.83,4.83,4.83,4.83,4.83,5.0,4.83,4.83,5.0,4.83,4.5,4.83,4.83,4.83,4.83,4.83,4.83,4.83,4.83,4.83,4.83,4.83,4.83,4.83,4.83,4.83,4.83,4.83,4.83,4.83,4.83,4.83,4.8122783,MO,Premiere League
Iwobi Alex,5.53,5.36,6.0,5.0,6.0,5.5,5.5,5.5,5.53,7.0,6.0,7.0,5.0,4.5,7.0,5.0,5.5,4.0,5.0,6.0,4.5,5.5,5.53,5.53,5.53,7.0,4.0,5.0,5.53,5.53,5.0,5.5,5.5,4.0,5.5,5.5,5.5,4.0,2.5,5.0,4.791666,MO,Premiere League
Dembélé Siriki,4.92,4.92,4.92,4.92,4.92,4.92,4.92,4.92,4.92,4.92,4.92,4.92,4.92,4.5,4.92,4.92,4.92,4.92,5.5,5.0,5.0,4.5,4.92,4.92,4.92,4.92,4.92,4.92,4.92,4.92,4.92,4.92,4.92,4.92,4.92,4.92,4.92,4.92,4.92,5.0,4.7913513,MO,Premiere League
Campbell Chem,4.8,4.75,5.0,4.8,4.8,4.8,4.8,4.8,4.8,5.0,5.0,4.5,4.8,4.8,4.5,4.8,4.8,4.8,4.8,4.8,4.8,4.8,4.8,4.8,4.8,4.8,4.8,4.8,4.8,4.8,4.8,4.8,4.5,4.8,4.8,4.8,4.8,4.8,4.8,4.8,4.7684517,MO,Premiere League
Damsgaard Mikkel,5.05,5.11,5.05,5.05,5.05,5.0,5.5,5.0,5.05,5.0,5.5,4.0,5.05,5.05,5.5,5.0,5.5,5.05,5.05,5.05,4.5,5.05,5.05,5.05,5.05,5.05,5.05,5.05,5.05,5.05,5.05,5.05,5.05,5.0,5.05,5.05,5.5,5.0,5.5,5.05,4.734757,MO,Premiere League
Joelinton,5.75,5.64,7.0,5.5,6.0,6.5,6.0,5.5,5.75,5.5,5.75,5.0,5.5,5.5,5.0,7.0,5.75,5.0,8.0,5.0,5.5,5.0,5.5,5.5,5.5,5.5,5.5,7.0,6.0,5.75,5.5,3.5,5.5,6.0,8.0,4.5,4.0,6.0,5.0,5.0,4.7291236,MO,Premiere League
Lucas Moura,4.63,4.91,4.5,4.5,4.63,4.63,4.63,4.63,4.63,4.63,4.63,4.63,4.5,4.5,5.0,5.0,4.5,4.5,4.63,4.63,4.63,4.63,5.0,4.5,6.0,4.0,4.5,4.63,4.63,4.5,4.5,6.0,4.5,4.5,4.5,4.0,4.63,5.5,6.0,4.63,4.7278657,MO,Premiere League
Almirón Miguel,5.88,5.53,6.0,5.0,6.0,5.5,4.5,5.0,5.88,5.0,8.0,7.0,4.5,6.0,7.0,7.5,7.0,6.0,7.0,5.0,5.5,5.0,5.0,5.88,5.88,5.88,5.0,5.0,5.88,5.0,7.0,5.88,5.5,5.0,5.5,4.0,3.0,6.0,5.0,5.0,4.714334,MO,Premiere League
Sessegnon Ryan,5.03,5.07,7.0,4.0,5.0,4.5,5.03,6.0,4.5,5.0,5.0,5.5,5.03,4.5,5.0,6.0,4.5,5.03,5.03,4.5,4.5,5.03,6.0,4.0,5.03,3.5,5.0,7.0,4.5,5.03,5.03,5.03,5.03,5.03,5.0,5.0,6.0,5.5,5.5,5.0,4.7084684,MO,Premiere League
Lingard Jesse,4.75,4.75,4.0,6.0,5.0,5.0,4.75,5.0,4.75,5.0,3.5,4.75,5.0,4.5,5.0,4.0,4.5,5.0,5.0,4.75,4.75,4.75,5.0,4.75,5.0,5.0,4.5,4.75,5.0,4.75,3.5,4.75,4.75,5.5,4.5,4.75,4.75,4.75,4.75,4.75,4.6601386,MO,Premiere League
Fornals Pablo,5.24,5.28,5.0,5.5,5.5,7.0,5.5,5.0,5.24,5.0,6.0,6.0,5.24,5.0,5.0,5.0,4.5,4.5,5.0,5.24,4.5,5.24,5.24,5.0,5.5,5.0,5.0,7.0,5.0,6.0,5.0,6.0,5.0,5.0,5.0,5.0,5.5,7.0,4.5,5.0,4.6113405,MO,Premiere League
Bernardo Silva,5.63,5.66,5.0,5.0,7.0,7.0,7.5,4.0,5.0,6.0,7.0,6.0,4.5,5.63,7.0,5.0,6.0,5.0,5.63,5.0,4.5,5.5,5.0,5.5,6.0,6.0,5.0,5.5,7.5,4.0,7.0,5.0,5.5,6.5,5.63,5.0,5.63,5.5,5.5,5.0,4.60013,MO,Premiere League
Gray Demarai,5.1,5.13,5.0,4.0,7.0,5.0,4.0,5.0,5.1,5.0,5.0,5.0,5.0,4.0,5.5,7.0,5.0,4.5,5.0,6.5,5.5,4.0,6.0,5.5,5.5,5.1,5.1,4.5,5.1,5.0,5.0,5.0,4.5,6.0,4.0,7.0,6.0,4.5,4.0,5.0,4.577735,MO,Premiere League
Benrahma Saïd,5.28,5.39,4.0,6.0,4.5,5.0,5.5,5.0,5.28,4.5,5.28,5.28,6.0,4.5,7.0,6.0,6.0,6.0,6.0,4.0,5.5,5.5,5.28,5.28,4.5,4.5,5.0,5.28,4.5,7.0,6.0,6.0,4.5,5.0,3.5,5.0,8.0,5.28,5.28,4.0,4.537809,MO,Premiere League
Jones Curtis,4.83,5.2,4.83,4.83,4.83,4.83,4.83,4.83,4.83,4.83,4.83,4.83,4.83,5.0,5.0,5.0,5.0,4.83,4.83,4.83,4.83,4.5,4.83,5.5,5.0,4.83,4.83,4.5,5.0,4.83,4.83,5.5,4.83,5.5,4.83,4.83,4.83,6.0,4.83,4.5,4.494964,MO,Premiere League
Orsic Mislav,4.5,4.5,4.5,4.5,4.5,4.5,4.5,4.5,4.5,4.5,4.5,4.5,4.5,4.5,4.5,4.5,4.5,4.5,4.5,4.5,4.5,4.5,4.5,4.5,4.5,4.5,4.5,4.5,4.5,4.5,4.5,4.5,4.5,4.5,4.5,4.5,4.5,4.5,4.5,4.5,4.490743,MO,Premiere League
Alcaraz Carlos,4.5,4.5,4.5,4.5,4.5,4.5,4.5,4.5,4.5,4.5,4.5,4.5,4.5,4.5,4.5,4.5,4.5,4.5,4.5,4.5,4.5,4.5,4.5,4.5,4.5,4.5,4.5,4.5,4.5,4.5,4.5,4.5,4.5,4.5,4.5,4.5,4.5,4.5,4.5,4.5,4.490743,MO,Premiere League
Sinisterra Luis,5.0,5.0,5.0,4.5,4.5,4.0,7.0,6.0,5.0,5.0,4.0,5.0,6.0,4.5,5.5,5.0,5.0,5.0,5.0,5.0,5.0,4.0,5.0,5.0,5.0,5.0,5.0,5.0,5.0,5.0,5.0,5.0,5.0,5.0,5.0,5.0,5.0,5.0,5.0,5.0,4.4043283,MO,Premiere League
Gabriel Martinelli,6.0,5.66,7.0,7.0,6.0,6.5,7.0,4.5,6.0,5.5,7.0,7.0,5.0,6.0,4.5,6.0,5.0,6.0,6.5,7.5,5.5,5.5,5.5,5.0,4.0,4.5,6.0,4.5,7.0,6.5,6.0,4.5,4.0,4.5,4.0,6.5,6.0,4.5,8.0,5.0,4.3355064,MO,Premiere League
Gakpo Cody,4.25,4.25,4.25,4.25,4.25,4.25,4.25,4.25,4.25,4.25,4.25,4.25,4.25,4.25,4.25,4.25,4.25,4.25,4.25,4.25,3.5,5.0,4.25,4.25,4.25,4.25,4.25,4.25,4.25,4.25,4.25,4.25,4.25,4.25,4.25,4.25,4.25,4.25,4.25,4.25,4.272283,MO,Premiere League
Foden Phil,5.75,5.73,6.0,7.0,6.0,6.5,5.0,5.0,5.75,6.5,9.0,7.0,5.0,5.75,5.0,5.0,5.0,6.5,5.0,5.0,4.0,5.75,5.0,5.5,5.0,7.0,5.0,6.0,5.5,4.5,7.0,4.5,5.0,6.0,5.75,7.5,6.5,5.75,6.0,5.0,4.240183,MO,Premiere League
Solomon Manor,4.25,4.25,4.0,4.25,4.25,4.25,4.25,4.25,4.5,4.25,4.25,4.25,4.25,4.25,4.25,4.25,4.25,4.25,4.25,4.25,4.25,4.25,4.25,4.25,4.25,4.25,4.25,4.25,4.25,4.25,4.25,4.25,4.25,4.25,4.25,4.25,4.25,4.25,4.25,4.25,4.235436,MO,Premiere League
Elliott Harvey,5.39,5.38,5.0,6.0,4.0,7.0,6.0,5.5,5.39,5.39,5.0,5.0,6.0,5.0,6.0,4.5,5.5,7.0,5.0,5.5,5.0,5.0,5.39,5.39,5.0,5.39,5.39,5.39,5.39,5.39,5.39,5.39,5.39,5.39,5.39,5.39,5.39,5.5,5.39,4.5,4.0914674,MO,Premiere League
Barnes Harvey,5.28,5.56,5.28,5.28,4.0,6.5,4.0,4.5,5.28,3.0,8.0,5.0,5.0,6.5,7.5,5.0,7.0,7.0,3.5,4.5,4.0,6.0,7.0,6.0,5.0,6.0,5.28,5.0,7.0,4.5,5.5,5.0,5.0,5.0,5.0,5.28,5.0,8.5,6.0,4.0,3.9903445,MO,Premiere League
Eze Eberechi,5.63,5.55,4.0,7.0,7.0,5.5,5.5,5.0,5.5,5.63,5.5,8.0,6.0,7.0,3.0,5.5,7.0,4.0,5.5,7.0,5.0,6.0,4.0,5.0,5.63,5.63,5.0,5.63,5.63,5.63,5.63,5.63,6.0,6.0,5.5,6.5,5.5,5.5,5.0,3.5,3.9374895,MO,Premiere League
Philippe Coutinho,4.85,4.94,4.0,5.0,5.5,5.0,4.5,4.5,4.85,5.5,5.5,4.5,5.0,4.85,4.5,5.0,4.85,4.85,5.0,5.5,5.0,5.0,6.0,4.0,8.0,4.5,4.0,6.0,7.5,5.0,5.0,4.5,4.0,4.5,5.0,5.5,5.5,5.0,6.5,3.5,3.8931532,MO,Premiere League
Saint-Maximin Allan,5.13,5.07,6.0,5.0,7.5,7.0,5.13,5.13,5.13,5.13,5.13,4.5,5.13,5.13,5.13,4.5,5.0,5.13,4.0,4.5,4.0,5.0,6.0,5.5,6.5,5.0,5.13,5.13,4.5,4.5,4.5,3.0,4.0,5.0,6.5,4.0,4.0,5.5,5.5,4.5,3.8855462,MO,Premiere League
Aaronson Brenden,5.11,5.11,5.0,4.5,7.5,5.0,6.0,4.0,5.11,5.11,5.0,5.0,5.0,5.5,6.0,5.5,4.5,6.0,4.0,5.0,4.5,5.5,5.11,5.11,5.11,5.11,5.11,5.11,5.11,5.11,5.11,5.11,5.11,5.11,5.11,5.11,5.11,5.11,5.11,3.5,3.8502285,MO,Premiere League
Elyounoussi Mohamed,5.13,5.11,5.13,4.5,5.5,5.0,7.0,5.0,5.13,4.5,5.0,5.0,6.5,6.0,6.0,5.0,4.5,4.0,5.0,5.5,5.0,4.5,5.13,4.5,7.0,6.0,5.5,5.0,4.0,6.0,4.0,5.5,3.0,6.0,5.13,5.0,4.5,4.5,3.5,4.0,3.6302154,MO,Premiere League
Olise Michael,5.55,5.59,5.55,4.5,5.0,5.0,6.0,5.5,7.0,5.55,5.5,7.0,4.5,6.5,5.0,6.5,7.0,5.0,4.0,8.0,5.5,5.0,5.0,6.0,5.55,5.0,6.0,7.0,6.0,5.0,4.0,5.55,5.55,5.55,5.5,5.0,6.0,5.55,5.55,3.0,3.1678,MO,Premiere League
