Joueur,Note,Note 1 an,j1,j2,j3,j4,j5,j6,j7,j8,j9,j10,j11,j12,j13,j14,j15,j16,j17,j18,j20,j21,j22,j23,j24,j25,j26,j27,j28,j29,j30,j31,j32,j33,j34,j35,j36,j37,j38,j19,prediction_label,Poste,Championnat
Højbjerg Pierre-Emile,5.84,5.95,5.5,7.5,6.0,7.0,5.5,6.5,4.0,8.0,4.5,6.5,5.5,4.5,5.84,6.0,5.5,3.5,7.0,4.0,6.0,5.84,7.0,5.0,4.5,5.84,6.0,8.0,7.0,6.0,6.0,5.5,7.5,5.0,6.0,6.0,6.0,6.0,7.5,8.0,7.7583413,MD,Premiere League
Casemiro,5.94,5.89,5.94,5.94,5.94,5.0,5.5,5.0,6.0,5.94,4.5,7.0,5.0,6.5,7.5,6.0,4.0,6.0,8.0,5.5,6.5,5.94,6.0,5.94,6.5,7.0,4.5,7.0,5.5,3.5,6.0,7.0,5.94,5.94,5.5,5.5,5.94,7.0,4.5,7.0,7.383676,MD,Premiere League
Caicedo Moisés,5.75,5.83,6.5,5.0,6.0,5.5,4.0,7.0,5.75,5.75,5.0,5.5,6.5,5.0,5.0,6.5,6.0,5.0,6.0,5.75,7.0,5.0,5.75,5.75,5.75,5.75,5.75,5.75,5.75,5.75,4.5,5.75,6.0,5.5,4.5,8.0,8.0,6.0,5.5,7.0,6.933767,MD,Premiere League
Freuler Remo,5.06,4.98,5.06,5.06,5.06,4.5,3.0,5.06,5.06,4.5,5.0,5.0,5.0,5.0,6.5,3.5,5.0,5.5,4.5,6.0,7.0,6.0,6.5,5.0,5.06,6.0,4.0,5.06,5.0,5.06,6.0,5.5,5.06,5.06,6.0,4.5,4.0,4.5,3.5,5.0,6.8168178,MD,Premiere League
Skipp Oliver,5.13,5.29,5.13,5.13,5.13,5.13,5.13,5.13,5.13,5.13,5.0,5.0,5.0,4.5,4.5,5.0,5.13,5.13,5.13,5.0,5.13,5.13,5.13,5.5,5.13,5.13,5.13,5.13,5.13,5.13,5.13,5.13,5.13,5.13,5.13,5.13,5.13,5.13,5.13,7.0,6.6813025,MD,Premiere League
Gündogan Ilkay,5.97,6.06,5.5,7.5,7.0,6.5,8.0,5.5,5.0,5.0,5.5,5.97,6.0,5.97,5.97,5.5,7.0,4.5,5.0,5.0,5.97,7.0,5.0,5.97,5.0,7.0,6.0,5.5,7.0,5.97,6.0,7.0,5.97,6.5,5.5,7.0,6.0,5.97,7.0,6.0,6.657855,MD,Premiere League
Xhaka Granit,6.0,5.61,6.5,6.5,6.5,5.0,4.5,4.5,6.0,7.0,7.0,5.0,5.5,6.0,7.0,6.0,6.0,5.0,7.0,6.0,7.0,6.5,3.5,6.0,5.5,5.5,5.0,4.5,5.0,6.0,6.0,5.0,4.5,6.0,7.0,4.5,6.0,4.5,4.5,5.5,6.5522738,MD,Premiere League
João Palhinha,5.84,5.84,5.5,5.0,6.5,5.0,6.5,5.5,6.0,7.0,5.84,4.0,5.5,6.5,5.5,6.0,5.0,5.5,6.0,7.5,5.5,5.84,5.84,5.84,5.84,5.84,5.84,5.84,5.84,5.84,5.84,5.84,5.84,5.84,5.84,5.84,5.84,5.84,5.84,7.0,6.544041,MD,Premiere League
Jensen Mathias,5.25,5.1,5.0,8.0,5.5,5.5,5.0,6.0,5.25,4.0,6.0,3.0,5.5,5.0,3.0,5.0,6.0,5.0,4.5,5.0,7.0,5.0,5.25,5.0,5.5,4.5,5.0,5.0,5.25,5.0,5.0,4.5,4.5,5.0,5.0,4.5,6.0,6.5,5.0,6.0,6.526457,MD,Premiere League
Longstaff Sean,5.65,5.45,5.5,5.0,5.0,5.0,7.0,6.0,5.65,4.5,7.0,5.5,5.5,5.5,5.5,6.5,5.5,5.0,5.5,5.5,6.0,6.0,5.0,5.5,5.65,5.65,5.65,5.65,5.0,4.5,5.0,5.65,5.0,5.65,6.5,5.65,3.5,6.0,5.5,6.0,6.419124,MD,Premiere League
Onana Amadou,5.39,5.37,5.39,5.0,4.5,6.0,4.5,6.0,5.39,6.0,6.0,5.0,5.0,5.5,6.5,5.0,5.0,4.0,5.0,5.5,7.5,5.0,5.0,3.5,5.0,5.39,5.0,5.5,5.5,8.0,5.0,5.0,5.5,5.5,5.0,5.39,5.5,6.0,5.0,5.39,6.327382,MD,Premiere League
Kamara Boubacar,5.29,5.62,4.5,5.0,5.5,5.5,4.5,5.0,5.29,5.0,5.29,5.29,5.29,5.29,5.29,5.29,5.0,5.5,4.5,6.5,6.5,6.0,7.0,5.0,5.5,5.29,6.0,5.5,6.5,5.5,6.0,6.0,5.5,7.0,6.0,5.0,7.0,5.0,6.0,5.0,6.278589,MD,Premiere League
Jorginho,5.36,5.56,6.0,5.5,4.5,5.0,4.5,4.5,5.5,5.36,4.5,6.5,5.0,5.5,6.0,5.36,5.5,4.5,6.5,5.0,5.5,6.5,5.36,6.0,5.0,5.36,5.0,5.5,7.0,6.0,5.36,5.36,5.36,7.0,6.0,4.5,5.36,6.0,5.36,5.36,6.236729,MD,Premiere League
Adams Tyler,5.29,5.29,5.5,4.5,7.0,4.0,5.5,4.5,5.29,5.29,5.5,5.5,4.5,4.5,5.29,6.0,5.5,4.5,5.29,6.0,5.0,6.0,5.29,5.29,5.29,5.29,5.29,5.29,5.29,5.29,5.29,5.29,5.29,5.29,5.29,5.29,5.29,5.29,5.29,6.0,6.1567936,MD,Premiere League
Matheus Nunes,5.03,5.03,5.03,5.03,6.0,5.0,5.5,7.0,5.03,5.0,4.5,4.0,3.5,5.0,3.5,5.0,5.03,5.0,5.0,5.0,6.0,5.0,5.03,5.03,5.03,5.03,5.03,5.03,5.03,5.03,5.03,5.03,5.03,5.03,5.03,5.03,5.03,5.03,5.03,5.5,6.016869,MD,Premiere League
Reed Harrison,5.26,5.26,5.0,5.5,5.0,4.5,4.5,4.5,5.0,6.5,3.5,4.5,5.0,7.0,7.0,5.5,5.5,5.26,6.0,4.0,5.5,5.26,5.26,5.26,5.26,5.26,5.26,5.26,5.26,5.26,5.26,5.26,5.26,5.26,5.26,5.26,5.26,5.26,5.26,6.0,5.934321,MD,Premiere League
Partey Thomas,6.0,5.87,6.0,5.0,6.0,6.0,6.0,6.0,6.0,5.5,8.0,6.0,6.0,6.0,5.0,8.0,6.5,5.0,5.5,5.5,7.0,5.5,6.0,6.0,5.5,6.0,6.0,5.0,5.0,7.5,6.0,3.0,6.0,6.0,6.0,6.0,6.0,6.0,6.0,5.5,5.895494,MD,Premiere League
Rodri,6.39,6.4,6.5,6.5,6.5,5.5,6.0,6.0,7.0,7.0,6.39,8.0,7.0,6.39,6.0,6.0,7.0,5.5,7.0,5.5,6.0,6.5,5.0,6.0,6.0,6.39,5.0,7.0,6.5,5.5,5.5,7.0,5.5,7.5,7.0,8.0,8.0,7.0,6.5,6.0,5.8938923,MD,Premiere League
Yates Ryan,5.25,5.25,5.25,5.25,5.5,5.5,3.5,5.0,5.25,5.5,4.5,6.0,6.0,5.5,6.0,4.0,5.0,6.0,5.0,5.0,5.0,5.5,5.25,5.25,5.25,5.25,5.25,5.25,5.25,5.25,5.25,5.25,5.25,5.25,5.25,5.25,5.25,5.25,5.25,6.0,5.7639728,MD,Premiere League
Rice Declan,5.88,5.82,5.5,4.5,5.5,6.5,6.5,6.0,5.88,5.5,7.0,5.5,7.5,6.5,7.0,5.5,5.0,5.0,5.0,6.0,6.0,6.0,5.88,7.0,5.5,5.5,5.0,6.5,5.88,6.5,5.5,5.5,5.5,5.5,4.5,5.5,7.5,6.0,5.5,5.5,5.7106414,MD,Premiere League
Nørgaard Christian,5.9,5.8,5.5,7.0,6.0,5.5,5.9,5.9,5.9,5.9,5.9,5.9,5.9,5.9,5.9,5.9,5.9,5.0,6.0,6.5,5.0,6.0,5.9,4.5,5.5,6.5,6.5,5.5,5.9,7.0,5.5,6.5,5.5,7.0,5.9,3.5,8.0,7.0,5.9,6.5,5.67024,MD,Premiere League
Bentancur Rodrigo,5.83,5.51,6.5,5.0,6.0,6.0,5.83,5.5,4.5,8.0,4.5,5.5,5.5,4.5,6.0,7.0,6.0,7.0,5.83,5.83,5.83,5.83,7.0,6.0,4.5,5.0,6.0,5.83,6.0,6.0,6.0,6.0,6.0,5.0,5.5,6.0,6.0,6.0,8.5,5.83,5.643417,MD,Premiere League
Kanté N'Golo,5.5,5.56,6.0,5.0,5.5,5.5,5.5,5.5,5.5,5.5,5.5,5.5,5.5,5.5,5.5,5.5,5.5,5.5,5.5,5.5,5.5,5.5,5.0,5.0,5.5,5.0,5.0,4.5,6.5,5.5,5.5,4.0,7.0,5.5,6.5,5.5,5.5,6.0,6.0,5.5,5.6072345,MD,Premiere League
Rúben Neves,5.45,5.5,6.0,5.5,6.5,7.5,6.0,6.0,5.45,4.5,4.0,5.45,6.0,5.0,3.0,7.0,6.0,4.5,5.5,4.0,7.0,3.5,5.45,7.0,5.5,6.5,6.0,5.5,5.0,7.0,4.5,5.45,5.45,4.0,5.45,4.5,5.0,5.0,4.5,6.0,5.6016364,MD,Premiere League
Gustavo Scarpa,5.67,5.67,5.67,5.67,5.67,5.67,5.67,5.67,5.67,5.67,5.67,5.67,5.67,5.67,5.67,5.67,5.67,5.67,5.67,5.67,6.5,5.5,5.67,5.67,5.67,5.67,5.67,5.67,5.67,5.67,5.67,5.67,5.67,5.67,5.67,5.67,5.67,5.67,5.67,5.0,5.5803595,MD,Premiere League
Gyabi Darko,5.5,5.5,5.5,5.5,5.5,5.5,5.5,5.5,5.5,5.5,5.5,5.5,5.5,5.5,5.5,5.5,5.5,5.5,5.5,5.5,5.5,5.5,5.5,5.5,5.5,5.5,5.5,5.5,5.5,5.5,5.5,5.5,5.5,5.5,5.5,5.5,5.5,5.5,5.5,5.5,5.5168357,MD,Premiere League
McTominay Scott,5.1,5.16,4.5,5.0,5.5,6.0,5.5,5.5,4.5,5.1,5.5,4.5,5.1,5.0,4.0,6.0,5.1,4.5,5.1,5.1,5.0,5.5,5.1,5.5,5.5,5.0,4.0,5.1,5.0,5.1,5.1,4.5,5.1,5.1,4.0,7.5,2.5,5.0,5.0,5.1,5.488801,MD,Premiere League
Bissouma Yves,4.97,5.25,4.5,5.0,5.0,5.5,4.5,4.97,5.0,5.0,5.0,6.0,5.5,4.5,4.5,4.5,5.0,5.0,5.0,4.5,5.5,4.97,4.97,4.97,4.97,5.5,2.5,4.5,4.97,3.5,4.97,4.97,6.0,7.0,4.97,7.5,6.0,7.5,4.5,4.97,5.4807124,MD,Premiere League
Diallo Ibrahima,4.88,4.98,5.0,4.88,4.88,4.88,5.0,4.5,4.88,4.5,4.88,3.5,5.5,5.0,5.5,4.5,4.88,4.88,5.0,4.88,4.5,6.0,4.0,5.0,5.0,5.0,4.88,4.88,5.0,4.88,4.88,6.0,4.5,4.88,4.88,4.88,4.5,4.0,4.88,4.88,5.4723277,MD,Premiere League
Gallagher Conor,5.14,5.29,5.0,5.0,5.0,3.5,5.14,5.0,5.0,5.14,6.5,7.0,5.0,4.5,5.14,5.5,5.0,5.0,5.0,4.5,6.0,5.0,7.0,4.5,5.14,5.5,5.14,5.0,6.0,5.5,4.0,5.5,4.0,4.5,6.0,6.0,5.0,6.0,6.5,5.0,5.4301925,MD,Premiere League
Lerma Jefferson,5.08,5.08,7.0,2.5,4.5,2.5,7.0,5.5,5.08,5.0,6.0,6.0,6.0,4.5,4.5,4.5,6.0,6.0,4.0,4.5,5.0,6.0,5.08,5.08,5.08,5.08,5.08,5.08,5.08,5.08,5.08,5.08,5.08,5.08,5.08,5.08,5.08,5.08,5.08,4.5,5.346511,MD,Premiere League
Douglas Luiz,5.5,5.35,4.5,5.5,6.0,4.5,6.5,5.0,5.5,5.5,6.5,5.5,4.5,4.0,8.0,3.5,5.5,5.5,5.0,8.0,6.0,6.5,6.0,5.5,5.0,4.5,4.5,5.5,8.0,4.5,5.5,4.5,4.0,6.5,5.0,5.0,5.0,5.0,4.0,4.0,5.3316774,MD,Premiere League
Colback Jack,4.93,4.93,4.5,4.93,4.93,4.93,5.0,4.5,4.93,4.93,4.93,4.93,4.93,4.93,4.93,4.93,4.93,5.0,4.93,5.0,5.5,4.93,4.93,4.93,4.93,4.93,4.93,4.93,4.93,4.93,4.93,4.93,4.93,4.93,4.93,4.93,4.93,4.93,4.93,5.0,5.3263307,MD,Premiere League
McGinn John,5.38,5.56,5.0,7.0,4.0,5.5,4.5,4.5,5.38,6.5,6.5,5.5,5.0,4.5,5.0,5.0,5.0,6.5,4.5,7.0,5.38,5.38,5.38,6.0,6.0,5.5,5.0,7.0,7.0,6.0,5.0,6.0,3.0,4.5,5.5,6.5,7.0,5.0,4.0,5.38,5.2619815,MD,Premiere League
Baptiste Shandon,5.29,5.13,5.0,5.5,5.0,4.5,5.5,6.0,5.29,5.5,6.0,5.0,5.0,5.5,5.0,5.29,5.29,5.29,5.29,5.29,5.29,5.29,5.29,4.0,5.29,5.0,5.0,5.29,5.29,5.29,5.5,5.29,5.29,5.29,5.29,5.29,5.0,5.29,5.5,5.29,5.260044,MD,Premiere League
Mohamed Elneny,5.1,5.46,5.1,5.1,5.1,6.0,5.1,5.1,5.1,5.1,5.1,5.1,5.1,5.1,5.1,5.1,5.0,5.0,5.0,4.5,5.1,5.1,5.0,5.1,5.1,6.5,5.1,5.1,5.1,5.1,5.1,5.1,5.1,5.1,6.5,5.5,5.5,5.0,7.0,5.1,5.2436047,MD,Premiere League
Sarr Pape,5.17,5.44,5.17,5.17,5.17,5.17,5.17,5.17,5.17,5.17,5.17,5.17,5.17,5.17,5.17,5.17,5.17,5.17,5.17,5.5,4.5,5.17,5.17,5.17,5.5,5.0,5.5,4.5,6.5,5.0,6.0,5.0,7.0,5.0,5.0,5.0,7.0,7.0,3.5,5.5,5.1925225,MD,Premiere League
Keïta Naby,5.0,5.25,5.0,5.0,5.0,5.0,5.0,5.0,5.0,5.0,5.0,5.0,5.0,5.0,5.0,5.0,5.0,5.0,5.0,5.0,4.5,5.5,5.0,5.0,5.0,5.5,5.0,5.0,5.5,5.5,5.5,5.0,5.0,6.0,5.0,7.0,4.5,5.0,5.0,5.0,5.130482,MD,Premiere League
Shelvey Jonjo,4.67,5.5,4.67,4.67,4.67,4.67,4.67,4.67,4.67,4.67,4.67,4.67,4.67,4.67,4.5,4.5,5.0,4.67,4.67,4.67,4.67,4.67,5.0,7.5,6.0,6.0,5.5,6.0,5.5,4.67,5.5,3.5,6.0,5.5,4.67,5.5,4.67,4.67,4.67,4.67,5.1230593,MD,Premiere League
Zakaria Denis,5.13,5.17,5.13,5.13,5.13,5.13,5.13,5.13,5.0,5.13,5.13,5.13,5.13,5.13,5.13,5.13,5.13,5.13,5.5,5.0,5.13,5.13,5.13,5.13,7.0,5.13,4.5,4.5,5.13,5.13,5.13,5.0,5.0,5.0,6.0,4.0,4.5,5.13,5.13,5.0,5.1194487,MD,Premiere League
Dewsbury-Hall Kiernan,5.22,5.33,6.0,3.5,4.5,4.5,6.0,4.5,5.22,3.0,7.0,4.5,5.5,7.0,6.0,4.0,6.0,5.5,4.5,7.0,5.22,5.0,6.0,6.0,4.5,5.5,5.5,4.0,6.5,4.5,5.5,5.5,8.0,4.0,5.0,5.22,4.5,5.5,5.5,5.22,5.1009755,MD,Premiere League
Milivojevic Luka,5.05,5.03,5.0,5.0,5.0,5.05,5.5,5.05,5.0,5.05,5.05,4.5,5.0,5.05,4.5,6.0,5.0,5.05,5.0,5.05,5.05,5.05,5.0,5.05,5.05,5.05,5.05,5.0,5.0,5.05,5.05,5.0,5.05,5.0,5.05,5.05,5.05,6.0,5.05,5.05,5.0974445,MD,Premiere League
Mangala Orel,5.21,5.21,5.0,5.5,5.5,5.21,5.21,5.21,5.21,5.21,5.0,5.21,5.0,5.5,5.0,5.21,5.21,5.21,5.5,5.0,6.0,4.5,5.21,5.21,5.21,5.21,5.21,5.21,5.21,5.21,5.21,5.21,5.21,5.21,5.21,5.21,5.21,5.21,5.21,5.0,5.0854225,MD,Premiere League
Onyeka Frank,5.08,5.06,5.08,5.0,5.08,5.08,5.5,5.0,5.08,4.5,5.0,5.0,6.5,4.0,5.0,5.5,5.5,4.5,5.08,5.08,5.08,5.08,5.08,5.08,5.5,5.08,5.08,5.08,5.08,5.0,5.08,5.08,5.08,5.08,5.08,5.08,5.08,5.08,5.08,5.08,5.0662174,MD,Premiere League
Garner James,5.0,5.0,5.0,5.0,5.0,5.0,5.0,5.0,5.0,5.0,5.0,5.0,5.0,5.0,5.0,5.5,4.5,5.0,5.0,5.0,5.0,5.0,5.0,5.0,5.0,5.0,5.0,5.0,5.0,5.0,5.0,5.0,5.0,5.0,5.0,5.0,5.0,5.0,5.0,5.0,5.0170994,MD,Premiere League
Kouyaté Cheikhou,5.08,5.21,5.08,5.08,5.0,4.5,2.0,6.5,5.08,5.08,4.0,6.0,5.5,5.0,7.0,4.0,6.0,5.5,5.08,5.08,5.08,5.08,5.08,5.08,5.08,5.08,5.5,5.0,5.5,5.5,5.0,6.5,4.5,5.08,5.08,5.08,5.08,5.0,5.0,5.08,5.0084047,MD,Premiere League
Cook Lewis,5.13,5.13,5.0,4.5,5.5,3.0,5.5,6.0,5.13,6.0,5.0,5.0,5.5,5.0,4.5,5.0,5.5,7.0,5.0,4.5,5.0,5.13,5.13,5.13,5.13,5.13,5.13,5.13,5.13,5.13,5.13,5.13,5.13,5.13,5.13,5.13,5.13,5.13,5.13,5.0,5.006839,MD,Premiere League
Riedewald Jairo,5.0,5.0,5.0,5.0,5.0,5.0,5.0,5.0,5.0,5.0,5.0,5.0,5.0,5.0,5.0,5.0,5.0,5.0,5.0,5.0,5.0,5.0,5.0,5.0,5.0,5.0,5.0,5.0,5.0,5.0,5.0,5.0,5.0,5.0,5.0,5.0,5.0,5.0,5.0,5.0,5.003771,MD,Premiere League
Ronan Connor,5.0,5.0,5.0,5.0,5.0,5.0,5.0,5.0,5.0,5.0,5.0,5.0,5.0,5.0,5.0,5.0,5.0,5.0,5.0,5.0,5.0,5.0,5.0,5.0,5.0,5.0,5.0,5.0,5.0,5.0,5.0,5.0,5.0,5.0,5.0,5.0,5.0,5.0,5.0,5.0,5.003771,MD,Premiere League
Coventry Conor,5.0,5.0,5.0,5.0,5.0,5.0,5.0,5.0,5.0,5.0,5.0,5.0,5.0,5.0,5.0,5.0,5.0,5.0,5.0,5.0,5.0,5.0,5.0,5.0,5.0,5.0,5.0,5.0,5.0,5.0,5.0,5.0,5.0,5.0,5.0,5.0,5.0,5.0,5.0,5.0,5.003771,MD,Premiere League
Cafú,5.0,5.0,5.0,5.0,5.0,5.0,5.0,5.0,5.0,5.0,5.0,5.0,5.0,5.0,5.0,5.0,5.0,5.0,5.0,5.0,5.0,5.0,5.0,5.0,5.0,5.0,5.0,5.0,5.0,5.0,5.0,5.0,5.0,5.0,5.0,5.0,5.0,5.0,5.0,5.0,5.003771,MD,Premiere League
Sambi Lokonga Albert,5.08,5.04,5.0,5.08,5.0,5.08,5.5,5.0,5.08,5.0,5.0,5.08,5.08,5.08,5.08,5.08,5.08,5.08,5.08,5.08,5.08,5.08,5.08,5.5,5.08,5.08,5.08,5.08,5.08,5.08,5.08,5.5,4.0,4.5,5.08,5.0,5.08,5.08,5.5,5.08,5.001715,MD,Premiere League
Traoré Boubacar,4.88,5.02,4.88,4.88,4.88,4.88,4.88,4.88,4.88,5.0,5.0,4.88,5.0,4.5,5.0,4.5,5.0,5.0,4.88,4.88,4.88,4.88,5.0,4.5,5.0,5.0,4.88,4.5,4.88,4.88,4.88,4.88,5.0,5.5,4.0,6.0,6.0,5.0,3.0,4.88,4.9793935,MD,Premiere League
Downes Flynn,5.06,5.06,5.0,5.06,5.06,5.06,5.06,5.06,5.06,5.06,5.06,5.0,5.06,5.0,5.5,5.0,5.0,5.06,5.06,5.06,5.06,5.0,5.06,5.06,5.06,5.06,5.06,5.06,5.06,5.06,5.06,5.06,5.06,5.06,5.06,5.06,5.06,5.06,5.06,5.0,4.9661193,MD,Premiere League
Soumaré Boubakary,5.18,5.08,5.18,5.18,5.18,5.0,5.0,4.0,5.18,4.5,6.0,5.0,5.5,5.5,5.5,5.18,6.5,7.0,3.5,4.5,5.18,5.18,5.18,5.0,4.5,5.18,5.18,5.18,5.18,5.18,5.0,5.18,5.18,5.18,5.18,4.0,5.18,5.18,5.18,5.0,4.965598,MD,Premiere League
Soucek Tomás,5.13,5.12,4.5,5.0,4.5,6.0,7.0,5.5,5.13,5.0,6.5,5.5,5.5,4.5,6.0,4.5,5.0,4.5,3.5,4.5,5.0,5.0,5.13,4.5,5.0,4.0,4.5,7.0,6.0,5.5,4.0,4.5,4.5,6.0,6.0,5.0,5.13,4.5,4.0,5.0,4.9125404,MD,Premiere League
Dendoncker Leander,5.2,5.23,6.5,5.5,5.0,5.0,5.2,5.2,5.2,5.0,5.2,5.0,5.0,5.0,7.0,3.5,6.0,5.0,4.5,5.2,5.2,5.0,5.0,5.5,6.0,7.5,6.0,5.0,5.2,6.0,4.5,6.0,5.2,4.5,5.0,4.0,4.5,5.2,4.5,5.0,4.8939357,MD,Premiere League
Lemina Mario,4.75,5.27,4.75,4.75,4.75,4.75,4.75,4.75,4.75,4.75,4.75,4.75,4.75,4.75,4.75,4.75,4.75,4.75,4.75,4.75,5.0,4.5,5.0,6.0,5.0,4.5,5.5,5.5,5.5,7.0,5.0,4.0,4.75,4.5,4.75,5.5,5.5,4.5,4.75,4.75,4.8168116,MD,Premiere League
Phillips Kalvin,4.83,5.0,5.0,4.83,4.83,4.83,4.83,4.83,4.83,4.83,4.83,4.83,4.83,4.83,4.83,4.83,4.83,4.83,4.83,4.83,4.83,4.5,4.83,4.83,4.83,4.83,4.83,4.83,4.83,4.83,4.83,5.5,5.5,4.5,5.0,4.0,5.0,5.0,6.0,5.0,4.8147545,MD,Premiere League
Rothwell Joe,4.83,4.83,4.83,4.83,4.83,4.83,4.83,4.83,4.83,4.83,4.83,4.83,4.83,5.0,4.83,4.83,4.5,4.83,4.83,5.0,4.5,5.5,4.83,4.83,4.83,4.83,4.83,4.83,4.83,4.83,4.83,4.83,4.83,4.83,4.83,4.83,4.83,4.83,4.83,4.5,4.7952323,MD,Premiere League
Forshaw Adam,4.9,4.73,4.9,5.0,5.0,5.0,4.9,4.9,4.9,4.9,4.9,4.9,4.9,4.9,4.9,4.9,4.9,4.9,4.5,5.0,4.9,4.9,4.9,4.9,5.0,4.5,4.5,3.0,5.0,4.9,5.5,6.0,4.9,4.9,4.9,4.9,4.9,4.9,4.9,4.9,4.794438,MD,Premiere League
Pearson Ben,4.79,4.79,6.0,4.0,4.0,5.0,4.79,4.79,4.79,4.79,4.79,4.79,4.79,4.79,4.79,4.79,4.79,5.0,4.79,4.79,4.5,5.0,4.79,4.79,4.79,4.79,4.79,4.79,4.79,4.79,4.79,4.79,4.79,4.79,4.79,4.79,4.79,4.79,4.79,4.79,4.77619,MD,Premiere League
Mendy Nampalys,5.0,5.07,5.0,5.0,5.0,5.0,5.0,5.0,5.0,5.0,5.0,5.0,5.5,5.0,5.0,4.5,5.0,5.5,5.0,5.0,5.0,4.5,5.0,5.0,5.0,5.0,5.0,5.5,5.0,5.5,5.0,6.0,6.0,4.5,5.0,4.5,4.5,4.0,5.0,5.0,4.7414794,MD,Premiere League
Doucouré Cheick Oumar,5.5,5.56,5.0,6.5,5.5,4.5,6.0,7.0,5.5,5.5,5.0,5.0,5.0,5.5,5.5,5.5,6.0,5.5,4.5,7.0,5.0,6.0,5.0,5.5,6.0,5.5,5.0,4.5,5.0,4.5,4.0,8.5,5.5,6.0,5.5,6.0,6.0,5.5,6.0,4.5,4.731429,MD,Premiere League
Milner James,4.85,5.06,4.0,5.5,4.5,5.5,5.5,4.5,4.85,4.85,4.0,4.85,6.0,5.0,5.0,4.0,4.85,5.0,4.85,4.85,4.85,4.5,4.85,5.0,4.85,5.0,4.85,4.85,5.0,5.0,5.0,5.0,4.85,4.85,4.85,6.0,4.85,7.0,5.0,4.85,4.635397,MD,Premiere League
Thiago,5.58,5.79,5.0,5.58,5.58,5.58,5.58,5.58,5.58,5.58,6.0,3.0,5.5,6.0,5.58,6.0,7.0,6.0,6.0,7.0,4.0,6.5,5.58,5.58,6.5,5.0,5.58,6.5,5.58,5.0,7.5,6.5,5.5,5.0,7.0,5.0,6.5,5.58,6.0,4.5,4.612137,MD,Premiere League
Bruno Guimarães,5.88,5.64,7.0,6.0,5.0,5.88,5.88,5.88,5.88,4.5,7.0,8.0,6.0,6.0,5.0,7.0,6.5,5.0,7.0,4.5,5.5,4.5,6.0,5.88,5.5,5.0,5.0,5.5,5.5,4.5,7.0,5.5,7.0,8.0,8.0,5.5,3.0,8.0,6.0,5.5,4.566927,MD,Premiere League
Chalobah Nathaniel,4.5,4.5,4.5,4.5,4.5,4.5,5.0,4.5,5.0,4.5,3.5,4.5,4.5,4.5,4.5,4.5,4.5,4.5,4.5,4.5,4.5,4.5,4.5,4.5,4.5,4.5,4.5,4.5,4.5,4.5,4.5,4.5,4.5,4.5,4.5,4.5,4.5,4.5,4.5,4.5,4.49476,MD,Premiere League
White Harvey,4.5,4.5,4.5,4.5,4.5,4.5,4.5,4.5,4.5,4.5,4.5,4.5,4.5,4.5,4.5,4.5,4.5,4.5,4.5,4.5,4.5,4.5,4.5,4.5,4.5,4.5,4.5,4.5,4.5,4.5,4.5,4.5,4.5,4.5,4.5,4.5,4.5,4.5,4.5,4.5,4.490743,MD,Premiere League
Gilmour Billy,4.58,4.41,4.58,4.58,4.58,4.58,4.58,5.0,4.58,4.58,4.58,4.5,4.58,4.58,4.5,4.58,5.0,4.58,5.0,3.5,4.58,4.58,4.58,4.58,4.58,4.0,4.58,4.5,4.58,4.58,4.58,6.0,4.58,5.0,4.58,5.0,3.5,4.5,4.58,4.58,4.484224,MD,Premiere League
Janelt Vitaly,5.53,5.42,6.0,5.5,5.0,6.5,6.5,7.0,5.53,5.0,6.0,4.5,6.5,5.5,4.0,5.5,5.0,5.5,6.0,5.5,5.0,4.5,5.53,4.5,5.53,5.0,5.0,5.0,5.53,6.0,4.0,8.0,6.0,5.0,6.0,4.0,5.53,5.5,6.0,5.5,4.480341,MD,Premiere League
Davies Tom,4.7,4.59,4.7,4.0,4.5,5.0,5.0,5.0,4.7,4.7,5.0,4.7,4.7,4.7,5.0,4.7,4.7,4.7,4.7,4.5,4.7,4.0,4.7,4.7,4.7,4.7,4.7,4.7,4.7,4.7,4.7,4.7,4.7,4.7,4.7,4.7,4.7,4.7,3.5,5.0,4.45799,MD,Premiere League
Roca Marc,5.03,5.03,5.5,5.0,5.5,5.0,5.5,5.5,5.03,5.03,5.0,4.5,5.0,4.0,5.5,5.5,5.0,6.0,3.5,5.5,4.0,5.0,5.03,5.03,5.03,5.03,5.03,5.03,5.03,5.03,5.03,5.03,5.03,5.03,5.03,5.03,5.03,5.03,5.03,5.0,4.448213,MD,Premiere League
Ndidi Wilfred,4.71,4.98,5.5,5.0,5.0,4.5,6.0,2.0,4.71,2.0,5.5,4.71,4.71,4.71,4.71,4.71,5.0,5.5,5.5,5.5,4.0,4.71,7.0,4.71,4.0,5.5,4.5,4.71,6.5,5.5,4.71,4.71,4.71,4.71,4.71,4.71,4.71,4.71,4.71,5.0,4.4397244,MD,Premiere League
Hughes Will,4.89,4.96,4.5,5.0,5.0,5.0,4.89,4.89,5.5,4.89,5.0,5.0,4.89,4.89,4.89,4.5,4.89,5.0,5.0,5.0,4.5,5.0,4.0,3.5,4.89,4.5,4.89,4.89,5.0,4.89,4.89,4.89,4.89,4.0,4.89,5.0,5.5,4.89,6.0,4.5,4.4129887,MD,Premiere League
Fabinho,5.25,5.41,5.0,6.0,5.0,7.0,4.5,5.5,5.25,5.25,5.0,5.0,6.0,4.5,4.0,5.0,6.5,5.5,6.0,5.25,4.0,5.0,5.25,6.5,6.5,6.0,5.25,6.5,5.0,5.5,7.0,7.0,4.5,4.5,5.5,4.5,4.5,5.25,5.25,5.0,4.278303,MD,Premiere League
Billing Philip,5.53,5.53,7.0,5.0,3.5,5.0,4.5,7.0,5.53,7.0,5.5,7.0,6.5,5.5,4.5,5.5,6.5,6.0,5.0,5.0,5.0,5.53,5.53,5.53,5.53,5.53,5.53,5.53,5.53,5.53,5.53,5.53,5.53,5.53,5.53,5.53,5.53,5.53,5.53,4.0,4.164117,MD,Premiere League
Henderson Jordan,5.13,5.26,6.0,5.0,4.5,6.0,5.5,5.13,5.13,5.13,5.5,4.0,5.0,6.0,5.0,5.5,5.0,5.13,5.5,5.0,3.5,5.0,5.13,5.5,5.13,4.0,5.13,5.5,5.5,5.5,6.5,5.5,5.5,6.0,5.0,5.5,5.5,5.0,5.5,5.13,4.156353,MD,Premiere League
Lavia Roméo,5.27,5.27,6.0,5.5,6.0,6.0,6.5,5.27,5.27,5.27,5.27,5.27,5.27,5.27,5.27,5.27,4.5,4.5,5.27,5.0,4.5,5.0,5.27,5.27,5.27,5.27,5.27,5.27,5.27,5.27,5.27,5.27,5.27,5.27,5.27,5.27,5.27,5.27,5.27,4.5,4.0492177,MD,Premiere League
Gueye Idrissa,5.5,5.5,5.5,5.5,5.5,5.5,5.5,5.5,5.5,6.5,6.0,4.0,5.5,6.0,6.5,6.5,5.0,4.5,7.0,6.0,4.5,5.5,5.5,5.5,5.5,4.5,5.5,5.0,5.5,5.5,7.0,6.0,5.5,5.0,6.0,5.5,5.5,5.5,5.0,3.5,3.5237923,MD,Premiere League
