Joueur,Note,Note 1 an,j1,j2,j3,j4,j5,j6,j7,j8,j9,j10,j11,j12,j13,j14,j15,j16,j17,j18,j20,j21,j22,j23,j24,j25,j26,j27,j28,j29,j30,j31,j32,j33,j34,j35,j36,j37,j38,j19,prediction_label,Poste,Championnat
Schär Fabian,5.95,5.68,7.5,6.0,4.0,5.5,5.95,5.5,5.95,6.0,6.0,6.0,6.0,6.0,6.0,6.0,5.5,6.0,6.0,6.0,7.0,6.0,5.0,6.0,6.0,5.5,5.0,7.5,7.0,5.5,5.5,4.0,6.0,4.5,5.95,4.5,5.95,5.0,5.95,6.0,6.724142,DC,Premiere League
Mings Tyrone,5.08,5.16,5.08,5.5,3.5,5.08,6.0,5.5,5.08,6.0,5.0,4.5,3.0,3.5,7.0,3.5,6.0,5.5,4.0,5.5,5.5,5.0,5.0,7.0,6.0,4.5,5.0,7.5,6.0,4.5,4.0,4.5,3.0,4.5,5.5,6.0,5.5,4.5,4.0,7.0,6.6747117,DC,Premiere League
Colwill Levi,5.14,5.14,5.0,5.14,5.14,5.0,5.14,5.14,5.14,5.14,5.14,5.14,5.14,5.14,5.14,5.14,5.14,5.0,5.5,3.0,7.0,5.14,5.14,5.14,5.14,5.14,5.14,5.14,5.14,5.14,5.14,5.14,5.14,5.14,5.14,5.14,5.14,5.14,5.14,5.5,6.5603647,DC,Premiere League
Collins Nathan,4.74,4.94,4.5,5.5,4.5,5.0,5.5,6.0,4.74,3.5,4.74,4.74,4.74,3.5,3.0,4.5,4.0,4.0,6.0,4.5,6.0,5.0,5.0,4.74,4.74,4.74,6.0,4.74,3.5,4.0,7.5,4.74,4.5,6.0,5.5,5.5,3.5,6.5,3.0,5.5,6.5582247,DC,Premiere League
Zouma Kurt,5.47,5.36,5.0,5.5,4.5,6.5,5.5,4.5,5.47,5.0,6.0,5.5,5.47,5.0,7.0,5.5,4.5,5.0,5.47,5.47,5.47,7.0,5.47,5.0,6.5,5.47,6.0,7.0,5.5,6.0,2.5,5.5,5.5,5.47,5.47,3.5,6.0,5.0,4.0,5.47,6.3286586,DC,Premiere League
Pinnock Ethan,5.25,5.07,5.25,5.25,5.25,5.25,5.25,5.25,5.25,5.25,5.25,2.0,6.0,6.0,3.5,4.5,5.0,6.0,5.5,7.0,5.5,5.5,5.25,4.0,4.5,6.0,5.0,5.0,5.25,7.0,3.5,5.0,6.0,5.0,5.25,5.25,5.25,5.25,5.25,6.5,6.262119,DC,Premiere League
Stones John,5.39,5.45,5.39,5.0,4.0,5.5,7.5,5.5,5.5,5.5,5.39,5.39,5.39,5.39,5.39,5.0,6.0,4.0,5.5,4.5,5.39,6.0,6.0,5.39,6.0,5.39,5.39,5.5,5.5,6.0,6.0,5.39,4.5,5.39,5.39,5.39,5.39,5.39,5.0,6.0,6.2539635,DC,Premiere League
Adarabioyo Tosin,4.93,4.93,5.0,5.0,4.5,4.5,5.5,4.5,5.5,6.0,3.0,4.0,4.93,4.93,5.0,4.93,4.93,4.93,4.93,5.0,5.0,4.93,4.93,4.93,4.93,4.93,4.93,4.93,4.93,4.93,4.93,4.93,4.93,4.93,4.93,4.93,4.93,4.93,4.93,6.5,6.203153,DC,Premiere League
Worrall Joe,4.69,4.69,3.5,5.0,5.0,5.5,2.0,3.5,4.69,5.0,4.69,4.69,4.69,5.0,5.0,5.0,4.69,5.0,4.0,5.0,6.0,5.5,4.69,4.69,4.69,4.69,4.69,4.69,4.69,4.69,4.69,4.69,4.69,4.69,4.69,4.69,4.69,4.69,4.69,5.0,6.198864,DC,Premiere League
Thiago Silva,5.5,5.47,5.5,4.5,4.0,6.0,5.5,7.0,4.5,5.5,7.0,5.5,6.0,5.5,5.5,5.0,4.0,5.5,6.0,5.5,6.5,6.0,4.5,7.0,6.0,5.0,6.0,5.5,7.0,5.5,5.5,3.0,6.0,5.5,6.0,5.0,5.0,5.0,6.0,5.0,6.070014,DC,Premiere League
Dunk Lewis,4.95,5.0,5.5,6.0,6.0,5.5,3.0,5.5,4.95,4.95,3.5,5.0,5.5,6.0,3.0,6.0,5.0,3.0,5.5,3.5,6.0,4.5,4.95,4.95,4.95,6.0,4.95,4.0,6.0,5.0,3.5,6.0,5.5,5.5,4.5,6.0,6.0,5.5,5.5,6.0,6.013347,DC,Premiere League
Kilman Maximilian,4.7,4.92,5.0,5.5,5.5,5.0,6.0,5.5,4.7,3.5,4.5,3.5,6.0,4.0,2.0,5.5,3.5,4.0,4.5,4.5,6.5,3.5,7.0,5.0,5.0,6.5,5.5,4.0,3.0,6.0,4.7,6.0,5.5,4.7,4.7,4.7,4.7,4.7,4.7,6.0,6.003804,DC,Premiere League
Badiashile Benoît,6.25,5.62,6.25,6.25,6.25,6.25,6.25,6.25,6.25,6.25,6.25,6.25,6.25,6.25,6.25,6.25,6.25,6.25,6.25,6.25,6.5,6.0,6.25,6.25,6.25,6.25,6.25,5.5,5.5,6.0,6.0,5.5,5.5,5.5,6.0,7.5,6.0,5.5,6.0,6.25,5.937744,DC,Premiere League
Bueno Hugo,4.73,4.73,4.73,4.73,4.73,4.73,4.73,4.73,4.73,4.73,4.73,4.73,5.0,5.0,3.0,5.0,4.0,4.0,5.0,5.0,6.5,4.5,4.73,4.73,4.73,4.73,4.73,4.73,4.73,4.73,4.73,4.73,4.73,4.73,4.73,4.73,4.73,4.73,4.73,5.0,5.8689356,DC,Premiere League
Laporte Aymeric,5.5,5.65,5.5,5.5,5.5,5.5,5.5,5.5,5.5,5.5,5.0,5.5,5.5,5.5,5.5,5.5,5.5,5.5,5.5,5.5,5.5,6.0,6.0,7.0,6.0,5.5,4.5,6.0,5.0,6.0,5.0,6.0,4.5,6.0,5.0,6.0,7.0,5.0,5.0,5.5,5.8046646,DC,Premiere League
Konsa Ezri,4.97,4.86,4.5,5.0,4.0,4.5,4.5,4.5,4.97,6.0,5.5,4.5,4.5,4.0,7.0,4.0,5.5,5.5,3.5,6.0,6.0,5.5,5.0,6.0,4.0,4.97,4.97,6.0,4.97,4.97,5.0,4.0,3.0,4.5,5.5,4.97,5.0,5.5,4.97,5.0,5.7653723,DC,Premiere League
Maguire Harry,5.0,5.06,4.5,3.0,5.0,5.0,5.0,5.0,5.0,5.0,5.0,5.0,5.0,5.0,5.0,6.5,5.0,5.0,5.0,5.0,5.0,5.0,5.0,5.0,4.5,5.0,6.5,5.0,3.0,5.0,3.5,6.0,6.0,5.0,5.0,5.0,5.5,5.0,4.5,6.0,5.764808,DC,Premiere League
Mee Ben,5.16,5.26,4.0,7.0,3.5,5.5,4.5,5.5,5.16,3.0,5.5,3.5,6.0,6.0,5.16,7.0,5.0,5.5,4.0,6.0,6.0,5.0,5.5,6.0,5.5,5.5,6.0,5.5,5.16,5.16,5.16,5.16,5.16,5.16,5.16,5.16,5.16,5.16,5.16,5.5,5.749746,DC,Premiere League
Koch Robin,4.5,4.46,6.0,4.5,6.0,4.5,5.0,2.0,4.5,4.5,6.0,4.0,4.0,3.0,3.5,6.0,4.0,3.0,4.0,5.0,4.0,5.5,4.5,4.5,4.0,4.0,5.0,4.5,4.5,4.5,5.5,4.5,5.5,3.0,4.5,3.5,4.5,5.0,4.0,5.5,5.746877,DC,Premiere League
Ogbonna Angelo,5.0,5.0,5.0,5.0,5.0,5.0,5.0,5.0,5.0,5.0,5.0,5.0,5.0,5.0,5.0,5.0,5.0,5.0,5.0,4.0,4.0,7.0,5.0,5.0,5.0,5.0,5.0,5.0,5.0,5.0,5.0,5.0,5.0,5.0,5.0,5.0,5.0,5.0,5.0,5.0,5.719983,DC,Premiere League
Burn Dan,5.28,5.35,7.0,5.5,4.0,5.0,4.5,5.0,5.28,5.5,6.5,5.0,4.5,5.0,5.0,6.0,4.5,5.5,6.0,5.0,6.0,5.0,5.0,5.0,5.5,6.0,5.5,6.0,6.0,5.0,6.0,3.0,6.0,5.5,6.0,5.5,3.0,6.0,5.0,5.0,5.673641,DC,Premiere League
Ream Tim,5.2,5.2,6.0,6.0,4.5,5.5,6.5,5.0,5.5,4.5,3.0,3.5,5.0,6.0,4.5,5.0,4.5,5.0,7.5,5.5,5.0,5.2,5.2,5.2,5.2,5.2,5.2,5.2,5.2,5.2,5.2,5.2,5.2,5.2,5.2,5.2,5.2,5.2,5.2,6.0,5.6658807,DC,Premiere League
Lindelöf Victor,5.0,4.88,5.0,5.0,5.0,5.0,5.0,5.0,5.0,5.0,4.0,5.5,5.0,5.0,5.0,5.0,3.5,6.0,5.0,5.0,5.0,5.0,5.0,5.0,5.0,5.0,5.0,6.0,3.0,5.0,3.0,5.0,4.5,5.5,4.0,6.0,3.0,6.0,4.5,6.0,5.6547976,DC,Premiere League
Cooper Liam,4.79,4.94,4.79,4.79,4.79,4.79,4.79,4.79,4.79,4.79,5.5,3.5,5.5,6.0,3.5,5.5,5.5,3.0,3.0,6.0,4.5,4.79,4.79,4.79,4.79,4.79,4.79,4.79,4.79,4.79,4.79,5.5,7.0,4.0,6.0,4.79,4.79,4.5,4.5,6.0,5.632395,DC,Premiere League
Chalobah Trevoh,4.83,5.08,4.83,4.83,4.83,5.0,4.83,4.83,3.5,4.83,4.83,6.0,5.0,5.5,5.0,2.0,5.0,5.0,5.0,4.83,5.5,5.5,4.83,4.83,4.83,4.83,4.83,5.5,6.0,5.0,4.83,4.83,4.83,6.0,6.0,4.83,4.83,4.83,4.83,4.83,5.6201367,DC,Premiere League
Saliba William,5.63,5.41,6.0,4.5,7.5,6.0,5.0,4.0,5.63,7.5,6.0,5.0,5.5,5.63,5.5,6.0,6.0,5.5,5.0,5.0,6.0,5.5,6.0,5.0,6.0,4.0,5.0,5.5,6.0,5.0,5.0,6.0,4.5,6.0,7.0,3.5,6.0,3.5,5.63,5.5,5.610922,DC,Premiere League
Botman Sven,5.75,5.55,5.0,6.0,4.0,5.5,5.75,6.0,5.75,5.75,6.5,7.0,6.0,6.0,5.0,6.0,6.0,6.0,6.0,5.5,6.0,5.5,6.0,4.0,5.5,5.5,6.0,6.0,5.0,5.75,5.75,5.75,5.75,5.75,5.5,4.0,4.0,5.75,4.5,5.5,5.608918,DC,Premiere League
Caleta-Car Duje,5.0,5.0,5.0,5.0,5.0,5.0,5.0,5.0,5.0,5.0,4.0,5.0,5.0,6.0,5.5,5.0,5.0,3.5,5.0,5.0,6.0,5.0,6.0,5.0,5.5,4.0,5.0,5.0,5.0,5.0,5.0,5.0,6.0,4.5,5.0,3.5,5.0,4.0,6.0,5.0,5.595856,DC,Premiere League
Salisu Mohammed,4.63,4.54,2.5,3.5,5.5,5.0,5.0,5.0,4.63,5.0,4.63,3.5,6.0,6.0,4.5,5.5,4.5,3.5,4.0,3.5,5.5,5.5,4.0,7.0,5.0,4.0,6.0,5.5,4.63,3.0,4.63,5.0,1.5,4.63,4.5,4.5,3.5,5.0,3.0,4.5,5.554123,DC,Premiere League
Bajcetic Stefan,5.5,5.5,5.5,5.5,5.5,5.0,5.5,5.5,5.5,5.5,5.5,5.5,5.5,5.5,5.5,5.5,5.5,5.5,6.5,5.0,5.5,5.5,5.5,5.5,5.5,5.5,5.5,5.5,5.5,5.5,5.5,5.5,5.5,5.5,5.5,5.5,5.5,5.5,5.5,5.5,5.5467296,DC,Premiere League
Aguerd Nayef,5.13,5.24,5.13,5.13,5.13,5.13,5.13,5.13,5.13,5.13,5.13,5.13,5.13,5.13,5.13,5.13,5.13,4.5,5.13,5.13,5.0,7.5,5.13,5.5,5.0,6.0,5.5,6.5,5.5,5.5,5.5,4.5,5.13,4.5,4.0,5.13,5.13,6.0,4.5,3.5,5.48963,DC,Premiere League
Aké Nathan,5.32,5.36,6.0,6.0,5.0,5.32,5.32,5.0,5.0,5.32,4.5,6.5,4.5,5.32,5.32,5.32,6.0,5.32,5.0,5.0,4.0,6.0,5.32,5.32,5.32,6.5,5.32,5.32,5.32,5.32,5.0,5.5,5.32,5.0,5.0,6.5,5.32,5.32,5.32,6.0,5.4844446,DC,Premiere League
Zanka,4.88,4.92,4.88,4.88,4.88,5.5,4.0,4.5,4.88,4.88,5.0,4.88,4.88,5.0,4.0,4.88,4.0,6.0,4.5,5.5,5.0,4.88,4.88,4.88,4.88,4.88,4.88,4.88,4.88,4.88,4.88,4.88,5.5,4.88,4.88,4.88,4.88,4.88,4.88,5.5,5.4541006,DC,Premiere League
Boly Willy,5.08,4.81,5.08,5.08,5.08,5.08,5.08,5.08,5.08,3.0,5.08,5.08,5.08,5.08,5.08,5.08,5.08,5.5,4.0,7.0,5.08,5.0,5.08,5.08,5.08,5.08,5.08,5.08,5.08,5.08,4.0,6.0,4.5,2.5,5.0,3.0,6.0,5.0,5.0,6.0,5.4430885,DC,Premiere League
Dier Eric,5.0,5.19,6.0,4.0,5.5,5.5,5.0,5.5,3.0,7.0,3.5,5.0,6.0,4.0,4.5,6.0,5.0,4.5,5.0,5.0,4.0,5.0,6.0,3.5,5.0,5.0,5.5,6.0,6.0,3.5,5.5,5.0,6.0,4.5,5.5,5.5,5.5,5.5,6.0,6.0,5.4240417,DC,Premiere League
Akanji Manuel,5.32,5.32,5.32,5.32,5.32,5.32,5.32,5.32,5.0,6.0,5.5,6.5,4.0,5.32,5.0,5.5,6.0,4.5,5.0,5.5,5.0,5.5,5.32,5.32,5.32,5.32,5.32,5.32,5.32,5.32,5.32,5.32,5.32,5.32,5.32,5.32,5.32,5.32,5.32,5.5,5.410888,DC,Premiere League
Martínez Lisandro,5.06,5.06,5.0,3.5,5.5,6.0,5.5,5.5,6.0,5.06,2.5,4.5,5.0,6.0,5.5,6.0,3.5,5.5,5.06,5.06,5.0,5.5,5.06,5.06,5.06,5.06,5.06,5.06,5.06,5.06,5.06,5.06,5.06,5.06,5.06,5.06,5.06,5.06,5.06,5.0,5.3462434,DC,Premiere League
Richards Chris,5.08,5.08,5.08,6.0,5.0,4.0,5.08,5.08,5.5,5.08,5.08,5.08,5.08,5.08,5.08,5.08,5.08,5.08,4.5,5.08,5.08,5.5,5.08,5.08,5.08,5.08,5.08,5.08,5.08,5.08,5.08,5.08,5.08,5.08,5.08,5.08,5.08,5.08,5.08,5.08,5.340887,DC,Premiere League
McKenna Scott,4.44,4.44,4.0,4.5,4.5,4.5,2.5,2.5,4.44,4.0,3.0,5.5,5.0,5.5,6.5,3.0,5.5,4.44,4.44,4.44,5.5,5.0,4.44,4.44,4.44,4.44,4.44,4.44,4.44,4.44,4.44,4.44,4.44,4.44,4.44,4.44,4.44,4.44,4.44,4.44,5.3212504,DC,Premiere League
Rúben Dias,5.19,5.4,5.5,5.5,4.0,4.5,6.0,5.0,5.0,6.0,5.19,6.0,5.0,5.19,5.0,5.0,5.0,5.19,5.19,5.19,5.19,5.19,5.19,5.0,6.0,7.0,4.0,5.5,5.19,5.19,5.0,5.19,5.19,5.19,5.5,7.5,6.0,5.19,5.19,5.19,5.3111844,DC,Premiere League
Wöber Maximilian,5.25,5.25,5.25,5.25,5.25,5.25,5.25,5.25,5.25,5.25,5.25,5.25,5.25,5.25,5.25,5.25,5.25,5.25,5.25,5.25,5.0,5.5,5.25,5.25,5.25,5.25,5.25,5.25,5.25,5.25,5.25,5.25,5.25,5.25,5.25,5.25,5.25,5.25,5.25,5.25,5.273006,DC,Premiere League
Gomez Joe,5.03,5.05,5.03,5.5,4.5,6.0,4.5,6.0,5.03,5.03,5.03,5.0,6.0,4.5,4.5,3.0,5.0,5.5,5.0,5.0,4.5,6.0,5.03,5.0,5.03,5.03,5.03,5.03,5.03,5.03,5.03,5.5,5.03,5.03,5.03,5.0,5.03,5.0,5.03,5.03,5.265526,DC,Premiere League
Phillips Nathaniel,5.25,5.25,5.25,5.5,5.25,5.25,5.25,5.25,5.25,5.25,5.25,5.25,5.25,5.25,5.25,5.25,5.25,5.0,5.25,5.25,5.25,5.25,5.25,5.25,5.25,5.25,5.25,5.25,5.25,5.25,5.25,5.25,5.25,5.25,5.25,5.25,5.25,5.25,5.25,5.25,5.2590785,DC,Premiere League
Ajer Kristoffer,4.13,4.76,4.13,4.13,4.13,4.13,4.13,4.13,4.13,3.0,5.5,2.0,6.0,4.13,2.0,4.5,4.13,4.13,4.13,4.13,4.5,5.5,4.13,4.0,4.5,5.0,5.5,4.0,4.13,5.5,4.5,6.0,6.0,6.0,4.13,4.5,8.0,5.0,5.0,4.13,5.253974,DC,Premiere League
Holgate Mason,5.38,4.73,5.5,4.5,5.5,6.0,5.38,5.38,5.38,5.38,5.38,5.38,5.38,5.38,5.38,5.38,5.38,5.38,5.38,5.38,5.38,5.38,5.38,4.0,2.0,6.0,4.5,5.0,2.5,5.0,5.0,5.5,5.38,6.0,4.0,5.5,6.5,4.5,3.0,5.38,5.2410307,DC,Premiere League
Stephens Jack,5.08,4.68,4.0,5.0,5.08,5.08,5.08,5.08,5.08,5.0,5.08,5.08,5.08,5.08,5.08,5.0,5.08,6.0,5.08,5.08,5.08,5.5,5.08,5.08,5.08,5.5,5.08,5.0,3.0,5.08,5.08,5.08,5.08,5.08,5.08,5.08,5.08,4.5,3.0,5.08,5.206232,DC,Premiere League
Sánchez Davinson,5.05,5.24,5.05,5.05,6.0,6.5,5.0,5.05,5.05,4.5,5.0,5.05,5.0,5.0,4.0,4.5,5.05,4.5,5.5,5.05,5.05,5.05,6.0,4.5,3.0,4.0,5.0,5.05,5.5,5.05,5.05,5.05,5.05,5.05,5.0,5.05,5.0,7.0,6.0,5.05,5.097811,DC,Premiere League
Webster Adam,4.93,5.11,5.5,5.0,5.5,6.0,4.0,5.0,4.93,4.93,4.0,5.0,3.5,5.0,4.0,6.0,5.5,4.93,4.93,4.93,5.0,4.93,5.0,6.0,7.0,7.5,4.93,4.93,4.93,4.93,4.5,4.93,5.0,4.93,4.0,5.0,5.0,5.0,6.0,4.93,5.0742474,DC,Premiere League
Holding Rob,5.0,5.22,5.0,5.0,5.0,5.0,5.0,5.0,5.0,5.0,5.0,5.0,5.0,5.0,5.0,5.0,5.0,5.0,5.0,5.0,5.0,5.0,3.5,4.5,6.0,5.5,5.0,5.0,5.0,5.0,5.0,5.0,5.0,5.0,5.5,7.5,5.5,5.0,5.5,5.0,5.0695424,DC,Premiere League
Lenglet Clément,4.77,4.72,5.0,4.77,4.77,4.77,4.77,5.0,4.0,5.5,3.5,4.77,4.77,4.77,5.0,6.0,4.0,4.0,7.0,3.5,3.5,4.77,5.0,4.77,4.77,4.77,4.77,4.77,4.77,4.77,4.77,4.5,4.5,5.0,5.0,4.77,5.0,4.5,3.5,6.0,5.0423207,DC,Premiere League
Lascelles Jamaal,4.88,5.09,4.88,4.88,4.88,4.88,4.5,4.88,4.88,4.88,5.0,4.88,5.0,4.88,4.88,5.0,4.88,4.88,4.88,4.88,4.88,4.88,5.0,6.0,6.0,4.88,4.88,5.0,4.88,4.5,4.88,5.0,4.88,4.88,6.0,5.0,3.0,5.0,5.5,4.88,5.0408564,DC,Premiere League
White Ben,5.42,5.17,6.0,4.5,6.0,5.0,5.5,3.5,5.42,5.5,6.5,4.5,4.5,5.42,6.0,6.0,5.0,5.5,7.0,6.0,6.0,5.0,5.42,5.0,6.0,4.5,5.5,4.0,4.5,6.5,6.0,4.0,4.0,4.5,5.0,5.42,5.42,4.0,5.42,5.0,5.0366893,DC,Premiere League
Söyüncü Çaglar,5.0,4.96,5.0,5.0,5.0,5.0,5.0,5.0,5.0,5.0,5.0,5.0,5.0,5.0,5.0,5.0,5.0,5.0,5.0,5.0,5.0,5.0,6.5,5.5,5.0,3.5,5.0,5.0,7.0,4.0,5.5,5.0,5.5,4.0,5.5,4.0,5.0,5.0,5.0,5.0,5.026268,DC,Premiere League
Bella-Kotchap Armel,4.96,4.96,4.96,4.5,6.5,6.0,6.0,5.0,4.96,5.5,4.0,4.0,5.5,4.96,4.96,4.96,4.5,4.0,4.96,4.0,4.96,4.96,4.96,4.96,4.96,4.96,4.96,4.96,4.96,4.96,4.96,4.96,4.96,4.96,4.96,4.96,4.96,4.96,4.96,5.0,5.0191374,DC,Premiere League
Romero Cristian,4.54,4.93,5.5,4.5,4.54,4.54,4.54,6.0,3.0,5.5,3.0,5.5,5.5,4.0,4.54,4.54,4.54,4.54,4.54,3.0,3.5,4.54,4.54,4.54,4.0,5.0,4.5,7.0,5.0,3.5,5.5,6.0,6.0,3.5,6.0,6.0,5.0,4.54,4.54,5.5,5.016021,DC,Premiere League
Diop Issa,5.25,5.2,5.25,5.25,5.25,5.0,5.25,5.25,5.25,4.0,5.0,5.25,5.5,6.0,5.25,6.0,5.5,4.5,6.5,5.0,5.0,5.25,5.25,5.25,5.25,7.0,5.25,5.0,5.25,5.0,5.25,5.25,4.5,5.0,5.25,5.25,5.25,5.25,5.25,5.0,4.926275,DC,Premiere League
Chambers Calum,4.75,5.13,4.75,5.0,4.75,4.5,4.75,4.75,4.75,4.75,4.75,4.75,4.75,4.75,5.0,4.75,4.75,4.75,4.75,4.5,4.75,4.75,4.75,4.75,5.0,4.0,4.5,4.75,6.0,4.5,4.75,4.75,4.75,4.75,4.75,6.0,5.5,5.0,4.5,4.75,4.9083586,DC,Premiere League
Duffy Shane,4.88,4.67,5.0,4.88,5.0,4.88,4.88,4.88,4.88,4.88,4.88,4.5,4.88,4.88,5.0,4.88,4.88,4.88,4.88,4.88,4.88,4.88,4.88,4.88,4.88,5.0,3.5,4.88,4.5,4.88,4.88,4.88,4.88,4.88,4.88,4.88,4.88,4.88,4.88,4.88,4.8511887,DC,Premiere League
Gabriel Magalhães,5.68,5.53,6.0,5.0,6.0,6.0,6.0,3.5,5.68,6.0,5.0,5.5,7.0,5.68,6.0,6.0,7.0,6.0,6.0,5.0,5.5,5.0,5.0,5.0,8.0,5.5,5.0,4.0,4.5,6.0,5.5,4.5,4.0,5.5,6.0,7.0,5.5,4.5,7.0,5.5,4.777156,DC,Premiere League
Keane Michael,4.5,4.63,4.5,4.5,4.5,4.5,4.5,4.5,4.5,4.5,4.5,4.5,4.5,4.5,4.5,4.5,4.5,4.5,4.5,4.5,4.5,4.5,3.0,4.5,3.0,7.5,4.5,4.5,3.0,4.5,6.0,3.0,6.0,5.5,4.5,4.5,6.0,4.5,3.5,4.5,4.7755246,DC,Premiere League
Toti,4.93,4.41,4.93,4.93,4.93,4.93,4.93,4.93,4.93,4.93,4.93,4.0,6.0,4.93,4.93,4.93,4.93,4.5,5.0,5.0,5.0,4.93,4.93,5.0,4.93,4.93,4.93,4.93,4.93,4.93,4.93,4.93,4.93,4.93,4.93,4.93,4.93,5.0,4.0,5.0,4.767902,DC,Premiere League
Mina Yerry,5.17,5.17,5.0,5.17,5.17,5.17,5.17,5.17,5.17,5.17,5.17,5.17,5.17,5.17,5.17,5.17,5.17,5.17,6.0,5.17,5.17,4.5,5.0,5.0,4.5,5.17,5.17,5.17,5.17,5.17,5.17,5.17,5.17,5.17,5.17,6.5,5.0,5.17,5.17,5.17,4.7581725,DC,Premiere League
Wesley Fofana Wesley,4.5,5.05,4.5,3.0,4.5,4.5,4.5,5.0,4.5,4.5,5.5,4.5,4.5,4.5,4.5,4.5,4.5,4.5,4.5,4.5,4.5,4.5,4.5,4.5,4.5,4.5,4.5,6.0,4.5,4.5,4.5,5.0,4.5,4.5,5.0,4.5,4.5,6.0,6.0,4.5,4.756893,DC,Premiere League
Diego Carlos,4.5,5.25,3.5,5.5,4.5,4.5,4.5,4.5,4.5,4.5,4.5,4.5,4.5,4.5,4.5,4.5,4.5,4.5,4.5,4.5,4.5,4.5,4.0,4.5,6.0,5.0,5.5,4.5,4.5,4.5,5.0,7.0,4.0,5.0,5.5,4.5,5.5,6.0,4.5,4.5,4.7242465,DC,Premiere League
Jansson Pontus,4.86,5.02,5.0,6.0,4.0,4.86,4.86,5.0,4.86,3.5,5.5,4.86,4.86,4.86,4.86,4.86,4.86,4.86,4.86,5.0,4.86,4.86,4.86,3.5,5.5,6.0,5.0,4.0,4.86,6.0,4.5,6.0,4.86,7.0,6.0,4.0,7.5,5.0,5.0,4.86,4.688576,DC,Premiere League
Bednarek Jan,4.7,4.83,3.5,5.0,4.7,4.7,4.7,4.7,4.7,4.7,5.0,4.7,4.7,5.0,4.7,4.7,4.7,4.7,4.7,5.0,4.7,4.7,3.0,5.5,4.0,5.0,6.0,6.0,3.0,3.5,4.0,6.0,2.0,7.5,4.5,4.0,4.0,4.7,4.7,4.7,4.6790547,DC,Premiere League
Faes Wout,4.86,5.1,4.86,4.86,4.86,4.86,4.86,4.86,4.86,2.0,6.0,5.0,5.5,5.5,6.0,5.0,6.0,6.0,4.0,3.0,4.0,4.5,3.5,7.5,6.0,6.0,5.5,5.5,7.0,5.5,5.0,3.0,6.0,5.5,5.0,5.5,5.0,5.0,5.5,5.5,4.606432,DC,Premiere League
van Hecke Jan Paul,4.75,4.75,4.75,4.75,4.75,5.0,4.75,4.75,4.75,4.75,4.75,4.75,4.75,4.75,4.75,4.75,4.75,4.75,4.75,4.75,4.75,4.5,4.75,4.75,4.75,4.75,4.75,4.75,4.75,4.75,4.75,4.75,4.75,4.75,4.75,4.75,4.75,4.75,4.75,4.75,4.5805,DC,Premiere League
Varane Raphaël,5.33,5.27,5.33,5.0,5.5,5.5,6.0,5.0,5.0,5.33,4.0,5.5,5.5,6.5,5.0,5.33,5.33,5.33,6.0,6.0,5.5,4.0,4.5,5.5,5.5,5.5,5.0,5.5,5.33,5.5,5.33,5.5,5.33,5.33,4.0,7.5,3.0,5.0,5.33,5.33,4.553935,DC,Premiere League
Llorente Diego,4.63,4.64,5.5,5.0,6.0,5.0,4.5,1.5,4.63,4.63,4.63,4.63,4.63,4.5,4.63,4.63,4.63,4.63,5.0,4.63,4.63,4.63,4.63,5.0,5.0,3.0,3.5,2.5,4.63,4.63,4.5,5.5,5.5,4.5,4.5,4.63,6.0,5.0,5.0,4.63,4.543728,DC,Premiere League
Kelly Lloyd,4.85,4.85,7.5,3.0,4.0,4.85,6.5,5.5,4.85,4.85,4.85,4.85,4.85,4.85,4.85,4.85,4.85,4.85,4.5,3.5,4.5,5.0,4.85,4.85,4.85,4.85,4.85,4.85,4.85,4.85,4.85,4.85,4.85,4.85,4.85,4.85,4.85,4.85,4.85,4.5,4.535141,DC,Premiere League
Niakhaté Moussa,4.5,4.5,3.5,5.5,4.5,4.5,4.5,4.5,4.5,4.5,4.5,4.5,4.5,4.5,4.5,4.5,4.5,4.5,4.5,4.5,4.5,4.5,4.5,4.5,4.5,4.5,4.5,4.5,4.5,4.5,4.5,4.5,4.5,4.5,4.5,4.5,4.5,4.5,4.5,4.5,4.474149,DC,Premiere League
Dawson Craig,4.5,4.88,4.5,4.5,4.5,4.5,4.5,4.5,4.5,4.5,6.0,6.0,4.5,4.5,4.5,4.0,5.0,3.0,3.5,4.0,4.5,4.5,4.5,5.0,5.5,6.0,7.0,6.0,5.0,5.5,4.0,5.0,4.0,5.0,5.0,4.5,7.0,3.5,4.0,4.5,4.423383,DC,Premiere League
Cook Steve,4.54,4.54,4.54,5.5,6.0,3.5,4.54,3.5,4.54,3.5,3.0,5.0,5.5,5.0,6.0,3.0,5.0,4.54,4.54,4.54,4.54,4.54,4.54,4.54,4.54,4.54,4.54,4.54,4.54,4.54,4.54,4.54,4.54,4.54,4.54,4.54,4.54,4.54,4.54,4.54,4.415315,DC,Premiere League
Mepham Chris,4.59,4.59,6.5,2.5,3.0,2.0,5.5,5.5,4.59,5.0,5.5,5.5,5.0,5.0,5.0,4.5,4.0,4.59,4.59,4.59,5.0,4.59,4.59,4.59,4.59,4.59,4.59,4.59,4.59,4.59,4.59,4.59,4.59,4.59,4.59,4.59,4.59,4.59,4.59,4.0,4.414037,DC,Premiere League
van Dijk Virgil,5.21,5.55,4.0,5.5,4.0,7.5,5.0,6.0,5.21,5.21,3.5,4.0,6.0,6.0,5.0,4.0,5.5,5.5,7.5,5.5,5.21,5.21,5.21,7.0,6.0,6.0,5.21,6.0,6.0,5.5,5.5,6.0,5.0,6.0,6.0,6.0,6.0,5.21,5.21,4.0,4.360134,DC,Premiere League
Tomkins James,4.17,4.2,4.17,4.17,4.17,4.17,4.17,4.17,4.17,4.17,5.0,4.17,4.17,4.17,4.17,4.17,4.17,4.17,3.0,4.17,4.5,4.17,4.17,4.17,4.17,4.17,4.17,4.17,4.17,4.17,4.17,4.17,4.17,4.17,4.17,4.17,4.17,4.17,4.17,4.17,4.3595905,DC,Premiere League
Tanganga Japhet,4.0,4.63,4.0,4.0,4.0,4.0,4.0,4.0,4.0,4.0,4.0,4.0,4.0,4.0,4.0,4.0,4.0,4.0,4.0,4.0,4.0,4.0,4.0,3.0,4.0,4.0,4.0,4.0,4.0,4.0,4.0,4.0,4.0,4.0,4.0,4.0,4.0,4.0,4.0,4.0,4.342729,DC,Premiere League
Godfrey Ben,4.5,4.62,5.0,4.5,4.5,4.5,4.5,4.5,4.5,4.5,4.5,4.5,4.5,4.5,4.5,4.5,4.5,4.5,4.5,4.5,4.0,4.5,5.0,5.0,4.5,4.5,4.5,4.5,4.5,4.5,4.5,4.5,6.0,4.5,4.5,4.5,4.5,4.5,4.5,4.5,4.287166,DC,Premiere League
Evans Jonny,4.06,4.59,4.5,2.5,4.0,5.0,5.0,3.0,4.06,2.0,6.0,4.5,4.06,4.06,4.06,4.06,4.06,4.06,4.06,4.06,4.06,4.06,4.06,4.06,4.06,4.06,4.06,5.0,4.06,4.06,5.0,5.5,4.06,4.06,4.06,4.06,4.0,5.0,6.0,4.06,4.264332,DC,Premiere League
Lyanco,4.63,4.55,4.63,4.63,5.0,4.5,5.0,4.63,4.63,4.63,4.63,4.63,4.63,5.5,4.5,4.0,4.63,5.0,4.0,4.5,5.0,5.0,4.0,5.0,4.63,4.63,4.63,4.63,4.63,4.63,4.0,4.63,4.63,5.5,4.63,4.63,4.63,5.0,2.5,3.5,4.211325,DC,Premiere League
Koulibaly Kalidou,5.11,5.31,6.0,6.0,3.0,5.11,4.0,5.5,6.0,5.11,5.11,7.0,5.5,5.0,5.11,5.11,5.11,4.0,5.5,5.0,5.0,5.11,5.11,5.11,5.11,5.5,5.0,5.0,5.0,5.0,6.0,5.5,4.0,5.0,5.11,6.5,6.5,6.0,7.0,4.0,4.202168,DC,Premiere League
Amartey Daniel,4.97,5.03,5.0,3.5,4.0,5.5,4.97,5.0,4.97,4.97,4.97,4.5,5.0,6.0,6.0,5.0,6.0,7.0,3.5,5.0,4.0,4.5,6.5,5.0,5.5,4.5,4.5,5.5,5.5,5.0,6.0,5.0,5.5,4.0,4.97,3.5,4.5,5.5,5.0,5.0,4.1578517,DC,Premiere League
Matip Joël,4.44,5.67,4.5,4.44,4.44,4.44,4.44,5.0,4.44,4.44,4.0,4.0,4.44,4.44,4.44,4.44,4.44,4.44,5.5,5.0,3.0,4.44,4.44,5.0,7.5,6.0,4.44,6.0,4.44,7.5,6.0,6.0,5.0,7.5,6.0,5.0,4.44,6.5,8.0,4.5,3.9726973,DC,Premiere League
Struijk Pascal,4.72,4.5,5.0,5.5,5.5,4.5,5.0,3.0,4.72,4.72,5.0,5.0,4.5,4.72,3.5,6.0,5.5,3.5,5.5,5.5,4.0,5.0,4.72,4.0,5.0,3.5,2.0,3.5,5.0,4.72,5.0,5.0,4.72,3.5,4.72,3.5,6.0,6.5,4.5,3.5,3.4859478,DC,Premiere League
Andersen Joachim,5.06,5.04,4.5,6.0,5.5,4.5,5.5,7.5,5.06,5.06,5.06,5.0,5.0,5.5,3.5,6.0,4.5,4.5,4.5,6.0,5.0,5.06,4.0,5.0,5.06,6.0,5.0,4.0,6.0,5.5,4.5,7.5,4.0,3.0,4.5,5.5,6.0,6.0,6.0,3.0,3.3717966,DC,Premiere League
Konaté Ibrahima,4.6,4.75,4.6,4.6,4.6,4.6,4.6,4.6,4.6,4.6,4.6,5.0,4.6,4.6,4.6,4.6,6.0,4.6,4.6,4.6,4.5,5.0,4.6,4.6,4.6,4.6,4.6,4.6,5.5,4.6,4.6,4.6,4.6,4.6,4.6,4.6,4.5,5.5,5.0,2.5,3.260243,DC,Premiere League
Senesi Marcos,4.41,4.41,4.41,5.0,4.0,3.0,4.41,4.41,4.41,5.5,6.0,5.5,5.0,4.5,4.5,4.0,3.0,6.0,4.5,3.5,3.5,4.41,4.41,4.41,4.41,4.41,4.41,4.41,4.41,4.41,4.41,4.41,4.41,4.41,4.41,4.41,4.41,4.41,4.41,3.0,2.847227,DC,Premiere League
Tarkowski James,5.05,5.06,6.0,5.0,4.5,6.5,5.5,6.0,5.05,6.5,5.5,4.5,5.5,4.5,6.0,6.0,4.0,3.0,5.0,5.5,5.0,3.5,4.0,6.0,5.5,5.0,5.05,4.5,3.0,6.0,6.0,4.5,4.5,6.0,6.0,4.0,4.0,5.05,4.5,3.0,2.594404,DC,Premiere League
Guéhi Marc,4.89,5.12,3.0,5.0,5.0,3.5,5.0,6.0,7.0,4.89,4.5,6.0,6.0,5.5,3.0,6.0,5.0,4.5,4.89,6.5,4.5,5.0,5.5,4.5,4.89,5.0,5.5,5.0,5.5,6.0,5.5,6.0,4.0,4.0,6.0,5.5,5.5,6.0,4.89,2.0,2.466165,DC,Premiere League
Coady Conor,4.92,5.11,4.92,5.0,5.0,7.0,5.0,6.0,4.92,5.5,6.0,4.5,5.5,4.5,6.0,5.5,4.0,3.5,4.92,5.0,4.0,3.5,7.0,5.0,5.0,6.5,5.5,5.0,5.0,7.0,4.5,5.5,5.5,3.0,5.0,4.0,7.0,5.0,4.0,3.0,2.0216994,DC,Premiere League
