Joueur,Note,Note 1 an,j1,j2,j3,j4,j5,j6,j7,j8,j9,j10,j11,j12,j13,j14,j15,j16,j17,j18,j20,j21,j22,j23,j24,j25,j26,j27,j28,j29,j30,j31,j32,j33,j34,j35,j36,j37,j38,j19,prediction_label,Poste,Championnat
Aurier Serge,5.42,5.18,5.42,5.42,5.42,5.42,5.42,5.42,5.42,5.42,5.0,4.5,5.42,5.0,6.5,4.0,5.0,6.0,5.0,5.5,7.0,5.0,5.42,5.0,6.0,4.5,5.0,4.0,6.0,5.42,5.0,5.5,5.0,4.5,4.0,5.0,5.42,5.42,5.0,6.5,6.779006,DL,Premiere League
Doherty Matt,5.13,5.38,5.0,5.13,5.13,5.13,5.13,5.13,5.13,5.13,5.0,5.5,6.0,4.5,5.0,5.13,5.0,5.0,4.0,4.5,4.5,5.13,5.13,5.0,5.13,4.0,5.0,8.0,8.0,4.0,5.0,7.0,5.0,5.13,5.13,5.13,5.13,5.13,5.13,7.5,6.749745,DL,Premiere League
Estupiñán Pervis,5.0,5.07,5.0,5.0,5.0,5.0,5.0,5.0,5.0,5.0,4.5,4.5,5.0,5.0,4.5,7.0,4.5,5.0,5.0,3.0,5.5,5.5,5.0,5.0,5.0,5.0,7.0,5.0,5.0,5.0,4.0,5.0,5.0,5.0,5.0,6.5,5.0,4.5,5.5,6.0,6.3383937,DL,Premiere League
Renan Lodi,4.79,5.02,4.79,4.79,4.79,4.79,3.0,4.5,4.79,4.0,3.5,4.79,4.79,4.79,5.0,4.5,4.79,6.0,5.0,5.0,5.0,6.0,4.0,4.79,4.79,4.79,8.0,4.0,5.0,5.5,3.5,4.5,5.0,5.5,4.5,5.0,7.0,4.79,4.79,6.0,6.337005,DL,Premiere League
Veltman Joël,4.85,4.93,5.5,5.5,6.0,4.5,3.5,5.0,4.85,4.85,3.5,4.0,3.5,5.0,4.5,4.85,5.0,5.0,5.5,4.85,5.5,5.0,5.0,5.0,4.5,6.0,3.5,4.0,3.5,4.0,3.5,6.0,5.5,6.5,4.5,6.0,6.0,5.5,6.5,6.0,6.15373,DL,Premiere League
Tete Kenny,5.32,5.32,6.0,4.5,4.5,5.0,6.0,5.0,5.0,5.0,5.32,5.32,5.32,5.32,5.32,5.0,5.0,5.32,6.5,5.5,5.5,5.32,5.32,5.32,5.32,5.32,5.32,5.32,5.32,5.32,5.32,5.32,5.32,5.32,5.32,5.32,5.32,5.32,5.32,6.0,5.946823,DL,Premiere League
Cash Matty,4.78,4.97,4.5,5.0,3.5,4.5,4.5,5.0,4.78,4.78,4.78,5.0,4.5,3.5,6.0,3.5,5.5,5.0,4.78,5.5,4.78,5.0,4.5,5.0,5.0,4.5,4.5,7.0,7.5,4.0,5.0,4.0,3.5,5.0,5.0,5.0,5.5,5.0,5.0,6.0,5.903245,DL,Premiere League
Antonee Robinson Antonee,5.06,5.06,5.0,5.0,4.5,5.0,5.5,5.0,5.0,5.06,5.06,4.5,5.0,6.0,5.0,6.0,3.5,4.5,5.5,5.0,5.06,5.06,5.06,5.06,5.06,5.06,5.06,5.06,5.06,5.06,5.06,5.06,5.06,5.06,5.06,5.06,5.06,5.06,5.06,6.0,5.8027606,DL,Premiere League
Coufal Vladimír,4.79,4.63,4.5,4.5,4.5,5.0,5.0,3.5,4.79,4.5,4.79,4.79,6.0,4.79,5.5,4.79,4.79,4.79,4.0,4.0,5.0,6.0,4.79,4.5,4.5,4.0,4.79,4.79,4.79,4.79,4.79,4.79,4.5,4.79,5.0,4.0,5.0,3.5,4.5,5.0,5.798968,DL,Premiere League
Augustinsson Ludwig,5.33,4.96,5.33,5.33,5.33,5.33,5.33,5.33,5.33,5.33,5.0,5.33,5.33,5.33,5.33,5.33,5.33,5.0,5.33,5.33,5.33,5.33,5.33,5.33,5.33,4.5,4.5,5.33,5.0,5.0,5.0,5.0,5.0,5.0,5.33,5.33,5.33,5.33,5.33,6.0,5.66612,DL,Premiere League
Ayling Luke,4.92,4.41,4.92,4.92,4.92,4.92,4.92,6.0,4.92,4.92,4.5,5.0,4.92,4.92,3.5,5.5,5.0,4.0,5.0,5.0,4.0,6.0,4.92,5.0,3.0,3.5,3.0,3.0,5.5,4.92,7.0,4.5,4.5,4.92,5.0,2.0,3.0,4.92,4.92,5.5,5.5725746,DL,Premiere League
Shaw Luke,5.03,5.06,4.0,3.0,5.03,5.03,5.03,5.03,5.0,5.03,4.0,5.0,5.0,6.0,6.5,5.0,3.5,5.5,6.5,6.0,5.0,3.5,5.03,5.03,5.0,4.5,5.5,5.0,5.03,5.03,5.03,5.0,5.03,5.03,5.03,5.03,5.03,5.03,5.03,7.0,5.4754457,DL,Premiere League
James Reece,5.5,5.53,6.5,6.0,3.5,7.0,5.5,6.0,5.5,5.5,5.0,5.0,5.5,5.5,5.5,5.5,5.5,5.5,5.0,5.5,5.5,5.5,5.5,5.5,5.5,4.0,5.5,7.0,8.0,5.5,5.5,4.5,5.0,7.0,5.5,5.0,4.0,7.0,5.5,5.5,5.464615,DL,Premiere League
Diogo Dalot,5.07,5.11,4.0,3.0,5.0,7.0,6.0,5.0,5.07,5.07,3.0,5.5,5.5,6.5,5.0,6.5,3.5,5.07,5.07,5.07,5.07,5.07,4.5,6.0,5.0,5.0,5.07,5.07,5.07,6.0,4.0,5.0,5.07,4.5,4.5,6.0,4.5,5.0,4.5,5.5,5.336578,DL,Premiere League
Lamptey Tariq,4.88,5.03,5.0,5.0,4.88,5.0,5.0,5.0,4.88,4.88,5.0,5.0,4.88,5.0,5.0,4.5,4.88,5.0,5.0,3.5,5.0,5.0,5.5,6.0,6.0,7.0,3.5,4.0,4.5,5.0,5.0,4.5,4.5,5.5,4.88,5.0,5.0,5.0,5.5,5.0,5.286685,DL,Premiere League
Malacia Tyrell,5.08,5.08,5.0,5.0,5.0,6.0,4.5,5.0,5.08,5.08,3.5,5.08,5.08,5.08,5.08,5.08,5.0,5.0,5.5,6.0,5.5,5.08,5.08,5.08,5.08,5.08,5.08,5.08,5.08,5.08,5.08,5.08,5.08,5.08,5.08,5.08,5.08,5.08,5.08,5.08,5.277381,DL,Premiere League
Tomiyasu Takehiro,5.03,4.98,5.03,5.0,5.0,5.0,5.0,5.0,5.03,5.0,5.0,5.0,5.0,5.03,5.0,5.5,5.03,5.03,5.03,4.5,5.0,5.5,4.5,5.03,5.03,5.03,5.03,5.03,5.03,5.03,5.03,5.03,5.03,5.03,5.0,5.0,5.0,4.5,5.03,5.0,5.276758,DL,Premiere League
Emerson,4.83,4.93,4.83,4.83,4.83,5.0,5.0,4.0,4.83,5.0,5.0,4.5,5.0,4.83,4.83,4.83,4.83,4.83,4.83,4.5,4.83,5.5,4.83,5.0,6.0,4.5,5.0,6.5,3.0,4.83,4.0,4.83,5.0,5.0,4.83,6.5,4.0,4.83,5.0,4.83,5.2482615,DL,Premiere League
Álex Moreno,5.0,5.15,5.0,5.0,5.0,5.0,5.0,5.0,5.0,5.0,5.0,5.0,5.0,5.0,5.0,5.0,5.0,5.0,5.0,5.0,5.0,5.0,5.5,5.0,5.0,6.0,4.0,5.0,5.0,5.0,7.5,5.0,5.5,5.0,5.0,4.5,5.5,5.5,5.0,5.0,5.245281,DL,Premiere League
Chilwell Ben,5.17,5.15,5.0,5.17,5.0,5.0,5.0,7.0,5.17,5.17,5.0,5.17,5.0,5.17,4.5,5.0,5.17,5.17,5.17,5.17,5.17,5.17,5.17,5.17,5.17,5.17,5.17,5.17,5.17,5.17,5.17,5.17,5.17,5.17,5.17,5.17,5.17,5.17,5.0,5.17,5.218776,DL,Premiere League
Nélson Semedo,4.75,4.87,4.75,5.0,5.0,6.0,5.0,4.75,4.75,5.0,4.0,4.0,5.0,4.0,4.5,5.0,3.0,5.0,5.0,5.0,6.5,4.0,5.0,5.5,5.0,5.0,4.5,4.75,4.75,4.75,4.75,4.75,4.75,4.75,5.0,5.0,4.75,4.75,4.75,4.5,5.186829,DL,Premiere League
Williams Neco,4.7,4.7,4.5,7.0,5.0,4.0,3.0,3.0,4.7,3.5,3.5,5.0,5.0,5.5,5.0,5.0,5.0,5.0,5.0,5.0,5.0,5.0,4.7,4.7,4.7,4.7,4.7,4.7,4.7,4.7,4.7,4.7,4.7,4.7,4.7,4.7,4.7,4.7,4.7,5.0,5.1822925,DL,Premiere League
Krafth Emil,5.0,5.13,5.0,5.0,5.0,5.0,5.0,5.0,5.0,5.0,5.0,5.0,5.0,5.0,5.0,5.0,5.0,5.0,5.0,5.0,5.0,5.0,5.0,5.0,5.0,5.0,5.0,6.0,5.5,5.0,5.5,5.0,5.5,6.0,5.0,4.5,3.5,6.0,5.0,5.0,5.148595,DL,Premiere League
Biancone Giulian,5.0,5.19,5.0,5.0,5.0,5.0,5.0,5.0,5.0,5.0,5.0,5.0,5.0,5.0,5.0,5.0,5.0,5.0,5.0,5.0,5.0,5.0,5.0,5.5,4.0,5.0,4.5,6.0,5.0,5.0,6.0,4.5,5.0,5.5,5.5,6.0,5.5,5.0,5.0,5.0,5.146584,DL,Premiere League
Wan-Bissaka Aaron,5.29,4.89,5.29,5.29,5.0,5.29,5.29,5.29,5.0,5.29,5.29,5.29,5.29,5.29,5.29,5.29,5.29,5.29,5.5,5.5,6.0,4.5,5.29,5.29,5.29,5.29,5.0,5.0,3.0,5.29,4.0,5.29,5.0,5.29,5.29,5.29,5.29,5.29,5.29,5.5,5.1329446,DL,Premiere League
Targett Matt,5.05,5.09,6.5,5.05,5.05,5.0,5.5,5.0,5.05,3.5,5.0,5.0,5.0,5.05,5.05,5.0,5.05,5.0,5.05,5.05,5.05,5.05,5.05,5.05,5.0,5.05,5.0,7.0,5.0,5.0,6.0,3.0,4.5,6.0,5.0,5.0,3.0,6.5,6.0,5.05,5.1276035,DL,Premiere League
Tierney Kieran,5.0,5.16,5.0,5.0,5.0,4.5,4.5,5.0,5.0,6.0,5.0,5.0,5.0,5.0,5.0,5.0,5.0,5.0,5.5,4.5,5.0,5.0,5.0,5.5,5.5,5.0,5.0,4.5,4.5,6.0,6.0,5.0,5.0,5.0,5.0,5.0,5.0,5.0,5.0,5.0,5.104821,DL,Premiere League
Davies Ben,4.88,5.05,5.5,5.0,5.5,6.0,4.5,4.88,3.5,4.88,4.88,5.5,5.5,4.0,5.0,5.0,4.0,6.0,5.0,3.0,5.0,4.88,6.0,3.0,5.0,4.0,6.0,7.0,6.0,3.0,5.0,6.0,5.0,4.5,5.5,5.5,5.0,5.5,6.0,5.0,5.0986166,DL,Premiere League
Schlupp Jeffrey,5.08,5.4,4.5,6.0,5.5,4.0,4.5,5.5,6.0,5.08,4.5,5.0,5.5,6.0,4.5,5.5,5.5,4.5,3.5,6.0,5.0,5.0,6.0,5.5,5.08,5.0,5.0,6.0,7.0,5.0,5.5,6.0,6.0,5.5,5.0,6.0,5.0,6.5,6.0,5.0,5.0733175,DL,Premiere League
Emerson Royal,5.0,5.19,7.0,4.5,6.0,5.5,5.5,5.5,5.5,5.0,3.0,5.0,5.0,5.0,4.5,4.5,4.0,4.5,5.0,5.0,5.0,5.0,6.0,5.0,3.5,5.0,6.0,5.0,5.0,5.0,5.0,6.5,6.0,4.0,5.0,5.0,6.0,5.5,5.5,5.0,5.0351353,DL,Premiere League
Hall Lewis,4.7,4.7,4.7,4.7,4.7,4.7,4.7,4.7,5.0,4.7,4.7,4.7,4.7,4.7,4.7,4.7,4.7,4.0,4.7,4.7,4.5,5.0,4.7,4.7,4.7,4.7,4.7,4.7,4.7,4.7,4.7,4.7,4.7,4.7,4.7,4.7,4.7,4.7,4.7,5.0,5.0069222,DL,Premiere League
Gómez Sergio,5.0,5.0,5.0,5.0,5.0,5.0,5.0,5.0,5.0,5.0,5.5,4.5,5.0,5.0,5.0,5.0,5.0,5.0,5.0,5.0,5.0,5.0,5.0,5.0,5.0,5.0,5.0,5.0,5.0,5.0,5.0,5.0,5.0,5.0,5.0,5.0,5.0,5.0,5.0,5.0,5.006853,DL,Premiere League
Ritchie Matt,5.0,5.0,5.0,5.0,5.0,5.0,5.0,5.0,5.0,5.0,5.0,5.0,5.0,5.0,5.0,5.0,5.0,5.0,5.0,5.0,5.0,5.0,5.0,5.0,5.0,5.0,5.0,5.0,5.0,5.0,5.0,5.0,5.0,5.0,5.0,5.0,5.0,5.0,5.0,5.0,5.003771,DL,Premiere League
Lewis Jamal,5.0,5.0,5.0,5.0,5.0,5.0,5.0,5.0,5.0,5.0,5.0,5.0,5.0,5.0,5.0,5.0,5.0,5.0,5.0,5.0,5.0,5.0,5.0,5.0,5.0,5.0,5.0,5.0,5.0,5.0,5.0,5.0,5.0,5.0,5.0,5.0,5.0,5.0,5.0,5.0,5.003771,DL,Premiere League
Lembikisa Dexter,5.0,5.0,5.0,5.0,5.0,5.0,5.0,5.0,5.0,5.0,5.0,5.0,5.0,5.0,5.0,5.0,5.0,5.0,5.0,5.0,5.0,5.0,5.0,5.0,5.0,5.0,5.0,5.0,5.0,5.0,5.0,5.0,5.0,5.0,5.0,5.0,5.0,5.0,5.0,5.0,5.003771,DL,Premiere League
Rúben Vinagre,5.0,5.0,5.0,5.0,5.0,5.0,5.0,5.0,5.0,5.0,5.0,5.0,5.0,5.0,5.0,5.0,5.0,5.0,5.0,5.0,5.0,5.0,5.0,5.0,5.0,5.0,5.0,5.0,5.0,5.0,5.0,5.0,5.0,5.0,5.0,5.0,5.0,5.0,5.0,5.0,5.003771,DL,Premiere League
Spence Djed,5.0,5.0,5.0,5.0,5.0,5.5,5.0,5.0,5.0,5.0,5.0,5.0,5.0,5.0,5.0,5.0,5.0,5.0,5.0,4.5,5.0,5.0,5.0,5.0,5.0,5.0,5.0,5.0,5.0,5.0,5.0,5.0,5.0,5.0,5.0,5.0,5.0,5.0,5.0,5.0,5.0029697,DL,Premiere League
Juan Larios,5.0,5.0,5.0,5.0,5.0,5.0,5.0,5.0,5.0,4.5,4.5,5.0,5.0,5.0,5.0,5.0,6.0,5.0,5.0,5.0,5.0,5.0,5.0,5.0,5.0,5.0,5.0,5.0,5.0,5.0,5.0,5.0,5.0,5.0,5.0,5.0,5.0,5.0,5.0,5.0,4.991169,DL,Premiere League
Henry Rico,4.76,4.91,5.0,6.5,3.5,4.5,5.0,4.5,4.76,3.5,5.0,3.0,6.0,5.0,3.5,5.0,4.0,6.5,5.0,5.0,4.76,4.5,4.76,5.0,5.0,6.0,5.0,3.5,4.76,5.5,4.0,6.0,6.5,5.0,5.0,3.0,6.0,6.5,5.0,5.5,4.990748,DL,Premiere League
Toffolo Harry,4.85,4.85,4.0,5.5,5.5,4.5,5.0,4.85,4.85,4.85,4.85,5.0,3.5,5.0,4.85,4.85,4.85,4.85,5.5,4.85,4.85,4.85,4.85,4.85,4.85,4.85,4.85,4.85,4.85,4.85,4.85,4.85,4.85,4.85,4.85,4.85,4.85,4.85,4.85,5.0,4.9820104,DL,Premiere League
Maitland-Niles Ainsley,5.0,4.91,5.0,5.0,5.0,5.0,5.0,5.0,5.0,5.0,4.0,5.0,5.5,6.0,5.0,6.0,3.5,5.0,5.5,4.5,5.0,5.0,5.5,5.5,4.5,5.0,5.0,5.0,5.0,5.0,5.0,5.0,5.0,5.0,5.0,5.0,5.0,4.5,5.0,5.0,4.958134,DL,Premiere League
Kristensen Rasmus,4.86,4.86,5.5,4.0,5.5,5.0,5.0,4.86,4.86,4.86,5.0,4.0,5.0,4.5,4.86,6.0,4.5,4.5,4.5,5.0,4.86,4.86,4.86,4.86,4.86,4.86,4.86,4.86,4.86,4.86,4.86,4.86,4.86,4.86,4.86,4.86,4.86,4.86,4.86,4.86,4.947903,DL,Premiere League
Johnson Ben,4.88,4.87,5.0,4.5,5.0,5.0,4.88,4.88,4.88,4.88,4.88,4.88,4.5,5.0,5.0,4.88,4.88,4.88,4.88,4.88,4.88,5.0,4.88,4.88,4.88,4.88,5.0,5.5,5.0,4.5,3.5,4.88,4.88,5.0,5.5,4.88,4.88,5.0,5.0,4.88,4.940765,DL,Premiere League
Trippier Kieran,6.0,5.91,6.0,5.0,6.0,5.5,5.0,6.5,6.0,5.0,7.0,7.0,5.5,6.5,7.0,7.0,7.0,5.5,7.5,5.0,4.5,5.5,4.5,6.0,7.0,7.0,6.0,6.0,6.0,6.0,6.0,6.0,6.0,6.0,6.0,6.0,4.5,6.0,5.5,6.0,4.9239864,DL,Premiere League
Cédric Soares,5.0,4.97,5.0,5.0,5.0,5.0,5.0,5.0,5.0,5.0,5.0,5.0,5.0,5.0,5.0,5.0,5.0,5.0,5.0,5.0,5.0,5.0,3.0,5.0,5.5,5.5,5.0,4.5,4.5,6.0,5.5,3.5,4.5,5.0,4.5,5.0,5.0,4.5,8.0,5.0,4.917523,DL,Premiere League
Roerslev Mads,4.96,4.79,4.96,6.0,4.96,4.96,4.96,4.96,4.96,4.96,4.96,4.96,5.0,5.0,4.0,5.0,4.5,5.0,4.0,6.0,5.0,5.5,4.96,4.0,3.0,4.96,4.96,4.96,4.96,4.96,5.0,6.0,5.0,4.96,6.0,3.5,4.96,5.0,4.96,4.5,4.9146976,DL,Premiere League
Manquillo Javier,5.0,4.78,5.0,5.0,5.0,5.0,5.0,5.0,5.0,5.0,5.0,5.0,5.0,5.0,5.0,5.0,5.0,5.0,5.0,5.0,5.0,5.0,5.0,5.5,5.0,5.0,5.0,5.0,5.0,5.0,5.0,3.0,5.0,5.0,5.0,5.0,5.0,5.0,5.0,5.0,4.9051437,DL,Premiere League
Aït-Nouri Rayan,4.87,4.91,3.5,4.0,4.5,4.87,5.0,5.5,4.87,4.5,4.5,4.5,5.5,4.87,4.87,4.87,5.0,4.87,7.0,5.0,4.5,5.0,7.5,5.0,5.0,5.5,4.5,4.87,4.87,4.87,3.5,4.87,5.0,3.0,4.87,3.5,5.5,6.5,4.5,5.0,4.8688736,DL,Premiere League
Zemura Jordan,4.5,4.5,6.0,4.5,3.0,3.0,5.0,5.0,4.5,6.5,5.0,4.5,5.5,4.5,4.0,3.0,4.5,5.0,4.0,3.0,4.5,5.0,4.5,4.5,4.5,4.5,4.5,4.5,4.5,4.5,4.5,4.5,4.5,4.5,4.5,4.5,4.5,4.5,4.5,4.5,4.8515973,DL,Premiere League
Mitchell Tyrick,4.78,4.99,4.0,5.0,6.5,4.5,5.0,5.0,5.5,4.78,4.0,4.5,5.0,4.5,3.5,6.0,5.0,5.0,3.5,4.78,4.0,5.5,5.0,4.0,4.78,5.0,5.5,5.0,7.0,6.0,4.5,6.0,5.0,4.0,4.78,4.78,5.0,5.0,5.0,4.78,4.831328,DL,Premiere League
Walker Kyle,5.0,5.06,5.5,6.0,3.0,4.5,6.5,5.0,5.0,5.0,5.0,5.0,5.0,5.0,5.0,5.0,5.0,5.0,5.0,5.0,4.5,5.0,5.0,5.0,5.0,7.0,4.0,5.0,5.0,4.5,5.0,6.0,4.5,5.0,5.0,5.0,5.0,5.0,5.0,5.0,4.8186684,DL,Premiere League
Zinchenko Oleksandr,5.42,5.43,6.0,5.5,6.0,5.42,5.42,4.0,5.42,5.42,6.0,5.42,5.42,5.42,5.42,5.42,5.5,5.0,5.5,6.0,6.0,4.5,5.42,5.42,5.42,6.0,5.42,5.42,5.42,5.42,5.0,5.42,5.42,4.5,6.0,5.0,6.5,5.0,7.0,5.0,4.8171015,DL,Premiere League
Justin James,4.75,4.87,4.5,3.5,4.0,5.0,5.0,2.5,4.75,3.0,6.0,4.5,5.0,6.0,6.0,5.5,6.0,4.75,4.75,4.75,4.75,4.75,4.75,5.0,4.5,5.0,4.75,4.75,4.75,5.0,6.0,5.0,5.0,3.5,5.0,4.75,4.75,5.0,5.0,4.75,4.79144,DL,Premiere League
Kurzawa Layvin,4.5,4.5,4.5,4.5,4.5,4.5,4.5,4.5,4.5,4.5,4.0,4.5,4.5,4.5,4.5,4.5,4.5,4.5,4.5,4.5,5.0,4.5,4.5,4.5,4.5,4.5,4.5,4.5,4.5,4.5,4.5,4.5,4.5,4.5,4.5,4.5,4.5,4.5,4.5,4.5,4.789496,DL,Premiere League
Ashley Young Ashley,5.09,5.09,5.09,5.0,5.09,5.09,5.09,5.0,5.09,5.0,6.0,7.0,4.5,4.0,6.0,3.0,5.0,5.0,4.0,7.0,5.0,5.0,5.09,5.09,5.0,5.09,5.0,4.5,6.5,5.0,4.5,5.0,5.0,5.09,6.0,5.09,5.0,5.09,4.5,5.0,4.7865205,DL,Premiere League
Cresswell Aaron,5.0,4.93,5.0,4.5,4.0,6.0,5.5,5.0,5.0,5.0,6.0,5.0,6.0,5.5,6.5,5.0,3.5,4.5,3.5,4.5,5.0,5.0,5.0,4.0,5.0,3.5,6.0,6.0,5.0,5.0,3.5,6.5,4.5,5.0,5.0,3.5,6.0,4.5,4.5,5.0,4.776654,DL,Premiere League
Mbabu Kevin,4.75,4.75,4.75,5.0,6.5,5.0,4.75,3.0,4.75,4.75,4.0,4.75,4.75,4.75,4.75,4.75,5.0,4.75,4.75,4.75,4.75,4.75,4.75,4.75,4.75,4.75,4.75,4.75,4.75,4.75,4.75,4.75,4.75,4.75,4.75,4.75,4.75,4.75,4.75,4.75,4.723634,DL,Premiere League
Digne Lucas,4.79,5.0,4.0,3.5,3.0,5.0,4.0,5.5,4.79,6.0,4.79,4.79,4.79,4.79,4.79,5.0,7.0,5.0,4.0,5.5,4.5,4.79,4.5,6.5,5.0,4.0,5.0,5.5,4.79,5.0,4.79,5.0,3.0,4.5,4.79,5.5,6.5,6.5,5.5,5.0,4.714915,DL,Premiere League
Firpo Junior,4.17,4.29,4.17,4.17,4.17,4.17,4.17,4.17,4.17,4.17,4.5,4.17,4.17,3.0,4.17,4.17,4.17,4.17,4.17,4.17,5.0,4.17,4.17,4.17,4.17,4.17,4.0,3.0,4.5,4.17,4.17,4.17,4.17,4.5,4.17,3.5,5.0,5.0,5.0,4.17,4.6870155,DL,Premiere League
Fredericks Ryan,4.63,4.64,4.63,4.63,4.63,4.63,5.0,5.0,4.63,4.63,4.63,4.5,5.0,4.5,4.5,4.5,4.0,4.63,4.63,4.63,4.63,4.63,4.63,5.0,4.63,5.0,4.0,4.63,4.63,5.0,4.63,5.0,4.63,4.63,4.63,4.0,4.63,4.63,4.63,4.63,4.6821027,DL,Premiere League
Lewis Rico,4.94,4.94,4.94,5.0,4.94,4.94,5.5,4.94,5.0,4.94,4.94,4.5,4.94,4.94,4.94,4.94,4.94,4.94,5.0,5.0,4.94,5.0,4.94,4.94,4.94,4.94,4.94,4.94,4.94,4.94,4.94,4.94,4.94,4.94,4.94,4.94,4.94,4.94,4.94,4.5,4.6691837,DL,Premiere League
Hickey Aaron,4.72,4.7,3.5,6.0,4.5,5.0,6.0,5.0,4.72,4.5,5.0,3.0,4.72,4.72,4.72,4.72,4.72,4.72,4.72,4.72,4.72,4.72,4.72,4.5,4.72,3.5,6.0,5.0,5.5,5.0,4.5,5.0,5.0,4.5,5.0,4.5,3.5,3.5,5.0,4.72,4.6385574,DL,Premiere League
Jonny,4.54,4.69,4.0,5.5,5.0,5.0,5.0,6.0,4.54,3.0,3.5,4.0,5.0,4.54,4.0,4.54,4.0,4.54,4.54,5.0,4.54,4.54,4.54,4.54,4.54,4.54,4.54,4.54,5.0,5.0,5.0,7.0,5.5,2.5,5.0,4.0,4.5,4.5,4.5,4.54,4.612419,DL,Premiere League
Walker-Peters Kyle,4.34,4.64,4.0,5.0,5.0,5.0,4.5,5.0,4.34,4.5,3.5,3.5,4.5,5.0,4.34,4.34,4.34,4.34,3.0,3.5,4.5,4.0,4.34,6.0,5.0,5.5,7.0,7.0,5.0,5.0,4.5,5.5,2.5,5.5,5.0,4.5,4.0,4.0,3.0,5.0,4.6074123,DL,Premiere League
Thomas Luke,4.5,4.5,4.5,4.5,4.5,4.5,5.0,2.5,4.5,4.5,4.5,4.5,4.5,4.5,5.0,4.5,4.5,5.5,4.5,4.5,4.0,4.5,5.0,5.0,4.0,5.0,4.0,3.5,5.5,4.5,4.5,4.5,5.0,3.0,4.5,4.0,4.5,4.5,4.5,5.0,4.5952687,DL,Premiere League
Tsimikas Konstantinos,5.04,5.03,5.04,5.0,5.0,7.0,5.0,6.0,5.04,5.04,4.0,4.0,5.0,5.0,5.04,5.04,5.04,5.0,5.04,5.0,5.04,5.04,5.04,5.04,5.04,5.04,5.04,5.04,5.04,5.04,5.04,5.04,5.04,5.5,5.04,5.04,5.0,5.5,5.04,4.5,4.586718,DL,Premiere League
Azpilicueta César,5.0,4.9,6.0,4.5,5.0,6.0,4.0,5.0,4.5,5.0,5.0,5.0,5.5,6.0,4.5,5.0,5.0,4.5,5.0,5.0,5.0,5.0,5.0,5.5,5.5,4.0,5.0,5.5,5.0,5.0,5.0,3.0,5.0,5.0,6.0,4.0,3.5,5.0,5.5,4.5,4.577626,DL,Premiere League
Stacey Jack,4.61,4.61,4.61,3.0,4.61,4.61,4.61,5.0,4.61,5.5,4.61,5.0,5.0,4.61,4.61,4.61,5.0,4.61,4.0,4.61,4.0,4.61,4.61,4.61,4.61,4.61,4.61,4.61,4.61,4.61,4.61,4.61,4.61,4.61,4.61,4.61,4.61,4.61,4.61,5.0,4.5639887,DL,Premiere League
Coleman Séamus,5.04,4.97,5.04,5.04,5.04,5.04,5.04,5.04,5.04,5.04,5.0,5.0,5.0,4.5,5.5,5.5,5.0,5.5,5.04,5.5,4.5,4.5,4.0,5.04,4.5,7.0,4.5,5.0,3.0,4.5,5.0,5.04,6.0,5.0,4.5,6.0,5.5,3.5,5.04,5.0,4.469553,DL,Premiere League
Smith Adam,4.58,4.58,5.0,3.0,4.0,3.0,5.0,5.0,4.58,5.0,5.0,5.0,5.0,5.0,4.5,5.0,4.0,6.5,4.0,4.0,4.58,5.0,4.58,4.58,4.58,4.58,4.58,4.58,4.58,4.58,4.58,4.58,4.58,4.58,4.58,4.58,4.58,4.58,4.58,4.0,4.463443,DL,Premiere League
Cucurella Marc,4.97,5.18,5.0,5.0,3.0,5.5,5.0,4.5,5.0,4.97,4.97,5.5,5.0,6.0,5.0,3.5,4.5,5.0,6.5,6.0,4.97,5.0,5.5,5.0,5.5,5.5,4.0,4.0,5.0,5.5,3.5,5.5,6.0,7.0,5.0,6.0,7.5,6.0,6.0,4.5,4.3810635,DL,Premiere League
Kehrer Thilo,4.43,4.8,4.43,4.43,3.5,5.5,4.0,3.5,4.43,4.5,6.0,5.0,5.0,4.5,5.5,5.0,3.0,4.0,3.5,4.43,4.43,4.43,5.0,5.0,5.0,3.5,4.5,5.0,5.0,4.43,5.5,5.0,4.43,6.0,4.43,5.0,4.43,5.0,5.0,4.0,4.1381736,DL,Premiere League
Robertson Andrew,5.09,5.45,4.0,4.5,4.0,6.0,5.0,5.5,5.09,5.09,5.09,5.09,6.0,5.0,4.5,5.5,5.0,6.0,7.0,5.0,4.0,5.0,5.09,7.0,6.0,5.5,5.09,7.5,5.5,5.0,6.0,5.0,4.0,5.09,7.0,5.5,4.5,5.09,7.0,4.5,4.11654,DL,Premiere League
Castagne Timothy,4.76,4.91,5.5,3.0,3.5,5.0,4.76,4.5,4.76,3.0,6.0,5.0,5.0,5.5,7.0,5.0,5.5,5.0,4.5,4.5,3.5,4.5,4.76,4.76,4.76,4.76,4.76,5.0,4.76,4.76,7.0,5.0,5.0,4.76,5.0,4.0,5.0,4.5,5.0,5.0,4.1007714,DL,Premiere League
João Cancelo,5.21,5.17,6.5,5.5,4.5,4.5,7.0,5.0,5.21,7.0,4.5,8.0,4.5,5.21,5.0,5.5,3.0,4.5,5.0,5.21,3.5,5.21,5.5,5.0,7.0,5.21,4.5,5.0,5.5,5.0,5.0,5.0,5.0,6.0,4.5,7.0,6.0,4.0,4.5,5.0,4.0988975,DL,Premiere League
Drameh Cody,4.0,4.0,4.0,4.0,4.0,4.0,4.0,4.0,4.0,4.0,4.0,4.0,4.0,4.0,4.0,4.0,4.0,4.0,4.0,4.0,4.0,4.0,4.0,4.0,4.0,4.0,4.0,4.0,4.0,4.0,4.0,4.0,4.0,4.0,4.0,4.0,4.0,4.0,4.0,4.0,3.9776874,DL,Premiere League
Clyne Nathaniel,4.64,4.91,4.0,4.5,4.64,3.5,5.0,5.0,5.0,4.64,4.5,4.64,4.64,4.64,4.64,4.64,5.0,4.5,5.0,6.0,4.5,5.0,4.64,4.64,4.64,4.64,5.0,5.0,6.0,5.0,4.5,6.0,4.5,3.0,5.0,6.5,5.0,5.0,6.0,3.5,3.9149222,DL,Premiere League
Perraud Romain,4.72,4.63,5.0,4.72,4.72,5.0,6.0,5.0,4.72,4.5,5.0,3.0,6.0,6.5,5.0,5.0,5.0,4.5,2.5,4.0,5.0,4.0,4.0,4.5,4.5,5.5,4.72,4.72,3.0,3.0,3.5,4.72,4.72,5.5,5.0,4.0,4.5,4.72,4.72,4.0,3.8301873,DL,Premiere League
Ward Joel,4.72,4.72,4.72,5.0,5.0,3.0,5.0,5.0,4.72,4.72,4.0,5.0,5.5,5.0,3.0,6.5,4.72,5.0,4.5,6.0,4.72,5.0,4.5,3.0,4.72,5.0,4.72,4.72,4.72,4.72,4.72,4.72,4.0,4.72,5.0,5.0,5.5,4.72,6.0,3.0,3.586723,DL,Premiere League
Patterson Nathan,4.77,4.77,5.0,5.0,5.0,5.5,5.0,5.0,4.77,6.0,4.77,4.77,4.77,4.77,4.77,4.5,4.5,4.0,4.5,5.0,4.77,4.77,4.77,4.77,4.77,4.77,4.77,4.77,4.77,4.77,4.77,4.77,4.77,4.77,4.77,4.77,4.77,4.77,4.77,3.0,3.454489,DL,Premiere League
Alexander-Arnold Trent,4.97,5.06,4.0,5.0,4.0,8.0,5.0,5.0,4.97,4.97,4.0,4.0,5.0,5.0,5.5,4.5,5.0,6.0,6.0,6.0,3.5,5.0,4.97,4.5,5.0,4.5,4.97,6.0,7.0,5.5,5.0,4.97,5.0,5.0,4.5,4.97,5.0,4.97,5.5,4.0,3.2423868,DL,Premiere League
Mykolenko Vitaliy,4.78,4.86,4.5,4.5,4.5,5.0,5.0,5.0,4.78,6.0,5.0,5.0,4.0,4.5,6.0,6.0,4.5,4.5,4.5,5.5,4.5,4.0,5.0,4.78,4.78,4.78,4.78,4.78,5.0,5.0,5.0,4.0,6.5,5.0,4.5,5.0,6.5,4.0,4.78,3.0,2.9467363,DL,Premiere League
