Joueur,Note,Note 1 an,j1,j2,j3,j4,j5,j6,j7,j8,j9,j10,j11,j12,j13,j14,j15,j16,j17,j18,j20,j21,j22,j23,j24,j25,j26,j27,j28,j29,j30,j31,j32,j33,j34,j35,j36,j37,j38,j19,prediction_label,Poste,Championnat,Terrain
Pacheco Fernando,6.0,4.94,6.0,6.0,6.0,6.0,6.0,6.0,6.0,6.0,6.0,6.0,6.0,6.0,6.0,6.0,6.0,6.0,6.0,6.0,6.0,2.5,5.5,3.5,6.0,5.5,4.0,6.0,5.5,3.5,4.5,7.0,7.0,4.0,6.0,3.0,5.5,4.0,6.0,6.0,6.1853757,G,Liga,G
Ledesma Jeremías,5.75,5.74,6.5,4.0,4.0,3.5,3.0,8.0,7.0,5.5,6.5,6.5,4.0,6.0,6.0,5.0,8.0,6.5,6.0,7.5,4.5,6.0,8.0,4.5,6.0,4.5,6.0,7.0,4.0,6.0,6.0,4.0,8.0,6.0,6.0,6.0,4.0,6.5,6.0,5.5,6.046656,G,Liga,G
Pepe Reina,5.88,5.88,5.88,5.88,5.88,5.88,5.88,5.88,5.88,5.88,5.88,5.88,5.88,5.88,5.88,5.88,6.0,5.5,6.0,6.0,5.88,5.88,5.88,5.88,5.88,5.88,5.88,5.88,5.88,5.88,5.88,5.88,5.88,5.88,5.88,5.88,5.88,5.88,5.88,5.88,5.9260283,G,Liga,G
ter Stegen Marc-André,5.68,5.64,6.0,6.5,6.0,7.0,6.0,5.5,6.0,6.0,3.5,5.5,5.0,6.0,5.5,5.5,4.5,6.0,5.68,6.0,5.68,4.0,6.0,5.0,4.5,6.0,6.0,5.68,5.68,7.0,6.0,7.0,5.5,7.0,5.0,5.68,4.5,6.0,4.0,6.0,5.8544283,G,Liga,G
Lunin Andriy,5.75,5.92,5.75,5.75,5.75,5.75,5.75,5.75,4.5,6.0,6.0,6.5,5.75,5.75,5.75,5.75,5.75,5.75,5.75,5.75,5.75,5.75,5.75,5.75,5.75,5.75,5.75,5.75,5.75,5.75,5.75,5.75,5.75,5.75,5.75,5.0,5.75,7.5,5.75,5.75,5.8457785,G,Liga,G
Soria David,5.42,5.36,3.5,3.0,7.5,1.5,6.0,7.0,4.5,6.0,7.5,4.5,6.0,8.5,6.5,5.0,5.5,5.0,4.0,6.0,3.5,4.0,6.5,6.0,4.5,5.0,4.5,3.5,5.5,8.0,6.0,6.0,5.0,6.0,7.0,6.0,4.5,5.5,4.0,5.42,5.819834,G,Liga,G
Martínez Fernando,5.81,5.81,8.0,6.0,6.5,6.0,5.5,5.0,3.0,6.0,4.0,7.0,5.81,5.5,8.0,6.0,6.0,4.0,6.5,5.81,5.81,5.81,5.81,5.81,5.81,5.81,5.81,5.81,5.81,5.81,5.81,5.81,5.81,5.81,5.81,5.81,5.81,5.81,5.81,5.81,5.814799,G,Liga,G
Masip Jordi,5.77,5.77,5.77,5.77,5.0,5.77,5.77,5.77,7.0,6.0,5.0,7.0,6.0,6.5,5.0,4.0,6.0,5.5,7.0,5.0,5.77,5.77,5.77,5.77,5.77,5.77,5.77,5.77,5.77,5.77,5.77,5.77,5.77,5.77,5.77,5.77,5.77,5.77,5.77,5.77,5.761807,G,Liga,G
Bravo Claudio,5.83,5.38,5.83,5.83,5.83,5.83,5.83,5.83,5.83,5.83,5.83,6.5,5.83,5.83,6.0,5.83,5.83,5.83,5.83,5.0,5.83,5.5,6.0,5.83,5.83,5.83,3.0,4.0,5.83,6.0,5.5,5.5,6.0,5.83,6.0,5.0,5.83,5.83,5.83,5.83,5.756668,G,Liga,G
Rajkovic Predrag,5.56,5.74,8.0,4.5,6.0,5.5,3.5,6.0,5.0,4.5,4.0,6.5,6.0,5.0,6.0,7.0,4.5,6.0,5.5,6.5,5.56,6.0,4.0,6.0,6.0,6.5,6.5,6.0,7.0,6.0,6.0,5.0,6.5,6.5,5.0,7.0,4.5,7.0,5.0,5.56,5.7093086,G,Liga,G
Gazzaniga Paulo,5.69,5.69,5.69,5.69,5.69,5.69,5.69,5.69,5.69,5.69,5.69,5.69,5.0,6.5,6.5,5.5,4.5,4.5,5.0,8.0,5.69,5.69,5.69,5.69,5.69,5.69,5.69,5.69,5.69,5.69,5.69,5.69,5.69,5.69,5.69,5.69,5.69,5.69,5.69,5.69,5.6726384,G,Liga,G
Dmitrovic Marko,5.67,5.64,5.67,5.67,5.67,5.67,5.67,6.0,5.67,5.5,5.67,5.67,5.67,5.5,5.67,5.67,5.67,5.67,5.67,5.67,6.0,5.67,4.5,5.67,5.67,5.67,5.67,5.67,5.67,6.0,5.67,5.67,5.67,5.67,5.67,5.67,5.67,5.67,6.0,5.67,5.628882,G,Liga,G
Rui Silva,5.82,5.73,5.5,7.5,6.5,4.5,6.0,5.0,6.0,6.5,6.0,5.82,4.0,8.0,5.82,4.5,6.0,5.5,5.82,5.82,6.5,5.82,5.82,4.0,4.0,4.5,5.82,5.82,7.0,5.82,5.82,5.82,5.82,4.5,5.82,5.0,7.0,6.5,7.0,5.82,5.563269,G,Liga,G
Bounou Yassine,5.44,5.47,5.0,5.0,4.5,3.5,5.5,5.0,5.0,5.44,7.0,7.0,4.0,5.44,6.0,7.0,6.0,5.0,6.0,5.5,5.44,5.44,5.44,5.44,6.0,5.0,5.0,5.44,5.0,5.44,6.5,5.5,4.0,6.0,5.0,6.5,6.0,5.0,5.44,6.0,5.5570164,G,Liga,G
Álex Remiro,5.58,5.56,6.0,3.0,7.0,6.0,6.0,5.5,5.0,6.0,5.5,6.0,5.0,4.0,6.0,5.5,6.5,6.0,5.0,6.5,6.0,5.58,6.0,6.0,6.0,4.0,5.58,4.0,7.0,5.5,6.0,4.5,6.0,4.0,6.0,6.0,5.5,6.0,5.0,6.0,5.555479,G,Liga,G
Mamardashvili Giorgi,5.47,5.54,6.0,5.0,6.0,6.0,6.0,6.5,5.0,5.0,4.5,6.0,4.0,4.5,5.5,6.0,6.5,5.0,5.47,5.47,5.47,5.47,5.47,6.5,5.0,3.0,5.47,5.47,7.0,7.0,6.0,6.0,4.5,5.47,6.5,7.5,3.0,5.47,5.47,5.47,5.480895,G,Liga,G
Badia Edgar,5.28,5.4,4.5,6.0,7.0,5.0,4.0,6.0,5.0,6.5,4.0,4.0,4.5,5.0,8.0,4.0,5.0,6.0,5.0,5.5,5.5,7.0,6.5,5.0,5.5,5.0,3.5,5.28,7.0,5.0,6.0,5.5,6.5,6.5,5.0,3.0,4.0,5.28,5.28,7.5,5.3736978,G,Liga,G
Oblak Jan,5.28,5.25,5.5,4.5,6.0,6.0,5.28,4.0,6.5,5.5,5.5,5.28,6.0,4.5,4.5,5.0,6.0,4.5,5.0,5.5,4.0,6.0,4.0,2.5,4.5,7.0,6.0,6.0,4.5,6.5,4.5,5.5,5.0,5.5,4.5,7.0,5.5,5.5,5.5,5.0,5.3184123,G,Liga,G
Courtois Thibaut,5.58,5.68,6.5,5.0,6.0,6.0,5.0,6.0,5.58,5.58,5.58,5.58,5.5,5.0,5.0,4.5,6.5,5.0,5.58,6.5,8.0,5.58,4.0,5.58,6.0,6.0,7.0,5.0,6.5,4.0,6.0,5.5,4.5,5.5,7.0,5.58,5.5,5.58,6.0,5.58,5.3113174,G,Liga,G
Grbic Ivo,5.63,4.86,5.63,5.63,5.63,5.0,6.0,5.63,5.63,5.63,6.0,5.5,5.63,5.63,5.63,5.63,5.63,5.63,5.63,5.63,5.63,6.0,4.0,1.5,5.63,5.63,5.63,5.63,5.63,5.63,5.63,5.63,5.63,5.63,5.63,5.63,5.63,5.63,5.63,5.63,5.300165,G,Liga,G
Fernández Aitor,5.75,5.64,5.75,5.75,5.75,5.75,5.75,5.75,5.75,5.75,5.75,7.0,5.75,6.0,6.0,4.5,4.0,7.0,6.0,5.5,8.5,5.75,3.5,4.0,5.75,5.75,5.75,5.75,5.75,5.75,5.75,5.75,5.75,5.75,5.75,5.75,5.75,5.75,5.75,5.75,5.2969513,G,Liga,G
Simón Unai,5.17,5.26,6.0,5.5,6.0,5.0,5.0,5.0,6.0,5.0,4.0,4.0,3.0,6.5,6.0,5.5,7.0,5.5,4.0,4.0,6.0,5.17,6.0,5.5,4.0,6.0,3.5,5.0,6.0,4.5,5.0,6.0,4.0,6.0,7.0,5.0,4.5,6.0,5.5,6.0,5.186338,G,Liga,G
Dimitrievski Stole,5.26,5.18,7.0,6.0,4.0,4.5,4.0,4.5,4.0,5.26,6.0,5.5,4.5,7.0,4.5,6.5,6.0,4.0,6.5,5.0,5.26,7.0,5.26,3.0,3.0,5.26,5.26,5.26,5.5,5.5,6.5,4.5,4.5,6.5,5.5,7.0,2.5,5.0,5.26,5.26,5.1254997,G,Liga,G
Marchesín Agustín,5.08,5.08,4.0,4.5,6.5,5.0,3.0,4.0,7.0,6.0,5.5,4.5,4.0,4.0,4.5,6.5,6.0,7.0,4.5,5.0,5.08,5.08,5.08,5.08,5.08,5.08,5.08,5.08,5.08,5.08,5.08,5.08,5.08,5.08,5.08,5.08,5.08,5.08,5.08,5.08,5.122492,G,Liga,G
Herrera Sergio,5.25,5.31,6.0,6.0,4.5,5.5,6.0,4.0,5.5,5.5,4.5,5.25,5.0,5.25,5.25,5.25,5.25,5.25,5.25,5.25,6.0,4.0,6.0,5.25,7.0,3.0,5.25,6.0,5.25,6.0,3.5,6.5,6.0,8.0,5.0,5.0,5.25,5.0,5.0,3.5,5.0545797,G,Liga,G
Álvaro Fernández Álvaro,5.31,5.0,5.31,5.31,5.31,6.0,5.0,4.0,4.0,5.31,5.31,5.31,5.31,5.31,5.31,5.31,7.0,5.0,5.0,6.5,5.0,6.0,5.31,5.31,5.31,5.31,5.31,5.31,5.31,5.31,5.31,5.31,5.31,5.31,5.31,5.31,5.31,5.31,5.31,4.0,5.053306,G,Liga,G
Martín Juan Carlos,4.9,4.9,5.0,5.5,6.0,5.5,6.0,5.0,2.5,4.0,5.0,4.5,4.9,4.9,4.9,4.9,4.9,4.9,4.9,4.9,4.9,4.9,4.9,4.9,4.9,4.9,4.9,4.9,4.9,4.9,4.9,4.9,4.9,4.9,4.9,4.9,4.9,4.9,4.9,4.9,4.8636093,G,Liga,G
Lecomte Benjamin,4.75,4.75,4.0,4.0,3.0,4.75,4.75,4.75,4.75,3.5,6.0,6.0,4.0,5.5,7.0,4.5,4.75,4.75,4.75,4.75,4.75,4.75,4.75,4.75,4.75,4.75,4.75,4.75,4.75,4.75,4.75,4.75,4.75,4.75,4.75,4.75,4.75,4.75,4.75,4.75,4.6928205,G,Liga,G
Asenjo Sergio,4.3,4.94,3.0,4.0,4.3,6.0,5.0,3.5,4.3,4.3,4.3,4.3,4.3,4.3,4.3,4.3,4.3,4.3,4.3,4.3,4.3,4.3,4.3,4.3,4.3,6.0,4.3,4.3,4.3,6.5,4.3,6.5,4.3,4.3,4.0,4.3,4.3,4.3,4.3,4.3,4.491998,G,Liga,G
Diego López Diego,2.5,5.03,2.5,2.5,2.5,2.5,2.5,2.5,2.5,2.5,2.5,2.5,2.5,2.5,2.5,2.5,2.5,2.5,2.5,2.5,2.5,4.5,4.0,4.0,5.0,5.0,4.0,6.5,5.5,5.5,2.5,7.5,4.5,3.5,3.0,5.5,7.0,6.0,7.0,2.5,2.89958,G,Liga,G
