Joueur,Note,Note 1 an,j1,j2,j3,j4,j5,j6,j7,j8,j9,j10,j11,j12,j13,j14,j15,j16,j17,j18,j20,j21,j22,j23,j24,j25,j26,j27,j28,j29,j30,j31,j32,j33,j34,j35,j36,j37,j38,j19,prediction_label,Poste,Championnat,Terrain
Éder Militão,5.82,5.68,5.82,5.0,6.0,5.5,5.82,5.5,5.0,7.5,5.0,6.0,5.5,5.0,6.0,7.5,5.82,5.0,5.82,7.0,6.0,5.82,6.0,5.82,6.0,5.5,6.0,5.5,5.82,3.0,6.0,6.5,5.0,6.0,5.82,5.0,5.82,5.0,6.0,5.82,5.971318,DC,Liga,D
Koundé Jules,5.9,5.67,5.9,5.9,7.0,7.5,5.9,6.0,5.9,5.9,4.5,6.0,5.5,6.0,5.9,5.9,5.0,6.0,5.9,5.5,4.5,5.9,5.9,5.9,5.5,4.0,5.9,5.9,5.0,7.0,5.5,5.5,4.5,6.5,6.0,7.0,5.5,5.0,5.5,5.9,5.8651714,DC,Liga,D
Rüdiger Antonio,5.63,5.44,6.0,5.0,5.5,5.0,7.0,5.0,5.5,6.0,5.0,6.5,5.0,6.0,5.63,5.63,6.0,5.0,5.63,6.0,5.0,5.0,4.5,6.0,6.0,5.63,6.0,5.0,6.0,5.0,5.63,4.0,6.0,6.0,5.63,4.5,5.0,4.0,6.0,5.5,5.808465,DC,Liga,D
Balde Alejandro,5.7,5.66,5.7,6.0,6.5,5.5,5.5,8.0,5.0,5.0,4.5,5.7,6.5,5.0,6.5,5.5,5.0,6.0,5.7,5.0,5.7,5.7,5.7,5.7,5.7,5.7,5.7,5.7,5.7,5.7,5.7,5.7,5.7,5.7,5.7,5.7,5.7,5.0,5.7,5.7,5.7374635,DL,Liga,D
Blanco Lautaro,5.67,5.67,5.67,5.67,5.67,5.67,5.67,5.67,5.67,5.67,5.67,5.67,5.67,5.67,5.67,5.67,5.67,5.0,7.0,5.0,5.67,5.67,5.67,5.67,5.67,5.67,5.67,5.67,5.67,5.67,5.67,5.67,5.67,5.67,5.67,5.67,5.67,5.67,5.67,5.67,5.734985,DL,Liga,D
Christensen Andreas,5.75,5.57,5.5,5.5,5.75,5.75,5.75,5.75,6.0,5.75,5.75,5.75,5.75,5.75,5.0,5.5,7.0,6.5,5.75,5.0,5.5,5.75,5.75,5.75,5.75,3.0,5.0,5.75,5.75,6.0,5.75,5.75,7.0,6.0,5.75,5.75,5.75,5.75,5.75,5.0,5.7052097,DC,Liga,D
Foyth Juan,5.64,5.39,6.0,6.5,4.5,5.64,5.64,5.64,5.64,5.64,5.64,5.64,5.64,5.64,5.64,5.0,6.5,5.0,6.0,5.64,5.0,4.0,5.64,5.5,5.0,5.0,5.64,5.64,5.64,5.64,5.0,5.0,5.64,6.5,6.0,5.0,7.0,4.0,5.64,5.64,5.7031107,DC,Liga,D
Alonso Marcos,5.5,5.33,5.5,5.5,5.5,5.5,5.0,5.5,5.5,6.0,5.5,6.0,5.0,5.0,6.0,6.0,6.0,5.0,5.5,5.0,4.5,6.0,4.5,5.0,5.0,4.5,6.0,5.5,5.5,5.5,5.5,4.0,7.5,5.0,6.0,4.5,5.0,6.5,5.5,4.0,5.675571,DL,Liga,D
Araújo Ronald,5.64,5.7,5.0,5.0,5.5,6.0,6.0,6.0,5.64,5.64,5.64,5.64,5.64,5.64,5.64,5.64,5.64,6.0,5.64,5.64,5.64,5.5,6.0,6.0,5.0,5.5,6.0,5.64,5.64,7.0,6.5,6.0,5.64,5.5,5.5,6.0,5.5,5.64,4.5,5.5,5.6670485,DC,Liga,D
Giménez José,5.55,5.44,5.55,5.0,6.0,5.5,5.55,5.55,7.0,5.5,6.0,4.0,5.5,5.55,5.5,5.55,6.0,5.0,5.55,5.55,5.55,4.5,4.5,4.0,5.55,4.5,6.0,5.5,6.0,5.5,5.0,5.55,5.55,5.55,5.0,6.0,6.0,7.0,5.55,5.5,5.6097317,DC,Liga,D
Alaba David,5.56,5.54,7.0,7.0,5.0,6.5,5.0,5.0,6.0,5.0,6.0,6.0,5.0,5.5,5.0,5.5,5.5,4.0,5.56,5.56,5.5,5.56,5.0,5.56,5.5,6.0,5.56,6.0,6.0,3.0,5.0,6.5,5.0,7.0,5.56,5.56,5.56,5.56,5.56,5.56,5.592639,DL,Liga,D
Alba Jordi,5.46,5.65,5.0,5.5,5.46,5.5,5.46,5.46,5.5,5.0,5.0,7.0,5.46,5.5,7.0,5.0,4.5,5.46,5.46,5.0,5.46,5.0,6.0,6.0,6.0,6.5,5.46,5.46,5.46,6.0,6.0,6.5,5.0,5.0,6.0,8.0,5.0,5.46,4.5,5.46,5.5789433,DL,Liga,D
Hermoso Mario,5.42,5.2,5.42,5.42,5.42,5.0,5.5,5.0,5.42,5.42,5.42,5.42,5.42,5.42,5.42,5.42,4.0,5.42,5.5,7.5,4.0,5.42,6.0,3.0,6.0,5.0,5.42,5.42,5.42,5.0,5.42,5.42,5.42,6.5,4.0,5.42,5.42,5.42,5.42,6.0,5.5363216,DC,Liga,D
Roberto Sergi,5.54,5.54,5.0,5.0,6.5,5.0,5.54,5.54,5.0,5.0,4.5,6.0,8.0,5.54,5.54,5.54,6.0,5.0,5.54,5.5,5.54,5.54,5.54,5.54,5.54,5.54,5.54,5.54,5.54,5.54,5.54,5.54,5.54,5.54,5.54,5.54,5.54,5.54,5.54,5.54,5.5255847,DL,Liga,D
Magallán Lisandro,5.5,5.5,5.5,5.5,5.5,5.5,5.5,5.5,5.5,5.5,5.5,5.5,5.5,5.5,5.5,5.5,5.5,5.5,5.5,5.5,5.5,5.5,5.5,5.5,5.5,5.5,5.5,5.5,5.5,5.5,5.5,5.5,5.5,5.5,5.5,5.5,5.5,5.5,5.5,5.5,5.5168357,DC,Liga,D
Gayà José,5.42,5.13,5.42,5.42,5.42,5.42,4.5,6.5,6.0,5.5,6.0,5.0,4.5,5.0,5.0,7.5,4.5,5.0,5.42,5.42,4.0,6.0,5.42,6.0,5.42,3.0,5.42,5.42,5.42,5.42,5.0,5.0,4.5,5.0,4.0,5.42,5.42,5.0,5.5,5.42,5.4856415,DL,Liga,D
Fali,5.14,5.24,5.5,5.0,4.5,5.14,5.14,5.14,5.14,5.14,5.14,5.5,4.5,5.5,5.5,4.0,4.5,7.0,5.0,5.14,4.5,4.0,5.0,5.14,5.14,6.0,5.0,5.14,5.14,5.0,5.14,5.14,7.0,5.5,5.5,5.5,5.14,5.5,5.5,5.14,5.4486966,DC,Liga,D
Dani Vivian,5.25,5.24,5.5,5.0,7.0,4.5,5.0,5.25,5.25,5.25,5.5,5.0,5.25,5.25,5.25,7.0,5.0,5.0,4.5,4.0,5.25,5.25,6.5,7.0,5.0,7.5,3.5,5.0,5.5,5.5,5.0,5.0,4.5,4.0,5.0,5.25,4.5,5.25,5.0,5.25,5.4467926,DC,Liga,D
Albiol Raúl,5.3,5.19,6.0,6.0,5.0,6.0,5.0,5.5,5.5,4.5,6.0,3.5,5.5,5.3,4.0,6.0,5.5,5.5,5.3,5.3,4.0,4.5,5.5,6.0,5.0,5.3,5.5,4.5,5.0,5.3,4.0,5.3,5.3,6.0,5.3,5.5,4.5,4.5,6.5,5.3,5.4333396,DC,Liga,D
Rico Diego,5.41,5.12,5.5,5.41,5.41,5.41,5.41,5.41,5.41,5.41,5.0,5.0,5.5,4.5,5.5,5.0,6.0,6.0,5.5,6.0,5.41,5.41,4.5,5.0,5.41,5.41,5.41,5.41,5.0,6.0,5.5,4.5,6.0,4.0,5.0,3.0,6.0,4.0,4.0,6.0,5.423323,DL,Liga,D
Badé Loïc,5.5,5.44,5.5,5.5,5.5,5.5,5.5,5.5,5.5,5.5,5.5,5.5,5.5,5.5,5.5,5.5,5.5,5.5,5.0,6.0,5.0,7.0,4.0,5.5,5.5,5.5,5.5,5.5,5.5,5.5,5.5,5.5,5.5,5.5,5.5,5.5,5.5,5.5,5.5,5.5,5.4177356,DC,Liga,D
Carvajal Daniel,5.12,5.31,5.12,5.5,5.0,5.0,5.5,5.5,5.0,6.0,5.0,5.5,5.0,5.0,3.5,5.12,5.0,5.12,5.12,5.12,5.12,5.12,5.12,5.12,5.0,6.0,6.5,7.0,5.0,3.5,5.0,5.12,7.0,6.0,5.12,5.12,5.12,5.0,5.0,5.12,5.415358,DL,Liga,D
Álvarez Yeray,5.47,5.43,6.0,7.0,7.0,5.0,5.47,5.0,6.0,5.0,6.0,5.47,3.5,6.0,5.0,5.5,6.0,6.5,2.5,5.47,6.0,5.47,5.47,5.47,5.47,5.47,5.0,6.0,5.0,4.5,5.47,5.5,4.5,5.0,6.0,5.5,5.47,6.5,5.47,5.0,5.3928876,DC,Liga,D
García Eric,5.4,5.36,5.0,6.0,6.5,6.5,5.4,5.0,5.4,5.0,3.0,5.4,6.5,5.0,5.4,5.4,5.4,5.4,5.4,5.5,5.4,4.5,5.4,5.4,4.5,5.5,5.4,5.4,5.4,7.0,5.4,6.0,5.0,5.0,5.5,4.5,5.5,5.4,5.4,5.5,5.365132,DC,Liga,D
Vázquez Lucas,5.45,5.4,7.0,5.0,5.0,5.45,6.0,5.45,5.45,5.45,5.45,5.0,6.0,5.45,5.0,5.0,5.0,5.5,5.45,5.45,5.5,5.45,4.5,5.45,5.45,4.5,5.45,5.0,5.0,5.0,5.0,7.5,5.0,6.5,6.0,5.0,6.0,4.5,5.45,5.45,5.3599935,DL,Liga,D
González Edgar,5.46,5.57,6.0,5.5,7.0,4.5,5.46,5.0,6.0,5.5,5.46,5.5,5.46,5.5,6.5,4.0,5.46,5.5,5.46,4.5,6.0,6.0,6.0,5.46,7.5,5.0,5.46,5.46,5.0,5.46,5.46,5.46,5.46,5.46,5.46,5.46,4.5,6.0,5.46,5.46,5.355914,DC,Liga,D
Pezzella Germán,5.36,5.45,7.0,6.0,4.5,5.36,6.0,5.5,5.0,4.0,5.36,6.0,4.0,6.0,5.5,5.0,5.36,5.5,5.36,5.0,5.36,6.0,5.5,3.5,6.0,5.36,5.36,5.36,5.5,5.0,5.36,7.0,6.0,5.0,6.0,4.5,5.5,7.0,5.0,5.36,5.350292,DC,Liga,D
Martínez Íñigo,5.06,5.32,5.06,5.06,5.06,5.06,5.5,5.5,6.0,6.0,4.5,5.0,3.0,5.5,4.5,5.06,5.06,5.06,5.06,5.06,5.0,5.06,6.0,6.0,5.06,6.0,3.5,7.0,5.06,5.06,5.06,5.06,5.06,4.0,6.0,6.0,4.5,6.0,6.0,5.5,5.3475685,DC,Liga,D
Özkacar Cenk,5.33,5.33,5.33,5.33,5.33,5.33,5.33,5.33,5.33,5.33,5.33,5.33,5.0,5.33,5.5,5.5,5.33,5.33,5.33,5.33,5.33,5.33,5.33,5.33,5.33,5.33,5.33,5.33,5.33,5.33,5.33,5.33,5.33,5.33,5.33,5.33,5.33,5.33,5.33,5.33,5.343113,DC,Liga,D
Luiz Felipe,5.25,5.07,5.25,5.25,5.0,5.5,6.0,5.5,4.0,5.25,5.0,5.25,5.0,5.25,5.25,5.25,6.0,5.25,5.25,5.25,4.0,5.0,6.0,5.0,6.0,6.0,4.5,4.0,6.5,5.25,3.0,5.25,5.25,5.5,5.0,5.0,5.25,5.25,4.0,5.25,5.339107,DC,Liga,D
Toni Lato,5.28,5.14,5.0,4.5,5.0,8.0,5.0,5.0,5.28,5.0,5.0,5.28,5.28,5.0,5.28,5.28,5.28,5.28,5.28,5.28,5.28,4.0,5.0,5.28,5.0,5.5,5.28,5.0,5.28,5.28,5.28,5.28,5.28,5.28,5.28,5.28,5.28,5.28,5.28,5.28,5.3336215,DL,Liga,D
Bellerín Héctor,5.5,5.32,5.5,5.5,5.5,5.5,6.0,5.5,5.5,5.5,5.5,5.0,5.5,5.5,5.5,5.5,5.5,5.5,5.5,5.5,6.5,6.0,5.5,4.5,5.5,4.0,4.5,5.5,5.5,5.0,6.5,5.0,5.5,5.5,5.5,5.5,5.5,5.0,5.5,5.5,5.328201,DL,Liga,D
Mendy Ferland,5.25,5.42,5.0,6.0,5.25,5.0,5.0,5.0,5.0,5.25,5.5,5.25,4.5,6.0,4.0,6.5,5.0,5.0,5.25,6.0,5.0,5.25,5.0,5.25,5.25,6.0,6.0,5.5,5.0,5.25,6.0,5.25,5.25,5.25,5.25,5.0,8.0,5.25,5.0,5.25,5.3163924,DL,Liga,D
Lekue Íñigo,5.27,5.11,5.27,5.27,7.0,4.5,5.0,4.5,6.5,5.0,5.0,4.0,5.0,6.0,5.0,6.0,5.27,5.27,5.27,5.0,5.27,5.27,5.0,5.0,4.5,5.27,4.5,5.27,5.27,5.27,5.27,5.27,5.27,5.27,5.27,5.27,4.5,5.27,5.0,5.27,5.315916,DL,Liga,D
Iza Carcelén,5.27,5.24,5.27,5.27,5.27,5.27,5.27,5.5,5.5,5.27,5.5,5.0,3.0,5.27,6.0,5.0,4.5,5.5,6.0,6.5,5.27,4.5,6.0,5.0,5.27,5.27,5.0,5.27,5.0,5.27,5.27,5.27,5.27,5.27,5.27,5.0,5.0,4.5,7.0,5.0,5.3153925,DL,Liga,D
Cömert Eray,5.31,5.15,4.5,5.31,4.5,6.0,5.31,6.0,6.0,5.0,6.0,4.5,5.31,5.0,6.0,6.0,4.5,5.0,5.31,5.31,5.31,5.31,5.31,5.5,5.0,5.0,5.31,5.0,5.31,5.31,5.31,4.5,5.31,4.0,5.31,5.31,5.31,5.0,5.31,5.31,5.314869,DC,Liga,D
Diakhaby Mouctar,5.0,4.88,5.0,4.0,4.0,6.0,6.5,6.0,4.0,7.0,5.0,5.0,5.0,5.0,5.0,5.0,4.0,3.5,5.0,5.0,3.5,4.5,4.0,5.0,4.5,3.5,5.0,5.0,6.0,5.0,5.5,5.0,5.0,5.0,5.5,5.0,4.0,5.0,6.0,5.0,5.3090954,DC,Liga,D
Cuenca Jorge,5.38,4.9,5.38,5.38,5.38,5.38,5.38,5.38,5.38,5.38,5.38,5.38,5.38,5.0,5.38,6.0,5.38,5.38,5.0,5.5,6.0,5.0,5.0,6.0,3.0,4.5,4.0,5.38,5.5,4.0,5.38,4.0,4.0,6.0,5.38,5.5,4.5,5.5,4.0,5.38,5.305133,DC,Liga,D
Costa Jaume,5.2,5.19,5.0,6.0,6.0,5.0,3.0,5.0,5.0,5.2,5.2,5.2,5.0,5.0,6.0,7.0,4.0,6.0,4.0,6.0,4.5,5.2,4.5,5.2,5.0,6.5,5.2,5.2,5.2,5.5,5.2,6.0,5.0,5.2,5.2,3.0,6.0,6.0,5.5,4.5,5.303794,DL,Liga,D
Nacho,5.19,5.21,5.5,5.19,5.19,5.19,5.0,5.19,5.19,5.0,5.19,5.0,5.0,5.19,5.0,5.0,5.19,5.19,5.19,6.0,5.0,5.19,5.19,5.19,5.0,5.19,6.0,5.19,6.0,3.0,5.0,5.0,6.0,5.0,5.19,5.5,6.0,5.0,5.5,5.19,5.2982736,DC,Liga,D
Gabriel Paulista,5.15,5.44,5.15,5.0,5.15,5.15,4.0,5.0,7.0,5.0,6.0,5.0,4.5,5.0,5.0,5.15,5.15,5.15,5.15,5.15,5.15,5.15,5.15,5.15,5.15,5.15,5.15,5.15,6.0,5.15,6.0,6.0,5.15,5.15,5.5,5.5,5.15,5.15,6.5,5.15,5.296612,DC,Liga,D
Raíllo Antonio,5.38,5.12,5.5,5.0,6.5,7.0,3.0,5.5,4.5,5.5,5.0,5.0,6.5,4.5,5.38,6.0,4.5,6.5,5.0,6.0,5.38,5.38,5.38,5.5,5.0,4.5,5.38,5.38,4.0,4.0,5.38,6.0,4.0,4.5,5.5,3.0,5.0,5.5,5.5,5.38,5.284329,DC,Liga,D
Copete,5.16,5.16,5.5,5.0,6.0,3.5,5.16,6.0,5.0,5.5,5.0,5.16,5.0,5.5,6.0,6.0,4.0,5.5,4.0,5.0,5.16,5.16,5.16,5.16,5.16,5.16,5.16,5.16,5.16,5.16,5.16,5.16,5.16,5.16,5.16,5.16,5.16,5.16,5.16,5.16,5.2641144,DC,Liga,D
Domingos Duarte,4.97,4.88,4.0,3.0,6.0,3.0,5.5,7.5,4.5,5.0,5.5,4.5,5.0,5.5,5.5,4.97,6.0,4.5,4.0,5.5,4.97,3.0,4.97,4.97,4.0,4.97,4.0,4.97,5.5,4.5,5.5,4.0,4.5,5.5,4.97,5.5,6.0,4.0,6.0,4.97,5.231921,DC,Liga,D
Vidal Aleix,5.04,4.98,5.04,5.04,5.04,5.04,5.04,5.0,4.0,5.5,5.5,5.0,4.5,5.0,5.0,5.5,5.0,5.0,5.5,5.0,4.0,5.0,4.0,5.04,5.0,5.0,5.04,5.0,5.5,5.0,5.0,5.0,5.0,5.0,4.5,5.5,4.5,5.04,6.0,5.04,5.228077,DL,Liga,D
Mandi Aïssa,5.11,5.19,5.0,5.11,5.11,5.0,5.11,5.11,5.11,5.0,6.0,5.0,5.0,5.0,5.11,5.11,5.11,5.11,5.0,5.0,5.11,5.11,5.11,5.11,5.11,6.5,5.0,5.11,6.0,4.5,5.11,5.0,5.0,6.0,4.5,5.11,5.0,5.11,5.11,5.11,5.216348,DC,Liga,D
Savic Stefan,5.17,5.11,6.0,4.5,5.17,5.17,5.17,5.17,6.0,4.5,6.0,5.5,5.0,4.0,5.0,4.0,6.0,5.5,5.17,5.17,5.17,4.0,5.17,3.0,5.5,6.0,6.0,5.17,5.5,6.0,4.5,5.0,4.5,6.0,5.17,5.5,5.5,4.0,5.0,5.17,5.2015486,DC,Liga,D
Catena Alejandro,5.18,5.07,5.5,6.5,4.5,5.5,6.0,3.0,5.5,5.0,5.0,4.0,7.0,6.0,4.5,5.0,5.18,4.5,6.0,4.5,5.0,6.5,5.5,4.5,3.5,3.5,5.5,5.18,5.0,5.0,7.0,5.0,5.5,6.0,5.5,6.0,2.5,4.0,4.0,5.18,5.194406,DC,Liga,D
Valjent Martin,5.28,5.05,6.0,5.0,6.0,5.5,3.0,5.5,4.5,4.5,5.0,5.28,5.5,5.0,6.0,6.5,5.28,5.5,5.0,6.0,5.28,5.28,4.5,5.5,4.5,5.5,5.28,5.28,4.0,4.5,5.28,5.5,4.0,5.5,4.5,2.0,5.5,5.5,6.5,4.5,5.1931486,DC,Liga,D
Sánchez Rubén,5.21,5.17,5.5,6.0,5.0,5.21,5.0,5.21,5.21,5.21,5.21,5.21,5.21,5.21,5.21,5.21,5.0,5.0,5.21,5.0,5.21,5.21,5.21,5.21,5.21,5.21,5.21,5.21,5.21,5.21,5.21,5.21,5.21,5.21,5.21,5.21,4.5,5.5,5.21,5.21,5.1870074,DL,Liga,D
Le Normand Robin,5.3,5.17,6.0,3.0,5.5,4.5,5.3,5.3,5.3,5.5,5.5,5.0,5.0,4.5,6.0,5.0,6.5,5.5,6.0,6.0,6.0,5.3,5.0,6.0,6.0,3.0,5.3,4.0,5.5,5.5,5.5,6.0,5.0,4.0,5.5,5.0,5.3,4.5,4.0,5.5,5.1862793,DC,Liga,D
Fernández Valery,5.19,5.19,4.0,5.19,5.19,5.19,5.19,5.19,5.0,5.0,5.0,6.0,5.0,5.5,5.5,5.5,5.0,5.0,6.0,5.0,5.19,5.19,5.19,5.19,5.19,5.19,5.19,5.19,5.19,5.19,5.19,5.19,5.19,5.19,5.19,5.19,5.19,5.19,5.19,5.19,5.183475,DL,Liga,D
Montoya Martín,5.17,5.17,5.17,5.17,5.17,5.17,5.17,5.0,5.5,5.0,5.17,5.17,5.17,5.17,5.17,5.17,5.17,5.17,5.17,5.17,5.17,5.17,5.17,5.17,5.17,5.17,5.17,5.17,5.17,5.17,5.17,5.17,5.17,5.17,5.17,5.17,5.17,5.17,5.17,5.17,5.1809177,DL,Liga,D
Maffeo Pablo,5.16,4.98,5.5,6.0,6.5,5.0,3.0,7.0,5.0,4.5,4.0,5.0,6.0,3.5,5.16,5.16,4.0,6.5,5.0,6.0,5.0,5.16,5.0,5.0,5.0,6.0,5.16,5.16,4.0,5.16,4.5,5.0,4.5,5.5,3.5,3.5,4.0,6.0,6.0,4.5,5.1695237,DL,Liga,D
Lucas Rosa,5.13,5.13,5.13,5.13,5.13,5.13,5.13,5.13,5.13,5.13,5.13,6.0,5.0,4.5,5.0,5.0,5.13,5.0,4.5,6.0,5.13,5.13,5.13,5.13,5.13,5.13,5.13,5.13,5.13,5.13,5.13,5.13,5.13,5.13,5.13,5.13,5.13,5.13,5.13,5.13,5.1599255,DL,Liga,D
Pedraza Alfonso,5.33,5.41,5.0,7.0,5.5,6.5,4.5,5.0,5.5,4.5,6.0,5.0,5.33,5.33,5.33,5.33,4.5,5.0,5.33,5.33,5.0,5.0,8.0,5.0,5.0,4.5,5.33,5.33,5.0,4.5,4.0,7.0,5.5,5.33,4.0,5.0,8.5,5.5,6.0,5.33,5.1550074,DL,Liga,D
Yan Couto,5.12,5.12,5.0,5.0,4.0,5.12,5.0,5.0,5.0,5.0,5.12,5.0,5.0,5.5,5.12,5.12,5.0,6.0,6.0,5.12,5.12,5.12,5.12,5.12,5.12,5.12,5.12,5.12,5.12,5.12,5.12,5.12,5.12,5.12,5.12,5.12,5.12,5.12,5.12,5.12,5.1538534,DL,Liga,D
Mumin Abdul,5.13,5.13,5.13,5.13,5.13,5.13,5.13,5.0,5.13,5.13,5.13,5.0,5.13,5.13,5.13,5.13,5.5,5.13,5.0,5.13,5.13,5.13,5.13,5.13,5.13,5.13,5.13,5.13,5.13,5.13,5.13,5.13,5.13,5.13,5.13,5.13,5.13,5.13,5.13,5.13,5.1494346,DC,Liga,D
Carmona José Ángel,5.13,5.12,5.13,5.13,5.0,5.0,8.0,4.0,5.0,4.5,5.0,4.5,4.5,5.13,5.13,5.13,4.5,5.13,4.5,7.0,5.13,5.13,5.13,5.13,5.13,5.13,5.13,5.13,5.0,5.13,5.13,5.13,5.13,5.13,5.13,5.13,5.13,5.13,5.13,5.13,5.1375213,DL,Liga,D
Fran García Francisco,5.08,5.0,6.0,6.0,4.5,3.5,4.5,4.5,5.5,3.0,6.0,5.0,7.0,6.0,5.5,5.5,5.0,3.5,6.5,4.0,4.5,5.5,5.0,5.08,5.08,6.0,5.0,4.0,4.5,4.5,5.0,5.08,5.5,5.5,5.5,6.0,3.0,4.5,5.08,4.5,5.136086,DL,Liga,D
Reguilón Sergio,4.75,5.17,4.75,4.75,4.75,4.75,4.75,4.75,4.75,4.75,4.75,4.75,4.75,4.75,4.75,5.5,5.0,5.0,3.5,4.75,4.5,5.0,4.75,4.75,4.0,4.75,4.75,4.75,7.0,3.5,5.5,4.75,6.0,4.5,4.75,4.75,4.75,4.75,4.75,6.5,5.135654,DL,Liga,D
De Marcos Óscar,5.0,5.05,5.0,6.0,6.0,5.0,5.5,4.0,6.0,5.0,4.5,5.0,3.0,5.0,5.5,5.5,5.5,5.0,4.0,4.5,5.0,5.0,5.0,5.0,5.0,6.5,5.0,5.0,4.0,4.5,5.0,5.0,5.0,5.0,5.0,5.0,5.0,5.0,4.5,7.0,5.1304746,DL,Liga,D
Pozo Alejandro,5.08,5.08,5.08,5.08,6.5,4.5,4.5,4.5,5.08,5.0,4.5,5.0,4.5,6.0,5.08,6.5,5.0,5.0,4.5,5.08,5.08,5.08,5.08,5.08,5.08,5.08,5.08,5.08,5.08,5.08,5.08,5.08,5.08,5.08,5.08,5.08,5.08,5.08,5.08,5.08,5.1303825,DL,Liga,D
Mosquera Cristhian,5.25,4.69,5.5,5.25,5.25,5.0,5.25,5.25,5.25,5.25,5.25,5.25,5.25,5.25,5.25,5.25,5.25,5.25,5.25,5.25,5.25,4.0,4.5,4.0,5.25,5.25,5.25,5.0,5.25,5.25,5.25,5.25,5.0,4.5,5.25,5.25,5.25,5.25,5.25,5.25,5.1184516,DC,Liga,D
Sabaly Youssouf,5.1,5.08,5.1,5.1,5.1,5.0,6.5,5.1,5.1,5.0,6.0,5.0,3.0,5.0,5.0,5.0,5.5,5.1,5.1,5.1,5.1,5.1,6.0,5.1,5.1,5.1,5.1,4.0,6.0,5.1,5.0,5.0,5.1,4.5,5.5,4.5,5.5,5.1,4.5,5.1,5.1176724,DL,Liga,D
Suárez Damián,5.05,4.79,5.05,5.05,5.05,5.05,5.0,6.0,6.0,3.5,5.0,4.5,5.05,5.0,5.05,5.05,6.0,4.5,5.0,5.0,4.5,4.5,5.0,5.0,3.0,4.0,4.0,5.05,4.5,5.0,4.5,4.5,4.5,6.0,4.5,4.5,5.0,6.0,4.5,5.05,5.112999,DL,Liga,D
Sola Álex,5.1,5.1,5.1,5.1,5.1,5.0,5.0,5.1,5.0,6.0,5.1,5.1,5.1,5.1,5.1,4.5,5.1,5.1,5.1,5.1,5.1,5.1,5.1,5.1,5.1,5.1,5.1,5.1,5.1,5.1,5.1,5.1,5.1,5.1,5.1,5.1,5.1,5.1,5.1,5.1,5.112692,DL,Liga,D
Javi Hernández,5.05,5.05,5.05,5.0,5.0,5.0,5.0,5.05,5.05,4.0,5.0,5.05,5.0,4.5,5.0,7.0,5.05,5.05,5.05,5.05,5.05,5.05,5.05,5.05,5.05,5.05,5.05,5.05,5.05,5.05,5.05,5.05,5.05,5.05,5.05,5.05,5.05,5.05,5.05,5.05,5.100444,DC,Liga,D
Torres Pau,5.38,5.46,5.5,6.0,5.5,6.0,5.0,5.0,6.5,4.5,6.0,3.5,5.5,4.5,3.0,5.38,6.5,6.0,5.5,7.0,6.5,5.0,6.0,7.5,6.0,6.0,4.5,4.5,6.0,5.0,3.5,5.38,6.0,5.38,3.5,6.0,8.0,4.0,6.0,5.38,5.0984387,DC,Liga,D
Reinildo,5.15,5.01,5.0,4.5,5.5,5.0,6.0,4.0,6.0,6.0,7.0,5.0,4.5,3.0,5.5,4.5,5.15,5.0,5.0,6.0,5.15,5.5,5.0,5.0,5.0,6.0,5.5,5.0,4.0,6.0,5.5,3.5,5.0,4.0,4.5,6.0,7.0,5.5,5.0,5.15,5.0925555,DL,Liga,D
Ruiz Víctor,5.0,5.09,5.0,5.0,5.0,5.0,5.0,5.0,5.0,6.0,5.5,5.0,4.5,5.0,5.0,4.0,5.0,5.0,5.0,5.0,5.0,5.0,5.0,5.0,5.0,6.0,5.0,4.0,5.0,5.0,5.5,5.0,5.0,5.0,5.5,5.0,5.0,5.0,5.0,5.0,5.088601,DC,Liga,D
Babic Srdjan,4.97,4.97,4.5,5.5,5.0,4.5,5.0,5.5,3.5,7.0,4.0,5.5,4.97,5.5,4.0,6.0,5.0,4.0,4.97,4.97,4.97,4.97,4.97,4.97,4.97,4.97,4.97,4.97,4.97,4.97,4.97,4.97,4.97,4.97,4.97,4.97,4.97,4.97,4.97,4.97,5.0796943,DC,Liga,D
Manu Sánchez,5.25,4.98,5.0,5.25,5.5,5.25,5.25,5.0,5.0,4.5,5.0,5.5,5.0,7.0,6.0,5.25,4.0,5.0,6.0,5.0,4.5,5.5,5.0,5.25,5.5,3.5,5.25,5.0,5.25,5.0,3.0,6.5,5.5,4.0,4.5,5.0,5.25,3.5,5.25,5.0,5.079427,DL,Liga,D
Cabrera Leandro,4.76,4.8,5.0,4.0,4.0,6.0,3.0,4.5,4.0,5.0,5.5,5.0,4.5,5.5,3.5,4.76,5.5,4.5,4.5,7.0,4.0,3.5,4.76,4.0,4.5,5.0,2.0,7.0,6.0,6.0,6.0,6.0,6.0,5.0,3.5,5.0,4.5,4.5,4.5,4.76,5.07213,DC,Liga,D
Vázquez Jesús,5.0,4.97,6.0,4.0,5.0,5.0,5.0,5.0,5.0,5.0,5.0,5.0,5.0,5.0,5.0,5.0,5.0,5.0,5.0,5.0,5.0,5.0,4.5,5.0,5.0,5.0,5.0,5.0,6.0,6.0,5.5,4.5,5.0,5.0,5.0,5.0,3.0,5.0,5.0,5.0,5.056207,DC,Liga,D
Zubeldia Igor,5.25,4.96,5.0,3.0,5.5,4.5,4.5,5.0,5.25,5.25,6.5,5.25,5.0,5.25,5.5,5.0,6.0,6.0,6.0,6.0,5.25,5.25,5.0,5.0,5.25,3.0,5.25,3.5,5.0,5.25,5.0,6.0,5.0,5.0,4.5,4.5,6.0,4.5,5.25,3.5,5.052435,DC,Liga,D
Juan Cala,5.0,4.71,5.0,5.0,5.0,5.0,5.0,5.0,5.0,5.0,5.5,5.0,5.0,5.0,5.5,4.0,5.0,5.0,5.0,5.0,4.5,3.5,5.0,5.0,5.0,5.0,5.0,5.0,5.0,5.0,5.0,5.0,5.0,5.0,5.0,5.0,5.0,5.0,5.0,5.0,5.0493517,DC,Liga,D
González Giovanni,5.42,4.71,5.42,5.42,5.42,5.42,5.42,5.42,5.42,5.42,5.42,5.0,5.0,5.0,7.0,5.0,5.42,5.5,5.42,5.42,5.42,5.42,5.42,5.42,5.42,5.42,5.42,5.42,5.42,5.0,4.5,5.42,4.5,5.0,5.42,5.42,5.0,5.42,5.42,5.42,5.043487,DL,Liga,D
Domínguez Carlos,5.0,5.08,5.0,5.0,5.0,5.0,5.0,5.0,5.0,5.0,5.0,5.0,5.0,5.0,5.0,5.0,5.0,5.0,5.0,5.0,5.0,5.0,5.0,5.5,5.0,5.0,5.0,5.0,5.0,5.0,5.0,5.0,5.0,5.0,5.0,5.0,5.0,5.0,5.0,5.0,5.04132,DC,Liga,D
Hernández Aridane,5.08,5.0,5.08,5.08,5.08,5.08,5.08,5.08,5.0,4.5,4.0,5.08,5.08,5.08,5.08,5.08,5.08,5.5,6.0,5.5,5.08,5.08,5.08,5.08,5.08,5.08,5.08,5.5,5.08,5.08,4.0,5.5,6.0,4.0,6.0,5.0,5.08,3.5,5.08,5.08,5.0376105,DC,Liga,D
Ely Rodrigo,5.06,5.06,5.5,5.5,6.0,5.5,4.5,4.5,4.0,6.0,4.0,6.0,5.0,5.5,4.5,5.5,5.06,4.0,5.0,5.06,5.06,5.06,5.06,5.06,5.06,5.06,5.06,5.06,5.06,5.06,5.06,5.06,5.06,5.06,5.06,5.06,5.06,5.06,5.06,5.06,5.037434,DC,Liga,D
Thierry Correia,5.0,5.02,5.0,5.5,5.0,6.5,4.5,7.0,4.0,5.0,3.5,5.5,5.0,4.5,4.0,6.0,4.5,4.5,5.0,5.0,5.0,5.0,4.0,5.0,4.5,5.0,5.0,5.0,5.0,5.0,5.0,4.0,5.0,5.0,6.0,5.0,5.0,6.5,5.5,5.0,5.034145,DL,Liga,D
Oliván Brian,5.15,5.02,5.0,4.5,4.0,6.0,4.5,4.5,4.5,5.5,6.5,5.0,4.5,5.0,5.5,5.5,4.5,6.0,5.15,6.5,4.5,5.15,5.15,5.5,4.5,5.15,5.15,5.15,4.0,5.15,3.5,6.0,3.5,5.0,4.5,5.0,6.0,5.0,6.0,5.15,5.0339828,DL,Liga,D
Miranda Juan,5.0,5.2,5.0,5.0,5.0,5.0,5.0,5.0,5.0,5.0,5.0,5.0,5.0,5.0,5.0,5.0,5.0,5.0,5.0,5.0,5.0,5.5,5.0,4.0,5.0,5.0,5.0,5.0,6.5,5.0,5.0,5.0,5.0,5.0,5.0,5.0,6.0,5.0,5.0,5.0,5.0274434,DL,Liga,D
Lejeune Florian,5.28,4.93,5.0,3.5,5.28,6.0,5.5,4.0,5.5,3.5,6.0,5.28,8.0,6.0,5.5,5.0,5.0,4.5,7.0,4.5,6.0,5.28,4.0,3.5,5.5,4.0,4.0,5.28,4.5,4.5,3.0,5.0,6.0,4.5,6.0,3.0,6.5,4.0,4.5,4.5,5.026081,DC,Liga,D
Sergi Gómez Sergi,4.77,4.52,5.0,3.5,4.77,4.77,4.0,4.0,4.5,5.0,4.77,4.5,5.0,5.0,5.5,5.5,5.5,5.0,4.77,4.77,4.0,4.0,3.5,4.0,4.5,5.0,2.0,4.77,4.77,4.77,4.77,4.77,5.0,4.77,3.0,6.0,4.0,4.5,6.0,4.77,5.0207405,DC,Liga,D
Cufré Braian,5.0,5.0,5.0,5.0,5.0,5.0,5.0,5.0,5.5,5.0,4.5,5.0,5.0,5.0,5.0,5.0,5.0,5.0,5.0,5.0,5.0,5.0,5.0,5.0,5.0,5.0,5.0,5.0,5.0,5.0,5.0,5.0,5.0,5.0,5.0,5.0,5.0,5.0,5.0,5.0,5.005472,DL,Liga,D
Capa Ander,5.0,5.0,5.0,5.0,5.0,5.0,5.0,5.0,5.0,5.0,5.0,5.0,5.0,5.0,5.0,5.0,5.0,5.0,5.0,5.0,5.0,5.0,5.0,5.0,5.0,5.0,5.0,5.0,5.0,5.0,5.0,5.0,5.0,5.0,5.0,5.0,5.0,5.0,5.0,5.0,5.003771,DL,Liga,D
Fran Delgado,5.0,5.0,5.0,5.0,5.0,5.0,5.0,5.0,5.0,5.0,5.0,5.0,5.0,5.0,5.0,5.0,5.0,5.0,5.0,5.0,5.0,5.0,5.0,5.0,5.0,5.0,5.0,5.0,5.0,5.0,5.0,5.0,5.0,5.0,5.0,5.0,5.0,5.0,5.0,5.0,5.003771,DL,Liga,D
Fernández Federico,5.0,5.0,5.0,5.0,5.0,5.0,5.0,5.0,5.0,5.0,5.0,5.0,5.0,5.0,5.0,5.0,5.0,5.0,5.0,5.0,5.0,5.0,5.0,5.0,5.0,5.0,5.0,5.0,5.0,5.0,5.0,5.0,5.0,5.0,5.0,5.0,5.0,5.0,5.0,5.0,5.003771,DC,Liga,D
Feddal Zouhair,5.0,5.0,5.0,5.0,5.0,5.0,5.0,5.0,5.5,5.5,5.0,5.0,5.5,4.5,5.0,4.0,5.0,5.0,5.0,5.0,5.0,5.0,5.0,5.0,5.0,5.0,5.0,5.0,5.0,5.0,5.0,5.0,5.0,5.0,5.0,5.0,5.0,5.0,5.0,5.0,5.000761,DC,Liga,D
Fresneda Iván,5.0,5.0,5.0,5.0,5.0,5.0,5.0,5.0,5.0,5.0,5.0,5.0,5.0,5.0,5.0,4.5,5.0,4.5,5.5,5.5,5.0,5.0,5.0,5.0,5.0,5.0,5.0,5.0,5.0,5.0,5.0,5.0,5.0,5.0,5.0,5.0,5.0,5.0,5.0,5.0,4.9950256,DL,Liga,D
El Hilali Omar,5.0,5.0,5.0,5.0,5.0,5.5,5.0,4.5,5.0,5.0,5.0,5.0,5.0,5.0,5.0,5.0,5.0,5.0,5.0,5.0,5.0,5.0,5.0,5.0,5.0,5.0,5.0,5.0,5.0,5.0,5.0,5.0,5.0,5.0,5.0,5.0,5.0,5.0,5.0,5.0,4.9882755,DL,Liga,D
Vázquez Kevin,5.0,4.79,5.0,5.0,5.0,5.0,5.0,5.0,5.0,5.0,5.0,5.0,5.0,5.0,5.0,5.0,5.0,5.0,5.0,5.0,5.0,5.0,5.0,5.0,5.0,5.0,5.0,5.0,5.0,5.0,4.5,5.0,6.0,3.0,5.0,6.0,4.5,5.0,3.5,5.0,4.981047,DL,Liga,D
Fernández Joaquín,5.0,5.0,3.0,4.5,3.5,6.5,4.5,5.5,4.0,5.5,4.0,7.0,6.0,5.0,6.0,5.0,4.5,5.0,5.5,5.0,5.0,5.0,5.0,5.0,5.0,5.0,5.0,5.0,5.0,5.0,5.0,5.0,5.0,5.0,5.0,5.0,5.0,5.0,5.0,5.0,4.972021,DC,Liga,D
Berchiche Yuri,4.85,5.23,5.5,5.0,4.85,4.85,4.85,4.85,4.85,4.85,4.85,5.0,3.0,6.0,4.5,4.85,5.5,5.0,4.5,4.5,4.85,4.85,5.0,4.85,6.0,6.5,4.85,5.0,4.5,6.5,7.0,4.85,3.5,5.5,6.0,6.0,5.0,5.5,5.0,4.85,4.9519205,DL,Liga,D
Akieme Sergio,4.91,4.91,4.5,5.0,6.5,5.0,5.5,5.0,4.5,6.0,3.0,5.0,4.5,5.0,4.5,5.5,4.5,4.5,5.0,4.91,4.91,4.91,4.91,4.91,4.91,4.91,4.91,4.91,4.91,4.91,4.91,4.91,4.91,4.91,4.91,4.91,4.91,4.91,4.91,4.91,4.94497,DL,Liga,D
Martinez Arnau,4.93,4.93,5.0,4.93,4.93,5.0,5.0,6.0,4.0,4.5,5.0,4.0,4.93,4.5,5.5,6.0,4.5,4.5,5.0,5.5,4.93,4.93,4.93,4.93,4.93,4.93,4.93,4.93,4.93,4.93,4.93,4.93,4.93,4.93,4.93,4.93,4.93,4.93,4.93,4.93,4.9358516,DL,Liga,D
Molina Nahuel,4.96,5.13,5.0,4.0,4.96,4.96,5.5,4.96,6.0,5.0,5.5,5.0,4.5,3.0,5.0,5.0,4.96,4.5,4.5,7.0,6.0,2.5,4.96,5.0,7.0,3.5,5.0,5.0,5.5,6.5,4.5,7.0,6.0,6.0,4.0,4.0,5.0,4.5,7.5,4.96,4.9228997,DL,Liga,D
Calero Fernando,4.94,4.87,5.0,4.5,4.0,6.5,4.94,4.5,5.0,5.0,5.5,4.0,5.0,4.94,5.5,4.0,4.5,6.0,5.0,5.0,4.94,4.5,4.5,4.94,5.0,4.94,4.94,6.0,5.5,5.5,4.0,6.0,5.0,5.0,3.0,4.5,3.5,4.94,5.0,4.94,4.9206724,DC,Liga,D
Felipe,4.67,5.03,4.67,4.67,4.67,4.67,4.67,4.0,4.67,4.67,4.67,4.67,4.67,4.67,4.67,5.0,4.67,4.67,5.0,4.67,4.5,4.67,5.5,4.67,3.5,5.5,4.67,6.0,5.0,5.0,5.0,5.0,6.0,4.67,4.67,5.0,5.0,5.0,5.5,5.0,4.9129863,DC,Liga,D
Paredes Aitor,4.9,4.9,4.9,4.9,5.0,4.9,4.9,5.0,5.0,4.9,4.9,4.9,4.9,4.9,4.9,4.9,4.9,4.9,5.0,4.5,4.9,4.9,4.9,4.9,4.9,4.9,4.9,4.9,4.9,4.9,4.9,4.9,4.9,4.9,4.9,4.9,4.9,4.9,4.9,4.9,4.911212,DC,Liga,D
Aidoo Joseph,4.78,4.93,4.5,4.0,6.0,6.0,3.0,3.5,6.0,5.0,4.5,2.0,6.5,3.5,4.5,6.0,5.5,6.5,5.5,3.5,4.5,6.0,5.5,5.5,5.0,5.0,4.0,4.78,4.5,5.5,5.5,5.0,6.0,4.0,5.0,6.0,4.5,6.0,4.0,4.78,4.9032674,DL,Liga,D
Alex Telles,4.92,4.86,5.0,5.0,5.0,4.92,5.0,5.0,4.5,4.5,5.0,5.0,4.5,5.0,5.0,5.5,4.92,4.92,4.92,4.92,4.92,4.92,4.5,5.0,4.92,4.92,4.92,5.0,3.5,5.0,4.92,4.5,5.0,5.0,3.0,7.0,3.5,5.5,5.0,5.0,4.900001,DL,Liga,D
Navas Jesús,5.13,5.05,4.5,5.13,4.0,5.13,5.0,6.0,5.5,5.13,5.0,6.0,5.0,5.0,5.5,5.0,4.5,5.5,5.0,5.5,5.13,5.13,5.13,5.13,5.13,5.0,5.0,5.13,4.5,6.0,4.0,6.0,3.5,5.0,5.0,5.0,5.0,5.0,5.5,5.13,4.897487,DL,Liga,D
Mingueza Óscar,4.82,4.97,4.0,4.82,4.82,5.0,4.82,4.82,5.0,5.0,5.0,3.0,5.0,4.0,4.5,5.0,6.0,7.0,4.5,4.5,4.82,4.82,4.82,4.82,4.82,5.0,4.82,4.82,4.82,4.82,4.82,4.82,5.0,4.82,4.82,4.82,5.0,5.5,5.0,6.5,4.885661,DC,Liga,D
Kiko Femenía Kiko,4.96,4.77,4.96,4.96,5.0,6.0,5.0,5.0,5.0,4.5,4.96,4.0,5.5,4.5,4.0,6.0,5.0,4.96,5.0,4.96,4.5,4.96,6.0,4.5,4.5,5.0,5.0,4.96,5.0,5.0,4.96,5.5,3.0,5.0,4.96,4.0,5.0,4.96,4.5,3.5,4.8805795,DL,Liga,D
Chust Victor,4.55,4.84,5.5,3.5,4.0,3.0,4.55,6.0,5.5,5.0,5.0,4.55,3.0,4.5,5.0,4.55,4.55,4.55,4.55,4.55,3.5,5.0,6.0,5.5,6.0,5.5,5.5,5.5,4.5,6.0,5.5,4.5,5.0,3.5,4.55,5.0,4.0,4.55,4.55,5.0,4.8797536,DC,Liga,D
Bueno Santiago,4.94,4.94,5.0,6.0,5.0,5.0,6.0,5.0,3.0,4.5,4.5,4.0,4.5,5.5,6.0,5.5,4.5,5.0,5.5,4.5,4.94,4.94,4.94,4.94,4.94,4.94,4.94,4.94,4.94,4.94,4.94,4.94,4.94,4.94,4.94,4.94,4.94,4.94,4.94,4.94,4.8703456,DC,Liga,D
Bigas Pedro,4.66,4.85,3.5,5.5,4.5,3.5,3.5,4.5,4.66,4.0,6.0,4.0,4.5,5.0,4.5,5.0,5.5,5.5,4.66,5.5,4.66,4.66,4.66,6.0,4.66,5.5,4.0,4.66,4.66,4.66,4.5,4.66,7.0,4.66,5.0,3.5,4.0,4.66,6.0,6.0,4.869348,DC,Liga,D
Pacheco Jon,4.78,4.82,4.78,4.78,5.0,4.78,3.0,5.0,4.0,6.0,4.78,5.5,4.78,3.5,5.5,5.5,4.78,4.78,4.78,4.78,4.78,4.78,4.78,4.78,5.0,4.78,4.78,4.0,5.5,4.78,4.78,4.78,4.78,4.78,4.78,4.78,5.0,4.78,4.78,5.0,4.8647947,DC,Liga,D
Nastasic Matija,4.92,4.81,4.92,4.92,4.92,4.92,3.0,4.92,4.92,4.92,4.92,5.0,5.0,4.92,6.5,4.92,4.5,4.92,4.92,5.5,4.92,4.92,4.92,5.0,4.0,4.92,4.92,4.92,4.92,4.92,4.92,4.92,4.92,4.92,4.92,4.92,4.92,4.92,4.92,4.92,4.864745,DC,Liga,D
Foulquier Dimitri,5.0,4.78,5.0,5.0,5.0,5.0,5.0,5.0,5.0,4.5,5.0,6.0,5.0,4.5,5.0,5.0,5.0,5.0,5.0,5.0,5.0,5.0,4.0,5.5,5.0,3.0,5.0,5.0,4.5,5.5,5.0,5.0,4.0,5.0,5.0,4.5,3.0,5.0,5.5,5.0,4.862892,DL,Liga,D
Rekik Karim,4.88,4.9,4.0,6.5,3.5,4.88,5.0,4.88,5.0,4.88,4.88,4.88,4.88,4.88,6.0,4.5,4.88,4.88,4.88,4.5,4.88,5.0,4.0,4.88,6.0,4.88,4.88,4.88,4.88,4.88,4.5,4.88,4.88,4.88,4.88,4.88,4.88,4.5,5.5,5.0,4.8424335,DC,Liga,D
David García,5.22,5.18,4.5,6.0,5.0,5.5,5.5,3.5,4.0,5.22,4.5,6.0,5.22,6.0,5.5,5.5,4.5,5.5,6.5,5.5,6.0,5.22,7.5,5.22,6.0,3.5,5.22,6.0,5.22,6.0,2.0,6.0,6.0,4.0,6.0,5.0,5.5,5.22,4.0,3.5,4.840213,DC,Liga,D
Kike Salas,4.83,4.83,4.83,4.83,4.83,4.83,5.0,5.0,4.5,4.83,4.83,3.5,4.83,4.83,4.83,5.0,6.0,4.83,4.83,4.83,4.83,4.83,4.83,4.83,4.83,4.83,4.83,4.83,4.83,4.83,4.83,4.83,4.83,4.83,4.83,4.83,4.83,4.83,4.83,4.83,4.827124,DL,Liga,D
Mitrovic Stefan,4.96,4.85,3.0,3.5,4.96,4.0,5.5,7.0,5.0,4.5,6.0,4.5,5.5,5.5,5.5,5.0,5.0,4.96,4.96,4.96,5.5,5.5,5.5,5.5,3.5,5.5,4.0,3.5,5.5,5.0,4.5,4.5,4.5,6.0,4.5,4.96,4.5,4.96,3.5,4.96,4.8246255,DC,Liga,D
Álvarez Gastón,4.83,4.83,4.83,4.83,5.0,5.0,5.0,7.0,4.0,4.83,4.83,4.83,4.83,5.0,4.0,4.83,4.83,4.83,3.5,5.0,4.83,4.83,4.83,4.83,4.83,4.83,4.83,4.83,4.83,4.83,4.83,4.83,4.83,4.83,4.83,4.83,4.83,4.83,4.83,4.83,4.8065906,DC,Liga,D
Gil Óscar,4.77,4.85,3.5,4.0,3.5,6.0,4.0,4.77,4.77,4.5,5.5,4.77,6.0,5.0,5.0,5.0,5.0,3.5,4.5,6.5,5.0,5.0,4.5,3.5,4.77,5.5,2.5,5.5,5.0,6.0,5.0,7.0,5.0,4.77,4.77,4.77,4.77,4.77,4.77,4.77,4.7960024,DL,Liga,D
Suárez Mario,5.0,4.67,5.0,5.0,5.0,5.0,5.0,5.0,5.0,5.0,5.0,5.0,5.0,5.0,5.0,5.0,5.0,5.0,5.0,5.0,5.0,5.0,5.0,5.0,5.0,4.5,5.5,4.0,5.5,4.5,3.5,5.0,5.0,5.0,5.0,6.0,5.0,4.5,3.0,5.0,4.79271,DC,Liga,D
Escudero Sergio,4.9,4.84,4.0,5.0,3.0,5.5,4.9,4.9,5.0,6.0,5.0,4.9,5.0,4.9,5.5,4.9,5.0,4.9,4.9,4.9,4.9,5.0,4.5,4.9,4.5,4.9,4.9,4.9,4.9,5.5,4.5,3.0,4.0,5.0,5.0,7.0,5.0,4.9,4.5,4.9,4.7902126,DL,Liga,D
Chumi,4.78,4.78,4.0,5.0,5.0,4.78,4.78,4.5,4.78,4.78,4.78,5.0,5.0,4.78,4.0,4.78,5.5,4.78,5.0,4.78,4.78,4.78,4.78,4.78,4.78,4.78,4.78,4.78,4.78,4.78,4.78,4.78,4.78,4.78,4.78,4.78,4.78,4.78,4.78,4.78,4.787159,DC,Liga,D
Marcão,4.75,4.75,4.75,4.75,4.75,4.75,4.75,4.75,4.75,5.0,6.0,4.75,4.0,4.0,4.75,4.75,4.75,4.75,4.75,4.75,4.75,4.75,4.75,4.75,4.75,4.75,4.75,4.75,4.75,4.75,4.75,4.75,4.75,4.75,4.75,4.75,4.75,4.75,4.75,4.75,4.7866297,DC,Liga,D
Javi Sánchez,4.83,4.83,4.83,6.0,3.0,5.0,4.5,5.5,4.5,6.0,4.5,5.5,5.0,5.5,6.0,4.83,4.0,4.83,4.0,3.5,4.83,4.83,4.83,4.83,4.83,4.83,4.83,4.83,4.83,4.83,4.83,4.83,4.83,4.83,4.83,4.83,4.83,4.83,4.83,4.83,4.7754107,DC,Liga,D
Javi Galán,4.47,4.77,5.0,3.5,4.5,6.0,3.5,3.5,4.5,4.5,3.5,3.0,4.5,3.5,4.0,7.0,5.0,5.0,5.0,5.0,4.0,5.5,4.5,6.5,5.0,6.5,4.0,4.47,5.0,4.47,6.5,4.0,6.0,4.5,4.5,7.0,4.0,5.5,3.5,4.47,4.7728276,DL,Liga,D
Arzamendia Santiago,4.64,4.75,5.0,5.5,3.0,4.64,4.64,4.64,4.64,4.64,4.64,5.0,4.64,4.64,4.64,4.64,4.64,4.5,4.5,5.0,3.5,5.0,4.5,4.64,4.64,4.64,5.5,5.0,4.64,4.64,4.64,4.64,5.0,4.64,5.5,4.64,4.64,4.64,4.64,4.64,4.758689,DL,Liga,D
Saveljich Esteban,5.0,4.63,5.0,5.0,5.0,5.0,5.0,5.0,5.0,5.0,5.0,5.0,5.0,5.0,5.0,5.0,5.0,5.0,5.0,5.0,5.5,5.0,4.5,4.0,3.5,4.5,5.0,5.0,5.0,5.0,5.0,5.0,5.0,5.0,5.0,5.0,5.0,5.0,5.0,5.0,4.7548714,DC,Liga,D
Gorosabel Andoni,4.88,5.0,4.88,5.0,6.0,4.0,5.0,5.0,4.5,4.88,5.0,5.0,5.0,4.0,5.0,4.88,5.0,4.88,5.0,4.88,5.0,4.88,4.88,5.0,5.5,3.0,4.88,3.0,5.0,5.5,5.5,5.0,5.0,5.0,6.0,6.0,6.5,6.5,4.0,4.88,4.749321,DL,Liga,D
Fernández Mercau Nicolás,4.75,4.75,4.75,4.75,4.75,4.75,3.5,4.5,4.75,5.0,4.5,5.5,4.75,5.0,5.0,5.0,4.75,4.75,4.75,4.75,4.75,4.75,4.75,4.75,4.75,4.75,4.75,4.75,4.75,4.75,4.75,4.75,4.75,4.75,4.75,4.75,4.75,4.75,4.75,4.75,4.7373056,DL,Liga,D
Iglesias Juan,4.65,4.69,4.0,3.0,5.0,3.0,5.0,7.0,3.5,4.65,5.0,5.0,5.0,5.0,5.0,5.0,5.0,4.0,4.5,5.0,4.65,4.65,4.65,5.0,4.65,4.65,5.5,3.0,5.0,5.0,5.0,4.65,5.0,4.65,4.65,5.0,4.5,4.65,4.5,4.65,4.731422,DC,Liga,D
Mojica Johan,4.9,5.24,3.5,6.0,4.0,4.9,5.5,5.0,4.9,4.9,4.9,3.0,5.5,4.9,5.0,4.9,4.9,4.9,5.5,6.0,7.0,6.0,5.0,7.0,4.5,4.5,3.0,4.9,6.5,4.5,4.9,6.0,7.0,6.0,5.5,4.9,4.5,4.9,4.9,5.0,4.7294054,DL,Liga,D
Moreno Alberto,4.89,5.16,4.89,4.89,4.89,4.89,4.89,4.89,4.89,4.89,5.0,5.0,5.0,4.5,3.5,5.5,4.5,6.0,4.89,5.0,7.0,4.5,5.5,6.5,5.5,4.5,4.89,5.0,4.89,4.89,4.89,4.89,4.89,4.89,4.89,4.89,4.89,4.89,4.89,4.89,4.7243986,DL,Liga,D
Verdú Gonzalo,4.64,4.94,4.64,4.64,4.64,4.64,4.64,4.0,4.64,5.5,5.5,3.5,6.0,4.5,4.64,4.64,3.5,4.64,4.64,4.64,4.5,5.5,5.5,5.0,4.0,4.64,4.64,4.64,5.0,4.64,4.64,4.5,6.0,6.0,5.5,4.64,4.64,4.64,4.64,5.0,4.723502,DC,Liga,D
Hernández Luis,4.75,4.91,5.0,5.5,2.5,3.0,3.0,6.0,5.5,4.5,6.0,4.75,3.0,5.0,6.0,4.75,5.5,6.0,4.5,5.0,4.75,4.75,4.75,5.0,5.5,4.5,5.0,5.5,4.0,6.0,5.0,4.5,5.5,4.0,5.0,6.0,5.5,4.5,5.5,4.75,4.7210946,DC,Liga,D
Peña Rubén,4.82,4.83,6.0,6.0,4.5,4.82,4.82,4.5,4.5,3.5,4.82,4.82,4.5,6.5,5.0,4.5,3.5,4.82,4.82,4.82,4.82,4.82,4.82,4.82,4.82,4.82,4.82,4.82,4.82,4.82,4.82,4.82,4.82,4.82,4.82,4.82,4.82,4.82,5.0,4.82,4.718385,DL,Liga,D
Núñez Unai,4.79,4.71,5.0,4.0,6.0,6.0,2.0,4.0,6.0,3.5,4.5,4.79,4.5,4.0,5.0,6.0,5.0,6.0,5.0,5.0,4.79,4.79,4.79,4.79,3.0,4.79,4.79,4.79,4.79,4.79,5.0,4.79,4.79,4.79,4.79,4.79,4.79,4.79,4.79,4.79,4.71732,DC,Liga,D
Gutiérrez Miguel,4.79,4.79,5.0,5.5,5.0,5.5,5.0,6.0,3.5,4.0,5.0,4.0,5.0,5.0,5.0,4.79,4.5,4.0,5.0,4.5,4.79,4.79,4.79,4.79,4.79,4.79,4.79,4.79,4.79,4.79,4.79,4.79,4.79,4.79,4.79,4.79,4.79,4.79,4.79,4.79,4.7165723,DL,Liga,D
El Yamiq Jawad,4.77,4.77,4.5,4.0,4.77,4.77,4.77,4.77,5.0,4.77,4.77,5.0,6.0,5.0,5.0,4.0,4.77,5.5,4.5,4.0,4.77,4.77,4.77,4.77,4.77,4.77,4.77,4.77,4.77,4.77,4.77,4.77,4.77,4.77,4.77,4.77,4.77,4.77,4.77,4.77,4.715732,DC,Liga,D
Elustondo Aritz,4.93,5.06,5.0,3.0,5.5,5.0,4.93,5.0,4.0,5.5,5.0,6.0,4.93,4.0,3.5,4.93,6.0,5.0,5.0,6.5,6.0,4.93,5.0,5.0,6.0,4.93,4.93,3.5,4.93,5.5,4.93,5.0,5.0,4.93,5.0,4.93,7.0,4.93,4.5,5.0,4.713225,DC,Liga,D
Nianzou Tanguy,4.67,4.67,4.67,5.0,4.5,3.5,5.0,5.0,4.0,5.5,5.5,5.5,4.67,4.67,4.67,4.0,4.67,4.5,4.0,4.67,4.67,4.67,4.67,4.67,4.67,4.67,4.67,4.67,4.67,4.67,4.67,4.67,4.67,4.67,4.67,4.67,4.67,4.67,4.67,4.67,4.7048454,DC,Liga,D
Unai García,4.9,4.83,5.0,6.0,4.5,5.0,6.0,3.5,6.5,3.0,4.9,5.5,5.0,6.5,5.0,4.0,3.0,4.9,5.0,4.9,4.9,4.9,4.9,4.9,4.9,4.9,4.9,4.9,4.9,4.9,4.9,4.9,4.9,4.9,4.9,4.9,5.5,4.9,4.5,3.5,4.701918,DC,Liga,D
Amavi Jordan,4.63,4.88,4.63,4.63,4.63,4.63,4.63,4.63,4.63,5.0,4.63,4.63,5.0,4.0,4.63,4.5,4.63,4.63,4.63,4.63,4.63,5.0,5.0,4.63,4.63,4.63,4.63,4.63,4.63,5.0,4.63,4.63,5.0,5.0,4.5,4.63,5.0,4.63,5.5,4.63,4.6955714,DL,Liga,D
Olaza Lucas,4.6,4.93,4.5,5.0,4.6,4.6,3.5,4.5,4.6,4.6,5.0,6.0,4.6,4.0,5.0,4.5,4.6,4.6,4.6,4.0,4.6,4.6,4.6,4.6,4.6,4.6,4.6,4.6,5.0,4.6,5.0,4.6,4.6,5.0,4.6,4.6,4.6,6.0,7.0,4.6,4.685416,DL,Liga,D
Momo Mbaye,4.7,4.7,4.7,4.7,4.7,4.7,3.0,4.7,4.7,4.7,4.7,5.0,4.7,5.0,4.7,4.7,4.7,4.7,5.0,5.5,4.7,4.7,4.7,4.7,4.7,4.7,4.7,4.7,4.7,4.7,4.7,4.7,4.7,4.7,4.7,4.7,4.7,4.7,4.7,4.7,4.666532,DC,Liga,D
Acuña Marcos,4.96,5.09,5.0,5.0,4.96,4.0,5.0,5.0,4.96,5.0,5.0,4.5,4.96,5.0,5.0,4.96,5.0,7.0,4.0,4.96,7.0,4.5,5.0,4.96,6.0,4.96,5.5,4.96,5.5,4.96,4.96,4.96,4.0,5.0,5.0,4.0,5.0,5.5,5.0,6.0,4.663601,DL,Liga,D
Alderete Omar,4.58,4.61,4.58,4.58,4.58,4.58,4.58,4.58,4.58,4.58,4.58,4.58,4.58,4.58,5.5,4.0,5.5,3.0,5.0,4.5,3.0,5.0,5.0,4.58,4.58,3.0,4.58,4.58,5.0,6.0,4.5,5.0,4.58,4.58,5.0,5.5,3.5,5.0,4.58,4.58,4.6603255,DC,Liga,D
Kaiky,4.63,4.63,4.5,5.0,4.5,4.5,4.63,4.63,4.0,5.0,4.63,4.63,4.5,4.63,5.0,4.63,4.63,4.63,4.63,4.63,4.63,4.63,4.63,4.63,4.63,4.63,4.63,4.63,4.63,4.63,4.63,4.63,4.63,4.63,4.63,4.63,4.63,4.63,4.63,4.63,4.656735,DC,Liga,D
Lirola Pol,4.69,4.78,4.69,5.5,4.0,4.69,3.5,4.69,3.5,6.0,4.69,4.69,4.69,5.0,4.0,6.0,4.69,4.69,4.69,4.69,5.0,5.5,4.5,5.0,5.5,4.5,4.5,5.0,5.0,4.69,5.0,5.0,5.0,4.5,5.0,4.0,5.0,4.5,5.0,4.69,4.651958,DL,Liga,D
Juan Cruz,4.87,4.77,5.0,6.0,4.5,4.5,6.0,4.0,5.0,4.5,5.0,5.0,5.5,5.0,4.87,4.0,4.0,5.0,4.87,4.87,5.5,4.0,6.0,4.87,6.0,3.0,4.87,5.5,4.87,5.5,4.0,4.87,4.87,4.87,4.0,5.0,5.0,4.0,4.87,3.0,4.6490026,DL,Liga,D
Clerc Carlos,4.61,4.5,4.61,4.61,4.61,4.0,4.61,5.0,3.5,5.5,6.0,4.5,4.5,4.5,4.0,4.5,3.5,5.0,5.0,5.0,4.61,4.61,4.0,3.0,4.61,5.0,4.61,4.61,4.61,4.61,4.61,4.61,4.61,4.61,4.61,4.61,4.61,4.61,4.61,4.61,4.646428,DL,Liga,D
Espino Alfonso,4.53,4.76,4.0,4.5,3.0,3.5,2.5,5.0,5.5,5.0,4.0,5.5,3.0,6.0,5.0,4.0,5.0,6.0,5.0,5.0,3.5,5.0,5.0,5.0,5.0,6.0,4.53,6.0,5.5,5.0,4.0,5.0,4.5,3.5,5.0,6.0,4.0,5.0,6.5,5.0,4.644453,DL,Liga,D
Helibelton Palacios,4.65,4.79,4.0,4.65,5.0,3.0,4.65,4.5,4.0,5.5,6.0,4.0,5.0,4.65,4.65,4.65,4.5,5.5,5.0,4.5,5.5,4.65,4.5,5.0,5.0,4.65,4.65,4.65,6.0,4.65,5.0,4.0,4.65,4.5,4.65,4.5,4.5,4.65,4.65,6.0,4.616633,DL,Liga,D
Dakonam Djené,4.63,4.88,3.5,3.5,5.0,3.5,4.63,4.63,3.0,4.0,6.0,4.5,5.0,5.5,4.0,5.5,6.0,5.0,4.0,6.0,5.0,5.5,6.0,7.0,3.0,5.5,4.0,4.0,5.5,6.0,6.0,3.5,4.63,6.0,5.5,5.5,5.5,5.0,3.5,4.63,4.5989814,DC,Liga,D
Espinosa Bernardo,4.6,4.6,4.6,4.6,4.6,5.0,5.0,4.0,3.0,4.5,5.5,3.0,4.6,4.6,4.6,5.0,4.6,4.6,5.5,5.5,4.6,4.6,4.6,4.6,4.6,4.6,4.6,4.6,4.6,4.6,4.6,4.6,4.6,4.6,4.6,4.6,4.6,4.6,4.6,4.6,4.587943,DC,Liga,D
Diego González,4.56,4.77,5.0,4.56,4.56,4.56,4.56,5.0,4.5,4.56,6.0,4.56,4.56,4.56,4.5,4.5,4.0,3.5,4.0,4.56,4.56,5.0,6.0,5.0,4.56,5.0,4.56,4.56,5.5,5.5,4.5,3.5,5.0,5.5,4.0,4.56,4.56,5.5,4.56,4.0,4.5774236,DC,Liga,D
Balliu Iván,4.97,4.78,5.0,6.5,4.0,4.0,6.0,4.0,5.5,3.5,5.5,5.5,5.0,6.5,4.5,5.0,5.0,4.5,5.5,4.0,7.0,5.5,5.0,3.5,3.0,3.5,4.5,4.5,5.5,5.0,5.5,5.0,5.0,4.97,4.97,5.5,3.0,4.5,3.5,3.5,4.5673594,DL,Liga,D
Montiel Gonzalo,4.6,4.64,4.6,4.0,4.6,4.0,4.6,4.6,4.6,5.0,5.0,4.5,5.0,5.0,3.5,4.6,4.6,4.6,5.0,5.0,5.0,5.0,4.0,4.6,4.6,4.6,4.6,4.6,4.6,5.0,5.0,4.6,4.6,4.5,4.6,5.0,4.6,4.0,4.6,4.6,4.536438,DL,Liga,D
Pérez Luis,4.57,4.57,4.0,5.0,3.0,5.5,5.0,4.57,4.57,4.57,4.57,4.57,4.57,4.57,4.57,4.57,5.0,4.57,4.57,4.5,4.57,4.57,4.57,4.57,4.57,4.57,4.57,4.57,4.57,4.57,4.57,4.57,4.57,4.57,4.57,4.57,4.57,4.57,4.57,4.57,4.526779,DL,Liga,D
Abner,4.5,4.5,4.5,4.5,4.5,4.5,4.5,4.5,4.5,4.5,4.5,4.5,4.5,4.5,4.5,4.5,4.5,4.5,4.5,4.5,4.5,4.5,4.5,4.5,4.5,4.5,4.5,4.5,4.5,4.5,4.5,4.5,4.5,4.5,4.5,4.5,4.5,4.5,4.5,4.5,4.490743,DC,Liga,D
Juanpe,4.5,4.5,5.0,4.5,4.5,5.0,5.5,4.5,3.0,4.5,4.5,4.5,4.5,4.5,4.5,4.5,4.5,4.5,4.5,4.0,4.5,4.5,4.5,4.5,4.5,4.5,4.5,4.5,4.5,4.5,4.5,4.5,4.5,4.5,4.5,4.5,4.5,4.5,4.5,4.5,4.488717,DC,Liga,D
Nacho Vidal,4.69,4.71,4.5,5.0,4.5,5.5,5.5,3.5,5.0,4.0,5.0,5.0,4.5,4.69,5.0,4.0,4.69,4.69,4.69,4.69,5.5,4.0,7.0,4.69,5.0,4.0,4.69,6.0,4.69,5.0,3.5,5.0,5.0,2.5,5.0,5.0,5.0,4.0,4.69,4.0,4.476575,DL,Liga,D
Muñoz Aihen,4.56,4.71,5.0,2.5,5.0,5.0,4.5,5.0,4.0,5.0,5.0,4.56,4.56,4.56,4.56,4.56,4.56,4.56,4.56,4.56,6.0,4.56,4.56,4.56,6.0,3.0,4.56,4.56,4.56,4.56,4.56,5.0,4.56,4.56,4.56,4.56,5.0,4.56,4.56,4.56,4.404071,DL,Liga,D
Roco Enzo,4.35,4.62,3.5,5.5,4.5,3.0,2.5,4.35,5.0,4.35,6.0,4.35,4.5,4.5,4.0,4.0,4.35,4.35,5.0,4.5,6.0,4.35,4.35,4.35,4.5,5.5,3.0,4.35,5.5,4.5,4.35,3.5,6.0,5.5,5.0,4.35,4.5,5.0,5.0,4.35,4.329045,DC,Liga,D
Mendes Houboulang,4.5,4.62,4.5,4.5,5.0,4.5,4.5,4.5,3.5,5.5,4.0,5.0,4.5,5.0,4.0,4.5,4.5,3.5,5.0,4.5,4.5,5.5,3.0,4.5,5.5,5.0,6.0,3.0,6.0,5.0,3.0,7.0,4.5,5.0,3.0,5.0,3.5,5.0,4.5,4.5,4.2994604,DL,Liga,D
Zaldúa Joseba,4.35,4.61,4.5,5.0,3.0,3.0,3.0,6.0,5.0,4.0,5.0,5.0,4.35,4.35,4.35,4.35,4.35,4.35,4.35,4.35,5.0,4.35,4.5,5.0,5.0,4.35,4.35,4.5,4.5,5.0,4.35,5.0,4.35,5.0,5.0,4.35,4.35,4.5,5.0,4.35,4.283995,DL,Liga,D
Mallo Hugo,4.43,4.67,4.5,2.5,5.0,6.0,3.5,3.0,5.0,5.0,3.5,3.0,5.0,4.43,4.43,4.43,5.0,6.0,5.0,4.5,4.0,7.0,4.0,6.0,5.0,5.0,4.0,4.43,4.43,6.0,4.43,4.43,4.43,4.43,4.43,4.43,4.43,4.43,4.43,4.43,4.2206125,DL,Liga,D
Balenziaga Mikel,4.0,4.83,4.0,4.0,4.0,4.0,4.0,4.0,4.0,4.0,4.0,4.0,4.0,4.0,4.0,4.0,4.0,4.0,4.0,4.0,5.5,4.0,5.0,5.0,4.5,5.0,3.0,4.0,5.0,4.0,4.0,5.0,4.0,5.0,5.0,4.0,4.0,4.0,4.0,6.0,4.189445,DL,Liga,D
Angileri Fabrizio,4.0,4.0,3.0,3.0,4.0,2.0,4.5,4.0,4.0,5.0,4.0,5.5,5.0,4.0,4.0,4.0,4.0,4.0,4.0,4.0,4.0,4.0,4.0,4.0,4.0,4.0,4.0,4.0,4.0,4.0,4.0,4.0,4.0,4.0,4.0,4.0,4.0,4.0,4.0,4.0,4.0376163,DL,Liga,D
