Joueur,Note,Note 1 an,j1,j2,j3,j4,j5,j6,j7,j8,j9,j10,j11,j12,j13,j14,j15,j16,j17,j18,j20,j21,j22,j23,j24,j25,j26,j27,j28,j29,j30,j31,j32,j33,j34,j35,j36,j37,j38,j19,prediction_label,Poste,Championnat
Méndez Brais,6.12,5.77,5.5,4.0,7.0,6.0,6.0,6.5,7.0,7.0,6.5,6.0,5.0,6.0,5.5,7.0,8.0,6.12,5.0,6.0,5.0,5.5,5.0,8.0,5.0,5.0,5.5,6.12,5.0,5.5,5.0,5.0,7.0,4.5,5.0,5.5,5.5,6.0,5.0,6.12,6.4965024,MO,Liga
Pedri,6.15,6.24,5.5,7.5,7.0,6.0,5.0,7.5,5.0,7.0,5.0,6.0,5.5,7.0,6.0,7.0,6.0,5.0,6.15,6.5,6.15,6.15,6.0,5.5,6.5,6.0,7.0,6.15,6.15,7.0,7.0,6.5,6.15,6.15,6.15,6.15,6.15,6.15,6.15,6.15,6.238409,MO,Liga
García Aleix,6.03,6.03,5.5,6.0,5.5,5.0,8.0,5.5,4.5,7.0,7.0,5.5,5.0,6.0,7.0,6.5,5.0,7.0,7.0,5.5,6.03,6.03,6.03,6.03,6.03,6.03,6.03,6.03,6.03,6.03,6.03,6.03,6.03,6.03,6.03,6.03,6.03,6.03,6.03,6.03,6.165286,MO,Liga
Moi Gómez,5.81,5.53,6.0,6.5,5.5,6.5,6.0,4.0,5.0,5.0,5.0,6.0,6.0,7.5,6.0,5.5,5.5,5.0,8.0,5.5,5.0,4.5,5.5,5.81,5.81,6.5,5.0,4.5,4.5,4.5,5.81,5.0,5.0,5.5,4.5,5.81,5.81,5.81,7.0,5.81,6.006481,MO,Liga
Sancet Oihan,5.5,5.33,5.0,5.5,7.5,3.5,7.0,6.0,7.5,5.0,4.0,5.0,5.0,6.0,4.5,6.0,5.0,5.5,6.0,5.0,4.0,5.5,5.5,6.0,4.0,7.0,4.5,5.0,4.0,4.0,5.5,5.0,3.0,5.5,5.5,5.5,5.5,5.5,5.5,9.0,5.85491,MO,Liga
Rodríguez Guido,5.75,5.82,7.0,5.0,6.5,5.0,6.0,6.0,5.75,5.5,5.5,6.0,5.0,5.75,6.0,6.0,5.75,6.0,5.75,5.0,5.0,6.5,7.0,4.5,5.75,6.0,5.0,5.0,6.0,6.5,7.0,5.5,5.0,5.75,6.5,5.5,7.0,6.0,6.0,5.75,5.8548794,MO,Liga
Parejo Daniel,5.81,5.83,7.0,7.0,4.5,7.0,4.5,5.0,5.5,4.0,5.5,4.5,7.0,4.5,5.0,6.0,8.0,7.0,5.5,7.0,5.5,4.5,7.0,6.5,6.0,7.5,6.0,4.5,7.0,4.5,4.0,5.81,5.5,6.5,4.0,5.5,8.0,6.0,7.0,5.81,5.8261404,MO,Liga
Álvaro García,5.88,5.8,5.5,7.0,4.5,5.5,6.0,5.0,5.5,5.88,5.5,5.5,8.0,7.0,7.0,5.5,5.5,5.5,6.5,5.0,5.5,7.5,5.5,5.0,4.0,5.5,5.0,6.0,5.88,5.0,6.5,6.0,5.5,6.0,6.5,5.5,4.0,7.0,7.0,5.88,5.8098927,MO,Liga
Modric Luka,5.72,5.78,6.0,8.0,5.0,6.0,5.0,6.5,5.72,6.5,6.0,5.5,6.5,5.0,5.5,5.5,5.0,4.5,5.72,5.0,6.0,5.72,7.0,5.72,5.0,6.0,6.0,8.0,5.0,3.5,5.5,5.72,5.0,5.72,6.0,5.0,8.5,5.72,5.5,5.72,5.771158,MO,Liga
André Almeida,5.58,5.58,5.58,5.58,5.58,5.0,6.0,7.0,4.5,5.0,6.5,4.5,5.0,5.5,6.0,7.5,5.5,4.5,5.58,5.58,5.58,5.58,5.58,5.58,5.58,5.58,5.58,5.58,5.58,5.58,5.58,5.58,5.58,5.58,5.58,5.58,5.58,5.58,5.58,5.58,5.721298,MO,Liga
Alex Berenguer,5.44,5.59,5.0,6.5,8.0,5.5,7.0,6.5,5.5,6.0,5.0,5.0,3.0,6.0,5.5,5.44,4.5,4.0,4.5,5.0,5.0,5.44,5.0,5.0,6.0,7.5,5.44,8.0,5.0,7.0,7.0,5.0,4.5,5.44,4.5,5.0,4.5,7.0,5.0,6.5,5.7170696,MO,Liga
Gavi,5.5,5.48,5.0,6.0,6.0,7.0,6.0,6.0,6.0,6.0,4.5,6.0,4.0,4.5,5.0,5.5,5.0,6.0,5.5,5.0,5.5,5.0,5.5,7.0,4.5,7.0,6.0,5.5,5.5,5.0,5.0,6.0,5.0,6.0,5.5,5.5,5.5,5.5,3.5,5.5,5.640846,MO,Liga
Samuel Lino,5.59,5.59,5.5,4.5,5.0,7.0,6.0,6.0,5.0,6.5,5.0,5.5,5.5,5.0,7.0,6.0,6.0,4.0,5.59,5.59,5.59,5.59,5.59,5.59,5.59,5.59,5.59,5.59,5.59,5.59,5.59,5.59,5.59,5.59,5.59,5.59,5.59,5.59,5.59,5.59,5.628622,MO,Liga
De Paul Rodrigo,5.31,5.3,5.0,5.0,5.5,4.0,8.0,5.5,5.31,5.31,5.5,5.0,5.0,4.5,5.0,5.0,5.31,5.31,5.31,6.0,4.5,4.0,4.0,5.0,5.0,5.31,5.0,7.0,7.0,5.5,5.5,4.5,5.0,4.5,4.5,5.0,7.0,6.0,7.0,4.5,5.6055694,MO,Liga
Raphinha,5.41,5.18,5.0,5.0,7.0,7.0,6.0,4.5,4.0,5.0,5.0,4.5,5.41,6.0,5.0,6.0,6.0,4.5,5.41,6.0,3.5,6.0,5.41,4.5,5.0,4.0,6.0,4.0,4.5,5.41,5.41,5.0,7.5,4.0,5.5,4.0,4.5,5.5,7.5,3.5,5.5864806,MO,Liga
Melero Gonzalo,5.77,5.5,5.77,5.77,5.77,5.77,5.77,5.0,5.77,7.0,6.5,5.5,7.0,5.5,5.5,5.0,7.0,4.0,5.5,5.77,5.0,7.0,4.0,5.0,4.5,4.5,7.0,4.0,5.5,5.77,5.0,7.0,5.5,4.5,5.0,6.0,4.0,5.77,7.0,5.77,5.584343,MO,Liga
Silva David,5.63,5.66,6.0,4.5,5.5,5.0,4.5,4.5,5.5,7.0,5.0,5.5,4.5,5.63,5.63,5.5,6.0,7.0,7.0,7.0,5.63,5.63,5.5,5.0,5.5,4.0,5.63,5.0,5.63,5.5,5.0,7.0,5.5,5.63,5.63,7.0,8.0,6.0,5.63,5.0,5.555583,MO,Liga
Kubo Takefusa,5.37,5.13,6.5,3.5,4.5,5.0,4.5,6.0,7.0,5.5,4.0,5.0,4.0,5.37,5.37,6.0,5.5,6.0,7.5,5.37,4.5,5.37,4.0,6.0,6.5,4.5,5.37,5.37,3.5,5.5,4.5,5.0,5.5,5.5,5.0,4.0,5.0,4.5,5.37,5.37,5.539791,MO,Liga
Gabri Veiga Gabriel,5.53,5.41,4.5,5.0,5.0,5.5,7.0,4.5,7.0,5.5,5.5,5.0,4.5,5.5,5.53,4.5,6.0,6.0,7.0,6.0,5.53,5.53,5.53,5.53,5.53,5.53,5.53,5.53,5.53,5.53,5.53,5.53,5.53,5.53,4.0,5.0,5.0,5.0,6.0,5.53,5.528513,MO,Liga
Álex Baena,5.53,5.53,8.0,5.0,5.0,5.5,4.5,6.5,5.0,5.0,7.0,3.5,5.5,5.53,4.0,5.5,6.0,5.5,5.53,7.0,5.53,5.53,5.53,5.53,5.53,5.53,5.53,5.53,5.53,5.53,5.53,5.53,5.53,5.53,5.53,5.53,5.53,5.53,5.53,5.53,5.5203147,MO,Liga
Fekir Nabil,5.55,5.78,6.0,6.0,5.5,4.5,5.55,5.55,5.0,5.55,5.55,5.55,7.0,6.0,4.0,5.55,5.5,6.0,5.55,5.55,5.0,7.5,8.0,5.0,8.5,5.5,4.0,5.5,5.0,5.55,5.55,6.5,6.0,5.5,5.5,6.0,6.0,5.5,5.5,5.55,5.519997,MO,Liga
Ruíz de Galarreta Íñigo,5.54,5.43,5.54,5.54,5.0,5.0,5.5,5.5,5.5,6.0,4.5,5.0,6.0,5.5,5.0,6.0,5.54,7.0,5.54,6.0,6.0,5.54,3.5,5.5,5.5,5.5,5.54,5.54,5.54,5.54,5.54,5.54,5.54,5.54,5.54,5.54,5.54,5.54,5.54,5.0,5.510299,MO,Liga
Álex Fernández,5.16,5.13,5.16,5.16,5.0,5.0,4.5,6.0,5.0,5.5,6.5,5.0,4.5,6.5,5.5,4.0,5.0,4.5,5.0,5.0,4.0,4.0,5.5,5.5,5.16,5.16,5.0,5.0,5.0,5.16,5.16,4.5,6.0,5.5,6.0,7.0,4.5,5.0,4.5,4.5,5.4935164,MO,Liga
Torres Óliver,5.44,5.41,5.44,5.5,6.0,5.44,5.5,7.0,4.0,7.0,6.0,5.0,5.0,4.5,5.0,5.0,5.0,6.5,4.0,6.0,5.5,5.5,6.5,5.44,5.0,5.5,5.0,5.44,5.0,5.5,5.44,6.0,5.0,5.0,5.0,5.0,5.44,6.0,5.5,5.0,5.486357,MO,Liga
Edu Expósito,5.41,5.41,7.0,6.0,5.0,5.5,4.5,7.0,5.5,6.0,6.0,5.0,5.5,5.5,5.41,4.5,4.0,4.5,5.0,5.41,5.41,5.41,5.41,5.41,5.41,5.41,5.41,5.41,5.41,5.41,5.41,5.41,5.41,5.41,5.41,5.41,5.41,5.41,5.41,5.41,5.46625,MO,Liga
Musah Yunus,5.23,5.09,5.5,5.5,5.0,8.0,5.0,5.23,5.23,4.5,5.0,5.0,4.5,5.23,4.5,6.0,4.5,5.0,5.23,5.23,3.0,5.5,6.5,6.0,3.5,5.23,5.23,5.0,5.23,5.5,5.23,5.5,5.23,4.5,5.0,4.5,5.0,5.0,5.0,5.23,5.452649,MO,Liga
Rodri Rodrigo,5.42,5.33,6.0,5.5,5.0,5.42,7.5,6.0,6.0,5.0,5.0,5.5,5.0,5.42,5.42,4.5,5.42,4.5,5.42,5.0,5.42,5.0,5.42,5.0,5.5,5.42,5.42,5.42,5.42,5.42,5.5,5.42,5.42,5.42,5.42,4.5,5.5,6.0,4.5,5.42,5.4444475,MO,Liga
Chukwueze Samuel,5.32,5.41,5.5,5.5,5.5,5.5,5.0,6.0,5.0,5.0,5.0,5.32,5.0,4.0,4.5,5.0,7.0,6.0,6.0,5.0,5.32,5.32,5.32,5.5,5.5,6.5,5.5,5.0,6.0,4.5,5.32,6.0,5.5,5.5,6.0,6.5,5.0,4.5,5.0,5.32,5.4271493,MO,Liga
Milla Luis,5.25,5.48,5.25,5.25,5.25,5.25,5.25,3.5,5.25,4.5,6.0,5.0,6.0,5.0,5.5,5.0,6.0,5.5,5.5,5.5,5.25,4.0,4.0,5.25,6.0,6.5,6.0,4.5,6.5,6.0,7.0,7.0,4.5,6.0,5.5,6.5,5.5,4.5,5.0,6.5,5.4080796,MO,Liga
Lo Celso Giovani,5.38,5.21,5.38,5.5,5.5,7.0,5.5,4.5,5.5,4.5,5.38,5.38,5.38,5.0,5.38,5.38,5.38,5.38,5.38,5.38,5.38,5.0,5.38,5.0,5.5,6.0,5.0,5.5,5.0,4.5,4.5,5.0,5.0,5.0,6.0,7.0,4.0,4.5,5.5,5.38,5.4061594,MO,Liga
Trejo Óscar,5.38,5.17,5.5,6.0,6.0,5.5,7.0,6.0,5.5,5.0,4.0,5.38,5.0,5.38,6.5,5.0,5.5,4.0,5.0,4.5,6.0,4.5,5.5,3.5,4.0,5.0,4.0,4.0,6.0,6.0,5.38,5.0,5.0,5.0,5.0,5.5,5.38,5.38,5.38,5.5,5.400707,MO,Liga
Luiz Henrique,5.37,5.37,5.37,5.37,4.5,4.0,7.0,5.0,5.0,5.5,5.5,6.5,4.5,5.5,4.5,4.0,6.0,8.0,5.37,5.0,5.37,5.37,5.37,5.37,5.37,5.37,5.37,5.37,5.37,5.37,5.37,5.37,5.37,5.37,5.37,5.37,5.37,5.37,5.37,5.37,5.386375,MO,Liga
Lemar Thomas,5.42,5.2,6.0,5.5,6.5,5.42,6.0,5.42,5.42,5.0,5.5,5.0,5.42,5.42,6.0,5.0,5.5,4.5,5.5,4.5,5.0,5.5,5.0,4.5,5.5,5.42,4.5,6.0,5.42,5.42,4.5,4.5,4.0,5.42,5.42,5.42,5.42,5.42,4.5,6.0,5.383804,MO,Liga
Joaquín,5.36,5.18,5.36,5.36,5.36,5.0,5.36,5.36,5.5,5.36,6.0,6.5,5.0,5.36,5.36,5.36,4.5,5.36,5.36,5.0,5.36,5.36,5.36,5.36,5.36,5.0,5.0,5.0,5.36,5.0,6.0,5.0,5.0,5.0,5.0,5.36,5.5,4.5,5.0,5.36,5.3784895,MO,Liga
Papu Gómez,5.21,5.33,5.5,5.0,5.0,5.5,5.21,5.0,5.0,6.0,5.0,5.0,5.0,4.5,6.0,5.21,5.21,5.21,5.21,5.21,5.0,4.0,6.5,5.21,7.0,6.0,5.0,5.21,5.21,5.21,5.21,6.0,4.5,6.0,5.0,5.0,7.0,4.0,5.5,5.0,5.373573,MO,Liga
Rubén García,5.4,5.25,5.4,5.0,5.0,6.5,7.0,4.5,5.4,5.5,5.0,5.5,5.4,5.0,5.0,6.0,4.5,6.0,5.5,5.0,5.0,4.5,7.5,5.4,7.0,3.5,5.4,7.5,5.4,6.5,4.0,4.5,4.5,4.0,5.0,4.5,6.0,5.0,4.0,4.0,5.352159,MO,Liga
Ceballos Dani,5.3,5.35,5.0,5.0,5.5,5.0,6.5,5.0,5.0,5.3,5.3,5.3,5.3,5.3,5.3,4.5,5.5,5.3,5.3,6.0,5.0,5.3,5.3,5.3,5.3,5.0,5.0,5.0,5.3,5.3,5.0,5.0,5.3,6.5,7.0,5.3,5.3,5.5,5.0,5.3,5.3343434,MO,Liga
Samu Castillejo,5.25,5.25,6.0,4.0,5.5,7.0,5.5,7.0,4.5,5.25,5.25,5.25,5.25,4.5,5.0,6.0,4.0,4.0,5.25,5.25,5.25,5.25,5.25,5.25,5.25,5.25,5.25,5.25,5.25,5.25,5.25,5.25,5.25,5.25,5.25,5.25,5.25,5.25,5.25,5.25,5.33151,MO,Liga
Riquelme Rodrigo,5.21,5.21,5.0,5.5,5.21,4.0,6.0,5.0,5.5,6.0,4.5,6.0,5.0,4.5,4.5,4.5,5.5,5.0,6.0,6.0,5.21,5.21,5.21,5.21,5.21,5.21,5.21,5.21,5.21,5.21,5.21,5.21,5.21,5.21,5.21,5.21,5.21,5.21,5.21,5.21,5.3121576,MO,Liga
Lee Kang-In,5.5,5.2,5.0,7.0,7.0,6.5,5.0,4.5,6.0,5.0,5.0,5.0,7.0,5.0,5.5,5.5,4.0,6.0,4.5,5.5,5.5,5.5,5.0,5.5,5.5,4.5,5.5,5.5,5.0,4.5,5.0,4.0,4.0,4.5,5.5,5.0,5.5,5.0,5.5,5.0,5.3116555,MO,Liga
Rodríguez Óscar,5.32,5.19,5.5,4.5,6.0,7.0,5.32,5.0,6.0,6.0,5.0,5.0,5.0,5.0,5.0,5.0,5.0,5.5,5.0,5.0,5.0,5.0,5.0,5.5,5.5,5.5,4.0,3.5,5.0,5.5,4.5,5.0,5.0,7.0,5.0,5.5,5.0,5.0,5.0,5.0,5.3063207,MO,Liga
Dani Rodríguez,5.47,5.24,5.5,5.0,7.0,5.5,5.0,5.0,5.5,5.0,5.0,5.5,6.0,5.0,6.0,5.47,4.5,6.0,4.5,7.0,5.47,5.47,4.5,5.0,6.0,5.5,5.47,5.47,4.0,5.5,4.5,5.0,4.0,6.0,5.0,3.0,5.5,5.0,5.5,6.0,5.3061285,MO,Liga
Koke,5.25,5.15,5.5,5.0,5.5,5.5,6.0,5.0,5.5,5.0,5.5,5.25,5.25,5.25,5.25,5.0,5.0,5.0,4.0,6.0,5.0,4.0,5.5,4.0,5.0,7.0,5.25,5.25,4.0,7.0,5.25,3.5,4.5,5.0,5.0,5.0,5.0,5.0,6.5,5.25,5.2955966,MO,Liga
Santi Comesaña Santiago,5.31,5.15,5.31,5.31,5.5,5.0,5.0,5.0,5.0,5.0,5.0,5.5,6.5,5.5,7.0,4.5,5.5,4.5,6.0,4.5,5.0,5.5,6.0,5.5,4.5,4.5,5.0,5.0,6.0,4.5,4.5,5.31,5.5,5.5,5.0,5.5,3.5,5.31,5.0,4.0,5.290471,MO,Liga
Aguado Álvaro,5.24,5.24,3.5,6.0,5.0,5.5,5.0,5.24,5.0,5.0,4.5,7.0,5.0,5.5,6.0,5.5,5.5,5.5,4.5,5.0,5.24,5.24,5.24,5.24,5.24,5.24,5.24,5.24,5.24,5.24,5.24,5.24,5.24,5.24,5.24,5.24,5.24,5.24,5.24,5.24,5.266255,MO,Liga
Álex Collado Álex,5.33,5.29,5.33,6.0,6.5,3.5,4.0,5.33,5.33,5.33,5.5,5.33,5.5,5.33,4.5,7.5,5.0,5.33,5.33,5.33,5.33,5.0,4.0,5.33,4.5,4.5,5.5,5.33,4.5,7.0,4.5,5.33,6.0,6.0,5.5,5.0,7.0,4.5,5.5,5.33,5.2517104,MO,Liga
Toni Villa,5.22,5.22,4.5,5.22,5.0,5.0,5.0,4.5,5.22,5.0,5.0,5.0,5.0,5.0,5.5,5.0,5.0,7.0,7.0,5.0,5.22,5.22,5.22,5.22,5.22,5.22,5.22,5.22,5.22,5.22,5.22,5.22,5.22,5.22,5.22,5.22,5.22,5.22,5.22,5.22,5.2408175,MO,Liga
Cervi Franco,5.09,5.4,5.5,4.0,6.0,6.0,4.0,3.5,5.09,5.5,5.0,3.5,5.5,4.5,5.5,5.5,6.0,6.5,5.5,4.5,4.0,7.0,7.0,6.5,5.0,7.0,5.0,5.09,5.09,5.09,5.5,5.5,5.5,4.5,5.5,7.0,6.0,5.09,5.09,5.09,5.2319016,MO,Liga
Kike Pérez,5.15,5.16,5.5,5.0,3.5,7.0,4.0,5.5,6.5,6.5,4.5,5.5,5.15,4.5,5.0,4.5,5.5,4.5,5.5,4.5,5.15,5.15,5.15,5.15,4.5,6.0,5.15,5.15,5.15,5.5,5.15,4.5,5.5,4.5,4.5,4.0,5.5,5.0,7.5,5.15,5.206583,MO,Liga
Fidel,5.0,5.33,5.0,5.0,5.0,5.0,5.0,5.0,5.0,5.0,5.0,5.0,5.0,5.0,5.0,5.0,5.0,4.5,4.5,6.0,5.0,5.0,6.5,8.0,5.0,5.0,5.0,5.0,7.0,4.0,5.0,4.5,7.0,5.0,4.5,4.5,4.0,5.0,7.0,6.0,5.2041383,MO,Liga
Marín Pablo,5.2,5.2,5.2,5.2,5.2,5.2,5.2,5.2,5.2,5.2,5.2,5.2,5.0,5.0,5.2,5.0,5.2,5.0,5.2,6.0,5.2,5.2,5.2,5.2,5.2,5.2,5.2,5.2,5.2,5.2,5.2,5.2,5.2,5.2,5.2,5.2,5.2,5.2,5.2,5.2,5.2018013,MO,Liga
Aleñá Carles,5.29,5.3,4.5,4.5,5.0,4.0,7.0,6.0,4.5,5.0,5.5,7.5,5.29,6.5,5.0,5.0,5.5,5.0,4.5,5.0,5.5,5.5,5.5,8.0,5.29,5.29,5.5,5.29,5.5,5.0,5.5,5.0,3.5,5.0,5.5,5.0,5.29,5.0,4.5,5.29,5.1481924,MO,Liga
Tuhami Anuar,5.17,5.17,5.17,7.0,3.5,5.17,5.0,5.17,5.17,5.17,5.17,5.17,5.17,5.17,5.17,5.17,5.17,5.17,5.17,5.17,5.17,5.17,5.17,5.17,5.17,5.17,5.17,5.17,5.17,5.17,5.17,5.17,5.17,5.17,5.17,5.17,5.17,5.17,5.17,5.17,5.144861,MO,Liga
Januzaj Adnan,5.0,5.15,5.0,5.0,5.0,5.0,5.0,5.0,5.0,5.0,5.0,5.0,5.0,5.0,5.0,5.0,5.0,5.0,5.0,5.0,4.5,5.0,3.5,5.0,6.0,5.0,5.0,5.0,5.0,5.0,5.0,5.0,5.0,5.0,5.5,5.0,6.0,4.5,5.0,7.5,5.1435823,MO,Liga
Oroz Aimar,5.19,5.19,6.0,5.5,4.0,6.5,5.19,5.19,5.0,4.0,5.0,5.0,5.0,7.0,5.5,4.0,4.0,5.0,7.0,4.5,5.19,5.19,5.19,5.19,5.19,5.19,5.19,5.19,5.19,5.19,5.19,5.19,5.19,5.19,5.19,5.19,5.19,5.19,5.19,5.19,5.1172094,MO,Liga
Lazo José Carlos,5.13,5.13,5.0,5.13,5.13,4.5,5.13,5.13,5.13,5.0,4.5,5.0,5.0,7.0,5.13,5.0,5.13,5.13,5.13,5.13,5.13,5.13,5.13,5.13,5.13,5.13,5.13,5.13,5.13,5.13,5.13,5.13,5.13,5.13,5.13,5.13,5.13,5.13,5.13,5.13,5.1161056,MO,Liga
Momo Cho Mohamed-Ali,5.13,4.8,5.0,5.0,5.0,6.5,5.5,4.5,5.13,4.5,5.13,5.13,5.13,5.13,5.13,5.13,5.0,5.13,5.13,5.13,5.13,4.5,5.13,5.13,5.0,4.5,2.5,5.13,3.5,5.0,5.0,5.0,5.0,4.0,5.0,5.13,7.0,3.5,5.0,5.13,5.1106954,MO,Liga
Reinier,5.07,5.07,5.07,5.0,5.0,5.0,6.5,5.0,5.07,5.07,5.07,5.07,4.5,4.5,5.07,5.07,5.07,5.07,5.07,5.07,5.07,5.07,5.07,5.07,5.07,5.07,5.07,5.07,5.07,5.07,5.07,5.07,5.07,5.07,5.07,5.07,5.07,5.07,5.07,5.07,5.101739,MO,Liga
Ruibal Aitor,4.91,4.86,6.0,5.0,5.0,4.5,4.5,4.5,5.0,4.5,4.5,4.5,5.5,4.91,5.0,4.5,4.5,5.0,4.91,6.0,4.0,4.91,4.91,4.5,4.5,4.91,5.0,4.0,5.0,4.91,7.0,4.91,4.5,4.91,4.5,4.91,4.91,4.91,4.91,4.91,5.098032,MO,Liga
Sánchez Iván,5.04,5.04,6.0,5.0,5.0,5.0,5.04,5.5,5.0,4.0,4.5,5.04,4.5,5.04,6.0,5.0,5.0,5.0,5.0,5.04,5.04,5.04,5.04,5.04,5.04,5.04,5.04,5.04,5.04,5.04,5.04,5.04,5.04,5.04,5.04,5.04,5.04,5.04,5.04,5.04,5.0754943,MO,Liga
Grenier Clément,5.04,5.06,5.5,4.5,6.0,4.5,5.5,6.0,5.04,5.0,5.04,4.0,5.04,5.04,4.5,5.0,5.04,5.04,5.0,5.0,5.04,5.04,5.04,5.04,5.04,5.04,5.04,5.04,4.5,5.04,5.04,5.0,5.04,5.04,5.0,5.04,5.0,5.04,6.0,5.04,5.060164,MO,Liga
Solari Augusto,5.08,5.0,5.5,5.08,5.0,5.0,4.5,5.08,5.5,5.0,5.08,5.08,5.08,5.08,5.08,5.08,5.08,5.08,5.08,5.08,5.08,5.0,5.0,5.0,4.5,5.08,5.0,5.08,5.0,5.08,5.08,4.5,5.0,4.5,5.08,5.5,5.0,5.0,5.5,5.08,5.048617,MO,Liga
Unai López Unai,5.12,4.98,5.0,6.0,3.5,5.12,4.5,5.5,6.5,4.5,5.0,5.0,5.0,6.5,5.0,5.0,5.5,5.0,5.0,4.5,5.12,5.5,5.5,4.5,5.12,5.12,5.12,5.12,5.12,5.12,5.0,4.5,4.5,4.5,5.0,5.0,4.0,5.12,5.0,4.5,5.0258636,MO,Liga
Manu Trigueros,4.85,5.28,4.85,4.85,4.85,4.85,4.85,4.85,4.85,4.85,4.5,5.0,5.0,5.0,4.5,5.5,4.5,5.0,4.5,5.0,4.5,4.85,6.0,5.5,5.0,7.0,7.0,5.0,5.5,4.85,4.5,5.0,7.0,4.5,5.5,4.5,7.0,5.0,5.5,4.85,5.0065546,MO,Liga
Asensio Marco,5.17,5.42,5.17,4.5,5.17,5.17,5.17,4.5,4.5,4.5,4.5,6.5,6.0,4.0,7.5,5.17,5.0,4.5,5.17,6.0,7.0,5.17,5.17,5.17,5.5,7.0,6.0,6.0,4.5,4.5,4.5,5.0,4.5,7.0,6.5,5.0,5.17,6.0,5.17,5.17,5.00492,MO,Liga
Torre Pablo,5.0,5.0,5.0,5.0,5.0,5.0,5.0,5.0,5.0,5.0,5.0,5.0,5.0,5.0,5.0,5.0,5.0,5.0,5.0,5.0,5.0,5.0,5.0,5.0,5.0,5.0,5.0,5.0,5.0,5.0,5.0,5.0,5.0,5.0,5.0,5.0,5.0,5.0,5.0,5.0,5.003771,MO,Liga
García Borja,5.0,5.0,5.0,5.0,5.0,5.0,5.0,5.0,5.0,5.0,5.0,5.0,5.0,5.0,5.0,5.0,5.0,5.0,5.0,5.0,5.0,5.0,5.0,5.0,5.0,5.0,5.0,5.0,5.0,5.0,5.0,5.0,5.0,5.0,5.0,5.0,5.0,5.0,5.0,5.0,5.003771,MO,Liga
Portillo Francisco,5.0,5.0,5.0,5.0,5.0,5.0,4.5,5.0,5.0,5.0,5.5,5.0,5.0,5.0,5.0,5.0,5.0,5.0,5.0,5.0,5.0,5.0,5.0,5.0,5.0,5.0,5.0,5.0,5.0,5.0,5.0,5.0,5.0,5.0,5.0,5.0,5.0,5.0,5.0,5.0,5.001459,MO,Liga
Navarro Robert,4.96,4.96,4.96,5.0,4.96,4.96,4.96,4.96,5.0,4.5,5.0,4.5,5.0,4.5,4.96,5.0,5.5,5.0,5.5,5.0,4.96,4.96,4.96,4.96,4.96,4.96,4.96,4.96,4.96,4.96,4.96,4.96,4.96,4.96,4.96,4.96,4.96,4.96,4.96,4.96,4.989231,MO,Liga
Suso,5.0,5.0,5.0,5.0,5.0,5.0,5.0,5.0,5.0,5.0,5.0,5.0,5.0,5.5,5.0,5.0,4.5,5.0,5.0,5.0,5.0,5.0,5.0,5.0,5.0,5.0,5.0,5.0,5.0,5.0,5.0,5.0,5.0,5.0,5.0,5.0,5.0,5.0,5.0,5.0,4.988489,MO,Liga
Salvi Sánchez,5.0,5.05,5.0,5.5,5.0,5.0,5.0,5.0,5.0,5.0,5.0,5.0,5.0,5.0,4.5,5.0,5.0,5.0,5.0,5.0,5.0,5.0,7.0,4.5,5.0,4.5,5.0,5.0,5.0,5.0,5.0,5.0,5.0,5.0,5.0,5.0,5.0,5.0,5.0,5.0,4.982376,MO,Liga
Lamela Erik,4.91,4.98,5.0,5.0,4.5,3.5,6.0,4.91,4.0,5.5,4.5,6.0,6.0,4.0,4.5,5.5,5.5,4.5,4.5,5.0,4.91,4.91,4.91,4.91,4.91,4.91,4.91,4.91,4.91,5.0,4.5,5.0,6.0,4.91,5.0,5.0,4.5,4.91,6.0,4.91,4.977991,MO,Liga
Samu Sáiz,5.0,5.0,4.5,5.0,5.0,6.0,5.0,3.5,5.0,5.0,5.0,5.0,5.0,5.0,5.0,5.0,6.0,5.0,5.0,5.0,5.0,5.0,5.0,5.0,5.0,5.0,5.0,5.0,5.0,5.0,5.0,5.0,5.0,5.0,5.0,5.0,5.0,5.0,5.0,5.0,4.9662056,MO,Liga
Algobia Ángel,4.92,4.92,4.92,4.92,4.92,4.92,5.5,4.92,4.5,5.5,4.5,4.5,5.0,5.0,5.0,4.92,5.5,4.5,4.5,5.0,4.92,4.92,4.92,4.92,4.92,4.92,4.92,4.92,4.92,4.92,4.92,4.92,4.92,4.92,4.92,4.92,4.92,4.92,4.92,4.92,4.963506,MO,Liga
Alejo Iván,4.9,5.21,5.0,5.0,3.5,5.0,5.0,5.0,5.5,5.5,5.5,4.9,4.9,6.0,5.0,4.5,4.9,4.5,5.5,3.0,4.0,6.5,7.0,4.0,4.5,4.9,5.0,6.0,4.9,5.5,5.0,7.0,6.0,6.0,5.5,6.0,5.0,4.9,4.9,5.0,4.959331,MO,Liga
Kike Barja,5.06,4.88,4.5,5.06,5.0,5.06,4.5,5.06,5.06,5.06,5.06,5.06,6.0,5.5,4.5,5.0,4.5,5.06,5.06,6.0,6.0,4.0,4.5,5.06,5.06,4.5,5.06,5.06,5.06,5.06,5.06,4.5,5.06,4.5,4.5,6.0,4.5,4.5,5.0,4.5,4.9531665,MO,Liga
Nteka Randy,4.89,4.72,4.89,5.0,5.0,4.89,5.0,4.89,4.89,5.0,4.89,5.5,3.5,4.89,4.89,5.0,4.89,5.0,4.89,5.0,5.5,3.5,5.0,3.5,4.0,4.89,5.0,5.0,4.5,5.0,5.0,5.0,5.0,5.0,4.5,4.0,5.0,5.0,4.0,4.89,4.9381104,MO,Liga
Bongonda Théo,5.0,5.0,5.0,5.0,5.0,4.0,4.5,5.0,5.0,4.5,5.0,5.5,5.0,7.0,5.5,4.5,5.0,5.0,5.0,4.5,5.0,5.0,5.0,5.0,5.0,5.0,5.0,5.0,5.0,5.0,5.0,5.0,5.0,5.0,5.0,5.0,5.0,5.0,5.0,5.0,4.9368763,MO,Liga
Martín Iván,5.0,4.86,5.0,5.0,5.0,5.0,5.0,5.0,5.0,5.0,5.0,5.0,5.0,5.0,6.0,5.0,5.5,4.5,4.5,4.5,5.0,5.0,5.0,5.0,5.0,5.0,5.0,5.0,5.0,5.0,5.0,5.0,5.0,5.0,5.0,5.0,5.0,5.0,5.0,4.0,4.9319925,MO,Liga
Barrenetxea Ander,4.92,4.93,4.5,4.92,4.5,4.5,4.92,4.92,4.92,4.92,5.0,4.92,4.92,4.92,4.92,4.92,4.92,4.92,4.5,6.5,4.92,4.92,4.92,4.92,4.92,4.92,4.92,4.92,4.92,4.92,4.92,4.92,4.92,4.92,4.92,4.92,4.92,4.92,4.92,5.0,4.916962,MO,Liga
de la Torre Luca,4.94,4.94,4.94,5.0,4.94,5.0,4.94,5.0,4.5,4.94,4.94,4.94,5.0,4.94,4.94,4.94,5.0,5.0,5.0,5.0,4.94,4.94,4.94,4.94,4.94,4.94,4.94,4.94,4.94,4.94,4.94,4.94,4.94,4.94,4.94,4.94,4.94,4.94,4.94,4.94,4.907181,MO,Liga
Lázaro,4.93,4.93,4.93,4.93,4.93,4.93,4.5,5.5,4.5,4.93,4.5,4.93,4.5,6.5,4.93,4.93,4.93,4.5,4.93,4.93,4.93,4.93,4.93,4.93,4.93,4.93,4.93,4.93,4.93,4.93,4.93,4.93,4.93,4.93,4.93,4.93,4.93,4.93,4.93,4.93,4.904395,MO,Liga
Pérez Carles,4.71,4.72,4.0,4.5,6.0,4.5,4.5,4.5,4.5,4.5,5.0,4.5,4.0,5.5,4.5,5.0,4.5,4.71,5.0,5.0,4.5,4.5,4.71,4.71,4.71,5.0,4.71,4.71,4.71,4.5,4.71,4.71,6.0,4.5,4.5,4.5,4.5,5.0,4.71,4.71,4.8861265,MO,Liga
Ocampo Brian,4.96,4.96,4.96,4.96,4.96,4.0,3.5,4.5,4.96,4.5,4.5,5.5,5.0,6.0,5.5,4.0,5.5,5.5,7.0,4.5,4.96,4.96,4.96,4.96,4.96,4.96,4.96,4.96,4.96,4.96,4.96,4.96,4.96,4.96,4.96,4.96,4.96,4.96,4.96,4.96,4.8745875,MO,Liga
Josan,4.75,5.12,5.0,5.0,4.75,5.0,5.0,5.0,4.75,5.0,3.5,4.0,4.5,5.0,6.0,4.0,4.75,4.75,4.75,4.75,5.0,5.0,5.0,5.0,5.0,5.5,4.5,4.75,4.75,5.5,7.0,5.5,6.0,7.0,5.0,5.0,5.0,4.5,6.0,5.0,4.8659015,MO,Liga
Zarraga Oier,4.88,4.88,5.0,5.0,4.88,4.88,5.5,4.5,4.5,4.88,5.0,4.5,3.5,4.88,5.5,4.88,4.5,6.0,5.0,5.0,5.0,4.88,6.0,4.5,4.5,4.88,4.0,6.5,4.5,4.88,4.5,4.5,4.5,5.0,5.0,5.0,4.5,5.0,5.0,4.88,4.8469048,MO,Liga
Canales Sergio,5.39,5.78,5.39,5.39,5.5,7.0,5.5,5.0,6.0,5.0,5.5,3.5,5.39,6.0,6.0,3.5,5.0,6.0,5.39,6.0,7.0,8.0,7.0,4.5,5.39,7.0,7.0,5.39,6.5,5.0,5.39,5.5,6.0,5.0,6.0,4.5,8.0,5.5,5.5,5.39,4.8405957,MO,Liga
Pozo José Ángel,4.83,4.83,5.0,4.83,5.0,4.83,4.5,4.83,5.0,4.83,5.0,4.5,4.83,4.83,4.83,4.83,4.83,4.83,4.83,4.83,4.83,4.83,4.83,4.83,4.83,4.83,4.83,4.83,4.83,4.83,4.83,4.83,4.83,4.83,4.83,4.83,4.83,4.83,4.83,4.83,4.815823,MO,Liga
Domingos Quina,4.8,4.8,4.8,5.0,5.0,5.0,3.5,5.0,5.0,5.0,5.0,6.0,4.8,4.8,4.8,4.8,3.5,4.8,4.8,4.8,4.8,4.8,4.8,4.8,4.8,4.8,4.8,4.8,4.8,4.8,4.8,4.8,4.8,4.8,4.8,4.8,4.8,4.8,4.8,4.8,4.7878704,MO,Liga
Portu,4.8,4.7,5.0,4.5,5.0,4.5,4.5,4.8,4.8,4.5,4.5,4.0,4.5,4.5,5.0,4.8,6.0,6.0,5.0,4.5,4.5,4.8,4.5,4.0,4.0,3.0,4.8,4.8,6.0,4.5,4.5,5.0,4.5,4.5,5.0,4.5,6.0,4.0,4.0,6.0,4.776043,MO,Liga
Morcillo Jon,4.75,4.75,4.75,4.5,6.0,4.5,5.0,4.5,4.75,4.5,4.75,4.75,4.75,4.5,4.75,4.5,4.75,4.75,4.75,4.75,4.75,4.75,4.75,4.75,4.75,4.75,4.75,4.75,4.75,4.75,4.75,4.75,4.75,4.75,4.75,4.75,4.75,4.75,4.75,4.75,4.7556906,MO,Liga
Diarra Mamady,4.75,4.75,4.5,5.0,4.75,4.75,4.75,4.75,4.75,4.75,4.75,4.75,4.75,4.75,4.75,4.75,4.75,4.75,4.75,4.75,4.75,4.75,4.75,4.75,4.75,4.75,4.75,4.75,4.75,4.75,4.75,4.75,4.75,4.75,4.75,4.75,4.75,4.75,4.75,4.75,4.7431116,MO,Liga
Koleosho Luka,4.75,4.67,5.0,4.5,4.75,4.75,4.75,4.75,4.75,4.75,4.75,4.75,4.75,4.75,4.75,4.75,4.75,4.75,4.75,4.75,4.75,4.75,4.75,4.75,4.75,4.75,4.75,4.75,4.75,4.75,4.75,4.75,4.75,4.75,4.75,4.75,4.75,4.75,4.5,4.75,4.7146254,MO,Liga
Bare Keidi,4.77,4.8,4.77,5.0,5.0,5.0,4.77,4.77,5.0,5.0,4.5,4.5,5.0,5.0,4.5,4.0,4.77,4.77,4.77,4.77,5.0,4.77,4.0,4.77,4.5,5.0,4.5,6.0,6.5,5.0,4.0,4.5,5.0,4.0,4.77,4.77,4.77,4.77,4.77,4.77,4.7138658,MO,Liga
Torres Ferran,4.67,4.87,4.67,5.5,4.0,4.5,4.5,4.0,4.5,4.5,6.0,5.5,6.0,5.0,5.0,4.5,4.0,2.5,4.67,4.67,4.67,3.0,5.5,6.0,3.5,4.5,5.0,4.67,4.67,8.0,5.0,5.5,3.5,6.0,6.0,5.0,4.5,5.0,5.0,4.67,4.6393104,MO,Liga
Oyarzabal Mikel,4.63,5.32,4.63,4.63,4.63,4.63,4.63,4.63,4.63,4.63,4.63,4.63,4.63,4.63,4.63,4.63,4.5,4.5,5.5,4.0,7.0,4.63,5.0,5.5,8.0,4.0,4.63,5.0,5.5,4.63,4.63,4.63,4.63,4.63,4.63,4.63,4.63,4.63,4.63,4.63,4.5918174,MO,Liga
Corona Jesús,4.5,4.97,4.5,4.5,4.5,4.5,4.5,4.5,4.5,4.5,4.5,4.5,4.5,4.5,4.5,4.5,4.5,4.5,4.5,4.5,4.5,4.5,5.5,4.5,5.0,4.0,5.5,4.5,6.0,5.0,5.0,6.5,5.5,8.0,4.5,4.0,5.0,5.0,5.5,4.5,4.532719,MO,Liga
Kenedy,4.5,4.6,4.5,4.5,4.5,4.5,4.5,4.5,4.5,4.5,4.5,4.5,4.5,4.5,4.5,4.5,5.0,4.5,4.0,4.5,4.5,4.5,4.5,4.5,4.5,4.5,4.5,4.5,4.5,4.5,4.5,4.5,4.5,4.5,4.5,4.5,4.5,4.5,5.0,4.5,4.5242968,MO,Liga
Tete Morente,4.8,5.0,5.0,5.0,5.5,4.5,4.8,5.0,4.5,4.8,5.5,4.5,5.0,4.5,4.5,4.8,5.0,4.0,4.5,5.0,7.0,5.5,5.0,6.0,4.0,5.5,4.0,4.8,5.0,5.0,5.0,4.5,5.0,6.5,5.0,5.0,4.5,5.0,5.5,5.0,4.5155225,MO,Liga
Roca Joel,4.5,4.5,4.5,4.5,4.5,4.5,4.5,4.5,4.5,4.5,4.5,4.5,4.5,4.5,4.5,4.5,4.5,4.5,4.5,4.5,4.5,4.5,4.5,4.5,4.5,4.5,4.5,4.5,4.5,4.5,4.5,4.5,4.5,4.5,4.5,4.5,4.5,4.5,4.5,4.5,4.490743,MO,Liga
Alfaro Alejandro,4.5,4.5,4.5,4.5,4.5,4.5,4.5,4.5,4.5,4.5,4.5,4.5,4.5,4.5,4.5,4.5,4.5,4.5,4.5,4.5,4.5,4.5,4.5,4.5,4.5,4.5,4.5,4.5,4.5,4.5,4.5,4.5,4.5,4.5,4.5,4.5,4.5,4.5,4.5,4.5,4.490743,MO,Liga
Álvarez Carlos,4.5,4.5,4.5,4.5,4.5,4.5,4.5,4.5,4.5,4.5,4.5,4.5,4.5,4.5,4.5,4.5,4.5,4.5,4.5,4.5,4.5,4.5,4.5,4.5,4.5,4.5,4.5,4.5,4.5,4.5,4.5,4.5,4.5,4.5,4.5,4.5,4.5,4.5,4.5,4.5,4.490743,MO,Liga
Martín Ander,4.67,3.86,4.67,4.67,4.67,4.67,4.67,4.67,4.67,4.67,4.67,4.67,4.67,4.67,4.67,4.67,4.5,4.5,4.67,5.0,4.67,4.67,4.67,4.67,4.67,4.67,4.67,4.67,4.67,4.5,4.0,4.67,4.67,4.5,4.67,4.67,4.67,4.67,4.67,4.67,4.203831,MO,Liga
