Joueur,Note,Note 1 an,j1,j2,j3,j4,j5,j6,j7,j8,j9,j10,j11,j12,j13,j14,j15,j16,j17,j18,j20,j21,j22,j23,j24,j25,j26,j27,j28,j29,j30,j31,j32,j33,j34,j35,j36,j37,j38,j19,prediction_label,Poste,Championnat
Balde Alejandro,5.7,5.66,5.7,6.0,6.5,5.5,5.5,8.0,5.0,5.0,4.5,5.7,6.5,5.0,6.5,5.5,5.0,6.0,5.7,5.0,5.7,5.7,5.7,5.7,5.7,5.7,5.7,5.7,5.7,5.7,5.7,5.7,5.7,5.7,5.7,5.7,5.7,5.0,5.7,5.7,5.7374635,DL,Liga
Blanco Lautaro,5.67,5.67,5.67,5.67,5.67,5.67,5.67,5.67,5.67,5.67,5.67,5.67,5.67,5.67,5.67,5.67,5.67,5.0,7.0,5.0,5.67,5.67,5.67,5.67,5.67,5.67,5.67,5.67,5.67,5.67,5.67,5.67,5.67,5.67,5.67,5.67,5.67,5.67,5.67,5.67,5.734985,DL,Liga
Alonso Marcos,5.5,5.33,5.5,5.5,5.5,5.5,5.0,5.5,5.5,6.0,5.5,6.0,5.0,5.0,6.0,6.0,6.0,5.0,5.5,5.0,4.5,6.0,4.5,5.0,5.0,4.5,6.0,5.5,5.5,5.5,5.5,4.0,7.5,5.0,6.0,4.5,5.0,6.5,5.5,4.0,5.675571,DL,Liga
Alaba David,5.56,5.54,7.0,7.0,5.0,6.5,5.0,5.0,6.0,5.0,6.0,6.0,5.0,5.5,5.0,5.5,5.5,4.0,5.56,5.56,5.5,5.56,5.0,5.56,5.5,6.0,5.56,6.0,6.0,3.0,5.0,6.5,5.0,7.0,5.56,5.56,5.56,5.56,5.56,5.56,5.592639,DL,Liga
Alba Jordi,5.46,5.65,5.0,5.5,5.46,5.5,5.46,5.46,5.5,5.0,5.0,7.0,5.46,5.5,7.0,5.0,4.5,5.46,5.46,5.0,5.46,5.0,6.0,6.0,6.0,6.5,5.46,5.46,5.46,6.0,6.0,6.5,5.0,5.0,6.0,8.0,5.0,5.46,4.5,5.46,5.5789433,DL,Liga
Roberto Sergi,5.54,5.54,5.0,5.0,6.5,5.0,5.54,5.54,5.0,5.0,4.5,6.0,8.0,5.54,5.54,5.54,6.0,5.0,5.54,5.5,5.54,5.54,5.54,5.54,5.54,5.54,5.54,5.54,5.54,5.54,5.54,5.54,5.54,5.54,5.54,5.54,5.54,5.54,5.54,5.54,5.5255847,DL,Liga
Gayà José,5.42,5.13,5.42,5.42,5.42,5.42,4.5,6.5,6.0,5.5,6.0,5.0,4.5,5.0,5.0,7.5,4.5,5.0,5.42,5.42,4.0,6.0,5.42,6.0,5.42,3.0,5.42,5.42,5.42,5.42,5.0,5.0,4.5,5.0,4.0,5.42,5.42,5.0,5.5,5.42,5.4856415,DL,Liga
Rico Diego,5.41,5.12,5.5,5.41,5.41,5.41,5.41,5.41,5.41,5.41,5.0,5.0,5.5,4.5,5.5,5.0,6.0,6.0,5.5,6.0,5.41,5.41,4.5,5.0,5.41,5.41,5.41,5.41,5.0,6.0,5.5,4.5,6.0,4.0,5.0,3.0,6.0,4.0,4.0,6.0,5.423323,DL,Liga
Carvajal Daniel,5.12,5.31,5.12,5.5,5.0,5.0,5.5,5.5,5.0,6.0,5.0,5.5,5.0,5.0,3.5,5.12,5.0,5.12,5.12,5.12,5.12,5.12,5.12,5.12,5.0,6.0,6.5,7.0,5.0,3.5,5.0,5.12,7.0,6.0,5.12,5.12,5.12,5.0,5.0,5.12,5.415358,DL,Liga
Vázquez Lucas,5.45,5.4,7.0,5.0,5.0,5.45,6.0,5.45,5.45,5.45,5.45,5.0,6.0,5.45,5.0,5.0,5.0,5.5,5.45,5.45,5.5,5.45,4.5,5.45,5.45,4.5,5.45,5.0,5.0,5.0,5.0,7.5,5.0,6.5,6.0,5.0,6.0,4.5,5.45,5.45,5.3599935,DL,Liga
Toni Lato,5.28,5.14,5.0,4.5,5.0,8.0,5.0,5.0,5.28,5.0,5.0,5.28,5.28,5.0,5.28,5.28,5.28,5.28,5.28,5.28,5.28,4.0,5.0,5.28,5.0,5.5,5.28,5.0,5.28,5.28,5.28,5.28,5.28,5.28,5.28,5.28,5.28,5.28,5.28,5.28,5.3336215,DL,Liga
Bellerín Héctor,5.5,5.32,5.5,5.5,5.5,5.5,6.0,5.5,5.5,5.5,5.5,5.0,5.5,5.5,5.5,5.5,5.5,5.5,5.5,5.5,6.5,6.0,5.5,4.5,5.5,4.0,4.5,5.5,5.5,5.0,6.5,5.0,5.5,5.5,5.5,5.5,5.5,5.0,5.5,5.5,5.328201,DL,Liga
Mendy Ferland,5.25,5.42,5.0,6.0,5.25,5.0,5.0,5.0,5.0,5.25,5.5,5.25,4.5,6.0,4.0,6.5,5.0,5.0,5.25,6.0,5.0,5.25,5.0,5.25,5.25,6.0,6.0,5.5,5.0,5.25,6.0,5.25,5.25,5.25,5.25,5.0,8.0,5.25,5.0,5.25,5.3163924,DL,Liga
Lekue Íñigo,5.27,5.11,5.27,5.27,7.0,4.5,5.0,4.5,6.5,5.0,5.0,4.0,5.0,6.0,5.0,6.0,5.27,5.27,5.27,5.0,5.27,5.27,5.0,5.0,4.5,5.27,4.5,5.27,5.27,5.27,5.27,5.27,5.27,5.27,5.27,5.27,4.5,5.27,5.0,5.27,5.315916,DL,Liga
Iza Carcelén,5.27,5.24,5.27,5.27,5.27,5.27,5.27,5.5,5.5,5.27,5.5,5.0,3.0,5.27,6.0,5.0,4.5,5.5,6.0,6.5,5.27,4.5,6.0,5.0,5.27,5.27,5.0,5.27,5.0,5.27,5.27,5.27,5.27,5.27,5.27,5.0,5.0,4.5,7.0,5.0,5.3153925,DL,Liga
Costa Jaume,5.2,5.19,5.0,6.0,6.0,5.0,3.0,5.0,5.0,5.2,5.2,5.2,5.0,5.0,6.0,7.0,4.0,6.0,4.0,6.0,4.5,5.2,4.5,5.2,5.0,6.5,5.2,5.2,5.2,5.5,5.2,6.0,5.0,5.2,5.2,3.0,6.0,6.0,5.5,4.5,5.303794,DL,Liga
Vidal Aleix,5.04,4.98,5.04,5.04,5.04,5.04,5.04,5.0,4.0,5.5,5.5,5.0,4.5,5.0,5.0,5.5,5.0,5.0,5.5,5.0,4.0,5.0,4.0,5.04,5.0,5.0,5.04,5.0,5.5,5.0,5.0,5.0,5.0,5.0,4.5,5.5,4.5,5.04,6.0,5.04,5.228077,DL,Liga
Sánchez Rubén,5.21,5.17,5.5,6.0,5.0,5.21,5.0,5.21,5.21,5.21,5.21,5.21,5.21,5.21,5.21,5.21,5.0,5.0,5.21,5.0,5.21,5.21,5.21,5.21,5.21,5.21,5.21,5.21,5.21,5.21,5.21,5.21,5.21,5.21,5.21,5.21,4.5,5.5,5.21,5.21,5.1870074,DL,Liga
Fernández Valery,5.19,5.19,4.0,5.19,5.19,5.19,5.19,5.19,5.0,5.0,5.0,6.0,5.0,5.5,5.5,5.5,5.0,5.0,6.0,5.0,5.19,5.19,5.19,5.19,5.19,5.19,5.19,5.19,5.19,5.19,5.19,5.19,5.19,5.19,5.19,5.19,5.19,5.19,5.19,5.19,5.183475,DL,Liga
Montoya Martín,5.17,5.17,5.17,5.17,5.17,5.17,5.17,5.0,5.5,5.0,5.17,5.17,5.17,5.17,5.17,5.17,5.17,5.17,5.17,5.17,5.17,5.17,5.17,5.17,5.17,5.17,5.17,5.17,5.17,5.17,5.17,5.17,5.17,5.17,5.17,5.17,5.17,5.17,5.17,5.17,5.1809177,DL,Liga
Maffeo Pablo,5.16,4.98,5.5,6.0,6.5,5.0,3.0,7.0,5.0,4.5,4.0,5.0,6.0,3.5,5.16,5.16,4.0,6.5,5.0,6.0,5.0,5.16,5.0,5.0,5.0,6.0,5.16,5.16,4.0,5.16,4.5,5.0,4.5,5.5,3.5,3.5,4.0,6.0,6.0,4.5,5.1695237,DL,Liga
Lucas Rosa,5.13,5.13,5.13,5.13,5.13,5.13,5.13,5.13,5.13,5.13,5.13,6.0,5.0,4.5,5.0,5.0,5.13,5.0,4.5,6.0,5.13,5.13,5.13,5.13,5.13,5.13,5.13,5.13,5.13,5.13,5.13,5.13,5.13,5.13,5.13,5.13,5.13,5.13,5.13,5.13,5.1599255,DL,Liga
Pedraza Alfonso,5.33,5.41,5.0,7.0,5.5,6.5,4.5,5.0,5.5,4.5,6.0,5.0,5.33,5.33,5.33,5.33,4.5,5.0,5.33,5.33,5.0,5.0,8.0,5.0,5.0,4.5,5.33,5.33,5.0,4.5,4.0,7.0,5.5,5.33,4.0,5.0,8.5,5.5,6.0,5.33,5.1550074,DL,Liga
Yan Couto,5.12,5.12,5.0,5.0,4.0,5.12,5.0,5.0,5.0,5.0,5.12,5.0,5.0,5.5,5.12,5.12,5.0,6.0,6.0,5.12,5.12,5.12,5.12,5.12,5.12,5.12,5.12,5.12,5.12,5.12,5.12,5.12,5.12,5.12,5.12,5.12,5.12,5.12,5.12,5.12,5.1538534,DL,Liga
Carmona José Ángel,5.13,5.12,5.13,5.13,5.0,5.0,8.0,4.0,5.0,4.5,5.0,4.5,4.5,5.13,5.13,5.13,4.5,5.13,4.5,7.0,5.13,5.13,5.13,5.13,5.13,5.13,5.13,5.13,5.0,5.13,5.13,5.13,5.13,5.13,5.13,5.13,5.13,5.13,5.13,5.13,5.1375213,DL,Liga
Fran García Francisco,5.08,5.0,6.0,6.0,4.5,3.5,4.5,4.5,5.5,3.0,6.0,5.0,7.0,6.0,5.5,5.5,5.0,3.5,6.5,4.0,4.5,5.5,5.0,5.08,5.08,6.0,5.0,4.0,4.5,4.5,5.0,5.08,5.5,5.5,5.5,6.0,3.0,4.5,5.08,4.5,5.136086,DL,Liga
Reguilón Sergio,4.75,5.17,4.75,4.75,4.75,4.75,4.75,4.75,4.75,4.75,4.75,4.75,4.75,4.75,4.75,5.5,5.0,5.0,3.5,4.75,4.5,5.0,4.75,4.75,4.0,4.75,4.75,4.75,7.0,3.5,5.5,4.75,6.0,4.5,4.75,4.75,4.75,4.75,4.75,6.5,5.135654,DL,Liga
De Marcos Óscar,5.0,5.05,5.0,6.0,6.0,5.0,5.5,4.0,6.0,5.0,4.5,5.0,3.0,5.0,5.5,5.5,5.5,5.0,4.0,4.5,5.0,5.0,5.0,5.0,5.0,6.5,5.0,5.0,4.0,4.5,5.0,5.0,5.0,5.0,5.0,5.0,5.0,5.0,4.5,7.0,5.1304746,DL,Liga
Pozo Alejandro,5.08,5.08,5.08,5.08,6.5,4.5,4.5,4.5,5.08,5.0,4.5,5.0,4.5,6.0,5.08,6.5,5.0,5.0,4.5,5.08,5.08,5.08,5.08,5.08,5.08,5.08,5.08,5.08,5.08,5.08,5.08,5.08,5.08,5.08,5.08,5.08,5.08,5.08,5.08,5.08,5.1303825,DL,Liga
Sabaly Youssouf,5.1,5.08,5.1,5.1,5.1,5.0,6.5,5.1,5.1,5.0,6.0,5.0,3.0,5.0,5.0,5.0,5.5,5.1,5.1,5.1,5.1,5.1,6.0,5.1,5.1,5.1,5.1,4.0,6.0,5.1,5.0,5.0,5.1,4.5,5.5,4.5,5.5,5.1,4.5,5.1,5.1176724,DL,Liga
Suárez Damián,5.05,4.79,5.05,5.05,5.05,5.05,5.0,6.0,6.0,3.5,5.0,4.5,5.05,5.0,5.05,5.05,6.0,4.5,5.0,5.0,4.5,4.5,5.0,5.0,3.0,4.0,4.0,5.05,4.5,5.0,4.5,4.5,4.5,6.0,4.5,4.5,5.0,6.0,4.5,5.05,5.112999,DL,Liga
Sola Álex,5.1,5.1,5.1,5.1,5.1,5.0,5.0,5.1,5.0,6.0,5.1,5.1,5.1,5.1,5.1,4.5,5.1,5.1,5.1,5.1,5.1,5.1,5.1,5.1,5.1,5.1,5.1,5.1,5.1,5.1,5.1,5.1,5.1,5.1,5.1,5.1,5.1,5.1,5.1,5.1,5.112692,DL,Liga
Reinildo,5.15,5.01,5.0,4.5,5.5,5.0,6.0,4.0,6.0,6.0,7.0,5.0,4.5,3.0,5.5,4.5,5.15,5.0,5.0,6.0,5.15,5.5,5.0,5.0,5.0,6.0,5.5,5.0,4.0,6.0,5.5,3.5,5.0,4.0,4.5,6.0,7.0,5.5,5.0,5.15,5.0925555,DL,Liga
Manu Sánchez,5.25,4.98,5.0,5.25,5.5,5.25,5.25,5.0,5.0,4.5,5.0,5.5,5.0,7.0,6.0,5.25,4.0,5.0,6.0,5.0,4.5,5.5,5.0,5.25,5.5,3.5,5.25,5.0,5.25,5.0,3.0,6.5,5.5,4.0,4.5,5.0,5.25,3.5,5.25,5.0,5.079427,DL,Liga
González Giovanni,5.42,4.71,5.42,5.42,5.42,5.42,5.42,5.42,5.42,5.42,5.42,5.0,5.0,5.0,7.0,5.0,5.42,5.5,5.42,5.42,5.42,5.42,5.42,5.42,5.42,5.42,5.42,5.42,5.42,5.0,4.5,5.42,4.5,5.0,5.42,5.42,5.0,5.42,5.42,5.42,5.043487,DL,Liga
Thierry Correia,5.0,5.02,5.0,5.5,5.0,6.5,4.5,7.0,4.0,5.0,3.5,5.5,5.0,4.5,4.0,6.0,4.5,4.5,5.0,5.0,5.0,5.0,4.0,5.0,4.5,5.0,5.0,5.0,5.0,5.0,5.0,4.0,5.0,5.0,6.0,5.0,5.0,6.5,5.5,5.0,5.034145,DL,Liga
Oliván Brian,5.15,5.02,5.0,4.5,4.0,6.0,4.5,4.5,4.5,5.5,6.5,5.0,4.5,5.0,5.5,5.5,4.5,6.0,5.15,6.5,4.5,5.15,5.15,5.5,4.5,5.15,5.15,5.15,4.0,5.15,3.5,6.0,3.5,5.0,4.5,5.0,6.0,5.0,6.0,5.15,5.0339828,DL,Liga
Miranda Juan,5.0,5.2,5.0,5.0,5.0,5.0,5.0,5.0,5.0,5.0,5.0,5.0,5.0,5.0,5.0,5.0,5.0,5.0,5.0,5.0,5.0,5.5,5.0,4.0,5.0,5.0,5.0,5.0,6.5,5.0,5.0,5.0,5.0,5.0,5.0,5.0,6.0,5.0,5.0,5.0,5.0274434,DL,Liga
Cufré Braian,5.0,5.0,5.0,5.0,5.0,5.0,5.0,5.0,5.5,5.0,4.5,5.0,5.0,5.0,5.0,5.0,5.0,5.0,5.0,5.0,5.0,5.0,5.0,5.0,5.0,5.0,5.0,5.0,5.0,5.0,5.0,5.0,5.0,5.0,5.0,5.0,5.0,5.0,5.0,5.0,5.005472,DL,Liga
Capa Ander,5.0,5.0,5.0,5.0,5.0,5.0,5.0,5.0,5.0,5.0,5.0,5.0,5.0,5.0,5.0,5.0,5.0,5.0,5.0,5.0,5.0,5.0,5.0,5.0,5.0,5.0,5.0,5.0,5.0,5.0,5.0,5.0,5.0,5.0,5.0,5.0,5.0,5.0,5.0,5.0,5.003771,DL,Liga
Fran Delgado,5.0,5.0,5.0,5.0,5.0,5.0,5.0,5.0,5.0,5.0,5.0,5.0,5.0,5.0,5.0,5.0,5.0,5.0,5.0,5.0,5.0,5.0,5.0,5.0,5.0,5.0,5.0,5.0,5.0,5.0,5.0,5.0,5.0,5.0,5.0,5.0,5.0,5.0,5.0,5.0,5.003771,DL,Liga
Fresneda Iván,5.0,5.0,5.0,5.0,5.0,5.0,5.0,5.0,5.0,5.0,5.0,5.0,5.0,5.0,5.0,4.5,5.0,4.5,5.5,5.5,5.0,5.0,5.0,5.0,5.0,5.0,5.0,5.0,5.0,5.0,5.0,5.0,5.0,5.0,5.0,5.0,5.0,5.0,5.0,5.0,4.9950256,DL,Liga
El Hilali Omar,5.0,5.0,5.0,5.0,5.0,5.5,5.0,4.5,5.0,5.0,5.0,5.0,5.0,5.0,5.0,5.0,5.0,5.0,5.0,5.0,5.0,5.0,5.0,5.0,5.0,5.0,5.0,5.0,5.0,5.0,5.0,5.0,5.0,5.0,5.0,5.0,5.0,5.0,5.0,5.0,4.9882755,DL,Liga
Vázquez Kevin,5.0,4.79,5.0,5.0,5.0,5.0,5.0,5.0,5.0,5.0,5.0,5.0,5.0,5.0,5.0,5.0,5.0,5.0,5.0,5.0,5.0,5.0,5.0,5.0,5.0,5.0,5.0,5.0,5.0,5.0,4.5,5.0,6.0,3.0,5.0,6.0,4.5,5.0,3.5,5.0,4.981047,DL,Liga
Berchiche Yuri,4.85,5.23,5.5,5.0,4.85,4.85,4.85,4.85,4.85,4.85,4.85,5.0,3.0,6.0,4.5,4.85,5.5,5.0,4.5,4.5,4.85,4.85,5.0,4.85,6.0,6.5,4.85,5.0,4.5,6.5,7.0,4.85,3.5,5.5,6.0,6.0,5.0,5.5,5.0,4.85,4.9519205,DL,Liga
Akieme Sergio,4.91,4.91,4.5,5.0,6.5,5.0,5.5,5.0,4.5,6.0,3.0,5.0,4.5,5.0,4.5,5.5,4.5,4.5,5.0,4.91,4.91,4.91,4.91,4.91,4.91,4.91,4.91,4.91,4.91,4.91,4.91,4.91,4.91,4.91,4.91,4.91,4.91,4.91,4.91,4.91,4.94497,DL,Liga
Martinez Arnau,4.93,4.93,5.0,4.93,4.93,5.0,5.0,6.0,4.0,4.5,5.0,4.0,4.93,4.5,5.5,6.0,4.5,4.5,5.0,5.5,4.93,4.93,4.93,4.93,4.93,4.93,4.93,4.93,4.93,4.93,4.93,4.93,4.93,4.93,4.93,4.93,4.93,4.93,4.93,4.93,4.9358516,DL,Liga
Molina Nahuel,4.96,5.13,5.0,4.0,4.96,4.96,5.5,4.96,6.0,5.0,5.5,5.0,4.5,3.0,5.0,5.0,4.96,4.5,4.5,7.0,6.0,2.5,4.96,5.0,7.0,3.5,5.0,5.0,5.5,6.5,4.5,7.0,6.0,6.0,4.0,4.0,5.0,4.5,7.5,4.96,4.9228997,DL,Liga
Aidoo Joseph,4.78,4.93,4.5,4.0,6.0,6.0,3.0,3.5,6.0,5.0,4.5,2.0,6.5,3.5,4.5,6.0,5.5,6.5,5.5,3.5,4.5,6.0,5.5,5.5,5.0,5.0,4.0,4.78,4.5,5.5,5.5,5.0,6.0,4.0,5.0,6.0,4.5,6.0,4.0,4.78,4.9032674,DL,Liga
Alex Telles,4.92,4.86,5.0,5.0,5.0,4.92,5.0,5.0,4.5,4.5,5.0,5.0,4.5,5.0,5.0,5.5,4.92,4.92,4.92,4.92,4.92,4.92,4.5,5.0,4.92,4.92,4.92,5.0,3.5,5.0,4.92,4.5,5.0,5.0,3.0,7.0,3.5,5.5,5.0,5.0,4.900001,DL,Liga
Navas Jesús,5.13,5.05,4.5,5.13,4.0,5.13,5.0,6.0,5.5,5.13,5.0,6.0,5.0,5.0,5.5,5.0,4.5,5.5,5.0,5.5,5.13,5.13,5.13,5.13,5.13,5.0,5.0,5.13,4.5,6.0,4.0,6.0,3.5,5.0,5.0,5.0,5.0,5.0,5.5,5.13,4.897487,DL,Liga
Kiko Femenía Kiko,4.96,4.77,4.96,4.96,5.0,6.0,5.0,5.0,5.0,4.5,4.96,4.0,5.5,4.5,4.0,6.0,5.0,4.96,5.0,4.96,4.5,4.96,6.0,4.5,4.5,5.0,5.0,4.96,5.0,5.0,4.96,5.5,3.0,5.0,4.96,4.0,5.0,4.96,4.5,3.5,4.8805795,DL,Liga
Foulquier Dimitri,5.0,4.78,5.0,5.0,5.0,5.0,5.0,5.0,5.0,4.5,5.0,6.0,5.0,4.5,5.0,5.0,5.0,5.0,5.0,5.0,5.0,5.0,4.0,5.5,5.0,3.0,5.0,5.0,4.5,5.5,5.0,5.0,4.0,5.0,5.0,4.5,3.0,5.0,5.5,5.0,4.862892,DL,Liga
Kike Salas,4.83,4.83,4.83,4.83,4.83,4.83,5.0,5.0,4.5,4.83,4.83,3.5,4.83,4.83,4.83,5.0,6.0,4.83,4.83,4.83,4.83,4.83,4.83,4.83,4.83,4.83,4.83,4.83,4.83,4.83,4.83,4.83,4.83,4.83,4.83,4.83,4.83,4.83,4.83,4.83,4.827124,DL,Liga
Gil Óscar,4.77,4.85,3.5,4.0,3.5,6.0,4.0,4.77,4.77,4.5,5.5,4.77,6.0,5.0,5.0,5.0,5.0,3.5,4.5,6.5,5.0,5.0,4.5,3.5,4.77,5.5,2.5,5.5,5.0,6.0,5.0,7.0,5.0,4.77,4.77,4.77,4.77,4.77,4.77,4.77,4.7960024,DL,Liga
Escudero Sergio,4.9,4.84,4.0,5.0,3.0,5.5,4.9,4.9,5.0,6.0,5.0,4.9,5.0,4.9,5.5,4.9,5.0,4.9,4.9,4.9,4.9,5.0,4.5,4.9,4.5,4.9,4.9,4.9,4.9,5.5,4.5,3.0,4.0,5.0,5.0,7.0,5.0,4.9,4.5,4.9,4.7902126,DL,Liga
Javi Galán,4.47,4.77,5.0,3.5,4.5,6.0,3.5,3.5,4.5,4.5,3.5,3.0,4.5,3.5,4.0,7.0,5.0,5.0,5.0,5.0,4.0,5.5,4.5,6.5,5.0,6.5,4.0,4.47,5.0,4.47,6.5,4.0,6.0,4.5,4.5,7.0,4.0,5.5,3.5,4.47,4.7728276,DL,Liga
Arzamendia Santiago,4.64,4.75,5.0,5.5,3.0,4.64,4.64,4.64,4.64,4.64,4.64,5.0,4.64,4.64,4.64,4.64,4.64,4.5,4.5,5.0,3.5,5.0,4.5,4.64,4.64,4.64,5.5,5.0,4.64,4.64,4.64,4.64,5.0,4.64,5.5,4.64,4.64,4.64,4.64,4.64,4.758689,DL,Liga
Gorosabel Andoni,4.88,5.0,4.88,5.0,6.0,4.0,5.0,5.0,4.5,4.88,5.0,5.0,5.0,4.0,5.0,4.88,5.0,4.88,5.0,4.88,5.0,4.88,4.88,5.0,5.5,3.0,4.88,3.0,5.0,5.5,5.5,5.0,5.0,5.0,6.0,6.0,6.5,6.5,4.0,4.88,4.749321,DL,Liga
Fernández Mercau Nicolás,4.75,4.75,4.75,4.75,4.75,4.75,3.5,4.5,4.75,5.0,4.5,5.5,4.75,5.0,5.0,5.0,4.75,4.75,4.75,4.75,4.75,4.75,4.75,4.75,4.75,4.75,4.75,4.75,4.75,4.75,4.75,4.75,4.75,4.75,4.75,4.75,4.75,4.75,4.75,4.75,4.7373056,DL,Liga
Mojica Johan,4.9,5.24,3.5,6.0,4.0,4.9,5.5,5.0,4.9,4.9,4.9,3.0,5.5,4.9,5.0,4.9,4.9,4.9,5.5,6.0,7.0,6.0,5.0,7.0,4.5,4.5,3.0,4.9,6.5,4.5,4.9,6.0,7.0,6.0,5.5,4.9,4.5,4.9,4.9,5.0,4.7294054,DL,Liga
Moreno Alberto,4.89,5.16,4.89,4.89,4.89,4.89,4.89,4.89,4.89,4.89,5.0,5.0,5.0,4.5,3.5,5.5,4.5,6.0,4.89,5.0,7.0,4.5,5.5,6.5,5.5,4.5,4.89,5.0,4.89,4.89,4.89,4.89,4.89,4.89,4.89,4.89,4.89,4.89,4.89,4.89,4.7243986,DL,Liga
Peña Rubén,4.82,4.83,6.0,6.0,4.5,4.82,4.82,4.5,4.5,3.5,4.82,4.82,4.5,6.5,5.0,4.5,3.5,4.82,4.82,4.82,4.82,4.82,4.82,4.82,4.82,4.82,4.82,4.82,4.82,4.82,4.82,4.82,4.82,4.82,4.82,4.82,4.82,4.82,5.0,4.82,4.718385,DL,Liga
Gutiérrez Miguel,4.79,4.79,5.0,5.5,5.0,5.5,5.0,6.0,3.5,4.0,5.0,4.0,5.0,5.0,5.0,4.79,4.5,4.0,5.0,4.5,4.79,4.79,4.79,4.79,4.79,4.79,4.79,4.79,4.79,4.79,4.79,4.79,4.79,4.79,4.79,4.79,4.79,4.79,4.79,4.79,4.7165723,DL,Liga
Amavi Jordan,4.63,4.88,4.63,4.63,4.63,4.63,4.63,4.63,4.63,5.0,4.63,4.63,5.0,4.0,4.63,4.5,4.63,4.63,4.63,4.63,4.63,5.0,5.0,4.63,4.63,4.63,4.63,4.63,4.63,5.0,4.63,4.63,5.0,5.0,4.5,4.63,5.0,4.63,5.5,4.63,4.6955714,DL,Liga
Olaza Lucas,4.6,4.93,4.5,5.0,4.6,4.6,3.5,4.5,4.6,4.6,5.0,6.0,4.6,4.0,5.0,4.5,4.6,4.6,4.6,4.0,4.6,4.6,4.6,4.6,4.6,4.6,4.6,4.6,5.0,4.6,5.0,4.6,4.6,5.0,4.6,4.6,4.6,6.0,7.0,4.6,4.685416,DL,Liga
Acuña Marcos,4.96,5.09,5.0,5.0,4.96,4.0,5.0,5.0,4.96,5.0,5.0,4.5,4.96,5.0,5.0,4.96,5.0,7.0,4.0,4.96,7.0,4.5,5.0,4.96,6.0,4.96,5.5,4.96,5.5,4.96,4.96,4.96,4.0,5.0,5.0,4.0,5.0,5.5,5.0,6.0,4.663601,DL,Liga
Lirola Pol,4.69,4.78,4.69,5.5,4.0,4.69,3.5,4.69,3.5,6.0,4.69,4.69,4.69,5.0,4.0,6.0,4.69,4.69,4.69,4.69,5.0,5.5,4.5,5.0,5.5,4.5,4.5,5.0,5.0,4.69,5.0,5.0,5.0,4.5,5.0,4.0,5.0,4.5,5.0,4.69,4.651958,DL,Liga
Juan Cruz,4.87,4.77,5.0,6.0,4.5,4.5,6.0,4.0,5.0,4.5,5.0,5.0,5.5,5.0,4.87,4.0,4.0,5.0,4.87,4.87,5.5,4.0,6.0,4.87,6.0,3.0,4.87,5.5,4.87,5.5,4.0,4.87,4.87,4.87,4.0,5.0,5.0,4.0,4.87,3.0,4.6490026,DL,Liga
Clerc Carlos,4.61,4.5,4.61,4.61,4.61,4.0,4.61,5.0,3.5,5.5,6.0,4.5,4.5,4.5,4.0,4.5,3.5,5.0,5.0,5.0,4.61,4.61,4.0,3.0,4.61,5.0,4.61,4.61,4.61,4.61,4.61,4.61,4.61,4.61,4.61,4.61,4.61,4.61,4.61,4.61,4.646428,DL,Liga
Espino Alfonso,4.53,4.76,4.0,4.5,3.0,3.5,2.5,5.0,5.5,5.0,4.0,5.5,3.0,6.0,5.0,4.0,5.0,6.0,5.0,5.0,3.5,5.0,5.0,5.0,5.0,6.0,4.53,6.0,5.5,5.0,4.0,5.0,4.5,3.5,5.0,6.0,4.0,5.0,6.5,5.0,4.644453,DL,Liga
Helibelton Palacios,4.65,4.79,4.0,4.65,5.0,3.0,4.65,4.5,4.0,5.5,6.0,4.0,5.0,4.65,4.65,4.65,4.5,5.5,5.0,4.5,5.5,4.65,4.5,5.0,5.0,4.65,4.65,4.65,6.0,4.65,5.0,4.0,4.65,4.5,4.65,4.5,4.5,4.65,4.65,6.0,4.616633,DL,Liga
Balliu Iván,4.97,4.78,5.0,6.5,4.0,4.0,6.0,4.0,5.5,3.5,5.5,5.5,5.0,6.5,4.5,5.0,5.0,4.5,5.5,4.0,7.0,5.5,5.0,3.5,3.0,3.5,4.5,4.5,5.5,5.0,5.5,5.0,5.0,4.97,4.97,5.5,3.0,4.5,3.5,3.5,4.5673594,DL,Liga
Montiel Gonzalo,4.6,4.64,4.6,4.0,4.6,4.0,4.6,4.6,4.6,5.0,5.0,4.5,5.0,5.0,3.5,4.6,4.6,4.6,5.0,5.0,5.0,5.0,4.0,4.6,4.6,4.6,4.6,4.6,4.6,5.0,5.0,4.6,4.6,4.5,4.6,5.0,4.6,4.0,4.6,4.6,4.536438,DL,Liga
Pérez Luis,4.57,4.57,4.0,5.0,3.0,5.5,5.0,4.57,4.57,4.57,4.57,4.57,4.57,4.57,4.57,4.57,5.0,4.57,4.57,4.5,4.57,4.57,4.57,4.57,4.57,4.57,4.57,4.57,4.57,4.57,4.57,4.57,4.57,4.57,4.57,4.57,4.57,4.57,4.57,4.57,4.526779,DL,Liga
Nacho Vidal,4.69,4.71,4.5,5.0,4.5,5.5,5.5,3.5,5.0,4.0,5.0,5.0,4.5,4.69,5.0,4.0,4.69,4.69,4.69,4.69,5.5,4.0,7.0,4.69,5.0,4.0,4.69,6.0,4.69,5.0,3.5,5.0,5.0,2.5,5.0,5.0,5.0,4.0,4.69,4.0,4.476575,DL,Liga
Muñoz Aihen,4.56,4.71,5.0,2.5,5.0,5.0,4.5,5.0,4.0,5.0,5.0,4.56,4.56,4.56,4.56,4.56,4.56,4.56,4.56,4.56,6.0,4.56,4.56,4.56,6.0,3.0,4.56,4.56,4.56,4.56,4.56,5.0,4.56,4.56,4.56,4.56,5.0,4.56,4.56,4.56,4.404071,DL,Liga
Mendes Houboulang,4.5,4.62,4.5,4.5,5.0,4.5,4.5,4.5,3.5,5.5,4.0,5.0,4.5,5.0,4.0,4.5,4.5,3.5,5.0,4.5,4.5,5.5,3.0,4.5,5.5,5.0,6.0,3.0,6.0,5.0,3.0,7.0,4.5,5.0,3.0,5.0,3.5,5.0,4.5,4.5,4.2994604,DL,Liga
Zaldúa Joseba,4.35,4.61,4.5,5.0,3.0,3.0,3.0,6.0,5.0,4.0,5.0,5.0,4.35,4.35,4.35,4.35,4.35,4.35,4.35,4.35,5.0,4.35,4.5,5.0,5.0,4.35,4.35,4.5,4.5,5.0,4.35,5.0,4.35,5.0,5.0,4.35,4.35,4.5,5.0,4.35,4.283995,DL,Liga
Mallo Hugo,4.43,4.67,4.5,2.5,5.0,6.0,3.5,3.0,5.0,5.0,3.5,3.0,5.0,4.43,4.43,4.43,5.0,6.0,5.0,4.5,4.0,7.0,4.0,6.0,5.0,5.0,4.0,4.43,4.43,6.0,4.43,4.43,4.43,4.43,4.43,4.43,4.43,4.43,4.43,4.43,4.2206125,DL,Liga
Balenziaga Mikel,4.0,4.83,4.0,4.0,4.0,4.0,4.0,4.0,4.0,4.0,4.0,4.0,4.0,4.0,4.0,4.0,4.0,4.0,4.0,4.0,5.5,4.0,5.0,5.0,4.5,5.0,3.0,4.0,5.0,4.0,4.0,5.0,4.0,5.0,5.0,4.0,4.0,4.0,4.0,6.0,4.189445,DL,Liga
Angileri Fabrizio,4.0,4.0,3.0,3.0,4.0,2.0,4.5,4.0,4.0,5.0,4.0,5.5,5.0,4.0,4.0,4.0,4.0,4.0,4.0,4.0,4.0,4.0,4.0,4.0,4.0,4.0,4.0,4.0,4.0,4.0,4.0,4.0,4.0,4.0,4.0,4.0,4.0,4.0,4.0,4.0,4.0376163,DL,Liga
