Joueur,Note,Note 1 an,j1,j2,j3,j4,j5,j6,j7,j8,j9,j10,j11,j12,j13,j14,j15,j16,j17,j18,j20,j21,j22,j23,j24,j25,j26,j27,j28,j29,j30,j31,j32,j33,j34,j35,j36,j37,j38,j19,prediction_label,Poste,Championnat,Terrain
Méndez Brais,6.12,5.77,5.5,4.0,7.0,6.0,6.0,6.5,7.0,7.0,6.5,6.0,5.0,6.0,5.5,7.0,8.0,6.12,5.0,6.0,5.0,5.5,5.0,8.0,5.0,5.0,5.5,6.12,5.0,5.5,5.0,5.0,7.0,4.5,5.0,5.5,5.5,6.0,5.0,6.12,6.4965024,MO,Liga,M
Kroos Toni,6.32,5.98,7.0,6.32,5.0,5.0,7.0,6.0,6.0,6.32,7.0,6.0,6.5,5.5,6.32,8.0,7.0,6.0,6.32,6.5,6.5,6.32,5.5,6.32,6.0,6.32,6.0,6.32,6.5,4.5,6.0,6.32,5.5,5.5,5.0,5.0,5.0,7.0,5.0,6.32,6.4423566,MD,Liga,M
de Jong Frenkie,6.17,6.0,5.5,5.5,5.5,5.0,8.0,7.5,6.17,5.0,5.0,7.0,6.5,5.5,7.5,6.5,6.5,6.0,6.17,6.17,6.17,4.5,7.0,5.5,5.5,6.5,6.0,6.17,6.17,7.0,6.0,5.0,5.0,7.0,5.5,5.5,6.0,6.17,5.5,6.0,6.3486986,MD,Liga,M
Pedri,6.15,6.24,5.5,7.5,7.0,6.0,5.0,7.5,5.0,7.0,5.0,6.0,5.5,7.0,6.0,7.0,6.0,5.0,6.15,6.5,6.15,6.15,6.0,5.5,6.5,6.0,7.0,6.15,6.15,7.0,7.0,6.5,6.15,6.15,6.15,6.15,6.15,6.15,6.15,6.15,6.238409,MO,Liga,M
García Aleix,6.03,6.03,5.5,6.0,5.5,5.0,8.0,5.5,4.5,7.0,7.0,5.5,5.0,6.0,7.0,6.5,5.0,7.0,7.0,5.5,6.03,6.03,6.03,6.03,6.03,6.03,6.03,6.03,6.03,6.03,6.03,6.03,6.03,6.03,6.03,6.03,6.03,6.03,6.03,6.03,6.165286,MO,Liga,M
Valverde Federico,6.06,5.81,6.0,7.0,4.5,6.0,7.0,7.0,5.5,5.5,7.0,7.0,7.0,6.0,5.0,5.5,6.0,5.0,6.06,6.0,5.0,6.06,5.0,6.06,6.0,6.0,5.0,6.06,4.5,5.5,5.0,6.5,5.5,6.0,6.06,6.0,6.5,5.0,5.5,6.06,6.1648197,MD,Liga,M
Olasagasti Jon Ander,6.0,6.0,6.0,6.0,6.0,6.0,6.0,6.0,6.0,6.0,6.0,6.0,6.0,6.0,6.0,6.0,6.0,6.0,6.0,6.0,6.0,6.0,6.0,6.0,6.0,6.0,6.0,6.0,6.0,6.0,6.0,6.0,6.0,6.0,6.0,6.0,6.0,6.0,6.0,6.0,6.029889,MD,Liga,M
Moi Gómez,5.81,5.53,6.0,6.5,5.5,6.5,6.0,4.0,5.0,5.0,5.0,6.0,6.0,7.5,6.0,5.5,5.5,5.0,8.0,5.5,5.0,4.5,5.5,5.81,5.81,6.5,5.0,4.5,4.5,4.5,5.81,5.0,5.0,5.5,4.5,5.81,5.81,5.81,7.0,5.81,6.006481,MO,Liga,M
Merino Mikel,5.97,5.73,7.5,4.0,5.5,6.0,6.0,6.5,5.5,7.0,5.5,7.0,5.0,4.5,5.0,7.0,5.97,6.5,7.0,5.97,7.0,5.97,5.97,6.0,6.0,4.5,5.97,3.5,6.0,5.5,6.0,6.0,5.0,5.0,6.0,6.0,6.0,5.0,4.5,5.5,5.8890066,MD,Liga,M
Busquets Sergio,5.87,5.82,5.0,5.87,6.5,7.0,7.5,5.87,5.5,6.0,5.5,5.0,6.0,5.5,6.5,5.0,5.5,6.0,5.87,5.5,5.87,5.5,6.0,5.0,4.5,6.0,6.5,5.87,5.87,7.0,6.5,6.0,4.5,6.5,6.0,6.5,5.87,5.5,4.5,5.87,5.880092,MD,Liga,M
Sancet Oihan,5.5,5.33,5.0,5.5,7.5,3.5,7.0,6.0,7.5,5.0,4.0,5.0,5.0,6.0,4.5,6.0,5.0,5.5,6.0,5.0,4.0,5.5,5.5,6.0,4.0,7.0,4.5,5.0,4.0,4.0,5.5,5.0,3.0,5.5,5.5,5.5,5.5,5.5,5.5,9.0,5.85491,MO,Liga,M
Rodríguez Guido,5.75,5.82,7.0,5.0,6.5,5.0,6.0,6.0,5.75,5.5,5.5,6.0,5.0,5.75,6.0,6.0,5.75,6.0,5.75,5.0,5.0,6.5,7.0,4.5,5.75,6.0,5.0,5.0,6.0,6.5,7.0,5.5,5.0,5.75,6.5,5.5,7.0,6.0,6.0,5.75,5.8548794,MO,Liga,M
Parejo Daniel,5.81,5.83,7.0,7.0,4.5,7.0,4.5,5.0,5.5,4.0,5.5,4.5,7.0,4.5,5.0,6.0,8.0,7.0,5.5,7.0,5.5,4.5,7.0,6.5,6.0,7.5,6.0,4.5,7.0,4.5,4.0,5.81,5.5,6.5,4.0,5.5,8.0,6.0,7.0,5.81,5.8261404,MO,Liga,M
Álvaro García,5.88,5.8,5.5,7.0,4.5,5.5,6.0,5.0,5.5,5.88,5.5,5.5,8.0,7.0,7.0,5.5,5.5,5.5,6.5,5.0,5.5,7.5,5.5,5.0,4.0,5.5,5.0,6.0,5.88,5.0,6.5,6.0,5.5,6.0,6.5,5.5,4.0,7.0,7.0,5.88,5.8098927,MO,Liga,M
Modric Luka,5.72,5.78,6.0,8.0,5.0,6.0,5.0,6.5,5.72,6.5,6.0,5.5,6.5,5.0,5.5,5.5,5.0,4.5,5.72,5.0,6.0,5.72,7.0,5.72,5.0,6.0,6.0,8.0,5.0,3.5,5.5,5.72,5.0,5.72,6.0,5.0,8.5,5.72,5.5,5.72,5.771158,MO,Liga,M
Camavinga Eduardo,5.56,5.66,6.0,6.0,5.5,5.5,5.0,5.0,6.0,5.5,5.0,5.0,5.0,5.5,6.0,5.0,6.0,5.5,5.56,7.0,4.5,5.56,5.56,5.56,5.56,5.56,5.0,7.5,5.0,4.5,5.56,6.0,5.0,6.0,8.0,5.0,7.0,5.56,6.0,5.56,5.7680936,MD,Liga,M
Robertone Lucas,5.76,5.76,5.0,6.5,6.0,5.0,5.5,5.0,4.0,7.0,5.0,6.0,6.0,7.0,5.5,6.0,5.5,5.0,8.0,5.76,5.76,5.76,5.76,5.76,5.76,5.76,5.76,5.76,5.76,5.76,5.76,5.76,5.76,5.76,5.76,5.76,5.76,5.76,5.76,5.76,5.737948,MD,Liga,M
López David,5.68,5.45,5.0,4.5,6.5,5.0,5.68,5.68,5.68,5.68,5.68,5.68,7.0,5.5,7.5,5.5,5.0,5.0,6.0,5.68,5.68,5.0,4.0,5.0,5.68,5.68,5.68,5.68,5.68,5.68,5.68,5.0,5.68,5.68,5.0,5.68,5.0,6.0,6.0,5.68,5.7276945,MD,Liga,M
André Almeida,5.58,5.58,5.58,5.58,5.58,5.0,6.0,7.0,4.5,5.0,6.5,4.5,5.0,5.5,6.0,7.5,5.5,4.5,5.58,5.58,5.58,5.58,5.58,5.58,5.58,5.58,5.58,5.58,5.58,5.58,5.58,5.58,5.58,5.58,5.58,5.58,5.58,5.58,5.58,5.58,5.721298,MO,Liga,M
Alex Berenguer,5.44,5.59,5.0,6.5,8.0,5.5,7.0,6.5,5.5,6.0,5.0,5.0,3.0,6.0,5.5,5.44,4.5,4.0,4.5,5.0,5.0,5.44,5.0,5.0,6.0,7.5,5.44,8.0,5.0,7.0,7.0,5.0,4.5,5.44,4.5,5.0,4.5,7.0,5.0,6.5,5.7170696,MO,Liga,M
Kondogbia Geoffrey,5.67,5.62,5.67,5.67,6.0,5.0,6.5,4.5,5.0,5.0,7.5,6.0,6.0,4.5,5.5,5.67,6.0,5.0,6.5,6.0,6.0,5.0,5.67,5.67,5.0,5.0,7.5,5.67,5.67,5.5,5.5,5.0,5.0,5.67,4.5,6.0,6.0,5.0,5.0,7.5,5.674151,MD,Liga,M
William Carvalho,5.41,5.34,6.5,5.5,6.0,5.41,7.0,4.5,4.5,5.5,7.0,5.0,4.0,5.0,5.5,4.5,5.5,5.5,5.41,5.0,4.5,5.0,6.5,5.41,8.0,5.5,4.0,4.0,5.0,5.0,6.0,5.41,4.5,5.0,5.41,4.5,6.5,6.0,4.5,5.41,5.6430225,MD,Liga,M
Gavi,5.5,5.48,5.0,6.0,6.0,7.0,6.0,6.0,6.0,6.0,4.5,6.0,4.0,4.5,5.0,5.5,5.0,6.0,5.5,5.0,5.5,5.0,5.5,7.0,4.5,7.0,6.0,5.5,5.5,5.0,5.0,6.0,5.0,6.0,5.5,5.5,5.5,5.5,3.5,5.5,5.640846,MO,Liga,M
Samuel Lino,5.59,5.59,5.5,4.5,5.0,7.0,6.0,6.0,5.0,6.5,5.0,5.5,5.5,5.0,7.0,6.0,6.0,4.0,5.59,5.59,5.59,5.59,5.59,5.59,5.59,5.59,5.59,5.59,5.59,5.59,5.59,5.59,5.59,5.59,5.59,5.59,5.59,5.59,5.59,5.59,5.628622,MO,Liga,M
Zubimendi Martín,5.44,5.43,6.5,3.0,7.0,4.5,4.5,5.5,8.0,6.5,4.5,5.0,4.5,4.5,5.0,5.0,6.5,6.5,5.5,5.44,4.5,5.44,5.44,5.0,6.0,4.0,5.44,5.0,6.0,6.0,6.0,5.5,5.5,4.5,5.5,6.0,6.0,6.0,5.5,5.0,5.616108,MD,Liga,M
Llorente Marcos,5.54,5.38,5.5,5.0,5.5,6.0,5.54,4.5,7.5,5.54,5.54,5.54,5.54,5.54,5.0,5.0,6.0,6.0,5.5,5.0,5.0,5.0,5.54,5.54,5.0,6.0,5.5,7.5,4.0,6.0,5.0,5.0,5.0,4.5,4.5,6.0,5.54,5.0,5.0,5.54,5.615781,MD,Liga,M
De Paul Rodrigo,5.31,5.3,5.0,5.0,5.5,4.0,8.0,5.5,5.31,5.31,5.5,5.0,5.0,4.5,5.0,5.0,5.31,5.31,5.31,6.0,4.5,4.0,4.0,5.0,5.0,5.31,5.0,7.0,7.0,5.5,5.5,4.5,5.0,4.5,4.5,5.0,7.0,6.0,7.0,4.5,5.6055694,MO,Liga,M
Raphinha,5.41,5.18,5.0,5.0,7.0,7.0,6.0,4.5,4.0,5.0,5.0,4.5,5.41,6.0,5.0,6.0,6.0,4.5,5.41,6.0,3.5,6.0,5.41,4.5,5.0,4.0,6.0,4.0,4.5,5.41,5.41,5.0,7.5,4.0,5.5,4.0,4.5,5.5,7.5,3.5,5.5864806,MO,Liga,M
Melero Gonzalo,5.77,5.5,5.77,5.77,5.77,5.77,5.77,5.0,5.77,7.0,6.5,5.5,7.0,5.5,5.5,5.0,7.0,4.0,5.5,5.77,5.0,7.0,4.0,5.0,4.5,4.5,7.0,4.0,5.5,5.77,5.0,7.0,5.5,4.5,5.0,6.0,4.0,5.77,7.0,5.77,5.584343,MO,Liga,M
Silva David,5.63,5.66,6.0,4.5,5.5,5.0,4.5,4.5,5.5,7.0,5.0,5.5,4.5,5.63,5.63,5.5,6.0,7.0,7.0,7.0,5.63,5.63,5.5,5.0,5.5,4.0,5.63,5.0,5.63,5.5,5.0,7.0,5.5,5.63,5.63,7.0,8.0,6.0,5.63,5.0,5.555583,MO,Liga,M
Kubo Takefusa,5.37,5.13,6.5,3.5,4.5,5.0,4.5,6.0,7.0,5.5,4.0,5.0,4.0,5.37,5.37,6.0,5.5,6.0,7.5,5.37,4.5,5.37,4.0,6.0,6.5,4.5,5.37,5.37,3.5,5.5,4.5,5.0,5.5,5.5,5.0,4.0,5.0,4.5,5.37,5.37,5.539791,MO,Liga,M
Illarramendi Asier,5.65,5.34,5.0,5.65,4.5,5.65,5.65,5.65,5.65,5.65,7.0,5.0,5.5,5.65,6.0,5.65,5.0,6.5,5.0,7.0,5.65,5.65,5.65,5.65,5.65,5.65,5.65,5.0,5.0,5.65,5.65,5.65,5.65,5.65,5.0,5.0,5.65,4.5,4.5,5.65,5.5319085,MD,Liga,M
Gabri Veiga Gabriel,5.53,5.41,4.5,5.0,5.0,5.5,7.0,4.5,7.0,5.5,5.5,5.0,4.5,5.5,5.53,4.5,6.0,6.0,7.0,6.0,5.53,5.53,5.53,5.53,5.53,5.53,5.53,5.53,5.53,5.53,5.53,5.53,5.53,5.53,4.0,5.0,5.0,5.0,6.0,5.53,5.528513,MO,Liga,M
Álex Baena,5.53,5.53,8.0,5.0,5.0,5.5,4.5,6.5,5.0,5.0,7.0,3.5,5.5,5.53,4.0,5.5,6.0,5.5,5.53,7.0,5.53,5.53,5.53,5.53,5.53,5.53,5.53,5.53,5.53,5.53,5.53,5.53,5.53,5.53,5.53,5.53,5.53,5.53,5.53,5.53,5.5203147,MO,Liga,M
Fekir Nabil,5.55,5.78,6.0,6.0,5.5,4.5,5.55,5.55,5.0,5.55,5.55,5.55,7.0,6.0,4.0,5.55,5.5,6.0,5.55,5.55,5.0,7.5,8.0,5.0,8.5,5.5,4.0,5.5,5.0,5.55,5.55,6.5,6.0,5.5,5.5,6.0,6.0,5.5,5.5,5.55,5.519997,MO,Liga,M
Gudelj Nemanja,5.59,5.48,5.5,5.59,5.59,5.0,6.0,5.5,4.5,6.5,7.0,6.0,3.5,5.0,7.5,5.0,5.5,6.0,5.0,6.0,5.5,5.59,5.0,5.59,5.59,5.59,5.5,5.59,5.5,6.0,5.0,5.0,4.5,5.59,5.59,5.5,5.5,5.0,5.59,6.0,5.511491,MD,Liga,M
Ruíz de Galarreta Íñigo,5.54,5.43,5.54,5.54,5.0,5.0,5.5,5.5,5.5,6.0,4.5,5.0,6.0,5.5,5.0,6.0,5.54,7.0,5.54,6.0,6.0,5.54,3.5,5.5,5.5,5.5,5.54,5.54,5.54,5.54,5.54,5.54,5.54,5.54,5.54,5.54,5.54,5.54,5.54,5.0,5.510299,MO,Liga,M
Darder Sergi,5.67,5.5,5.0,6.0,4.0,7.0,5.0,6.5,7.0,5.0,6.5,4.5,4.5,6.0,7.0,5.0,5.5,6.0,6.0,5.5,5.67,7.5,3.5,5.5,7.0,6.0,3.0,5.5,7.0,7.0,5.0,6.5,5.0,4.5,3.0,5.0,5.5,3.5,6.0,5.67,5.5053835,MD,Liga,M
Capoue Etienne,5.54,5.69,6.0,6.0,5.5,7.0,6.0,4.5,5.0,5.0,5.54,5.54,5.54,5.54,4.5,6.0,6.0,5.54,4.5,6.0,5.5,5.0,5.54,7.5,5.54,5.54,7.0,6.0,5.54,4.5,5.0,5.54,5.5,7.0,4.5,5.5,7.0,5.5,6.0,5.54,5.505053,MD,Liga,M
Álex Fernández,5.16,5.13,5.16,5.16,5.0,5.0,4.5,6.0,5.0,5.5,6.5,5.0,4.5,6.5,5.5,4.0,5.0,4.5,5.0,5.0,4.0,4.0,5.5,5.5,5.16,5.16,5.0,5.0,5.0,5.16,5.16,4.5,6.0,5.5,6.0,7.0,4.5,5.0,4.5,4.5,5.4935164,MO,Liga,M
Torres Óliver,5.44,5.41,5.44,5.5,6.0,5.44,5.5,7.0,4.0,7.0,6.0,5.0,5.0,4.5,5.0,5.0,5.0,6.5,4.0,6.0,5.5,5.5,6.5,5.44,5.0,5.5,5.0,5.44,5.0,5.5,5.44,6.0,5.0,5.0,5.0,5.0,5.44,6.0,5.5,5.0,5.486357,MO,Liga,M
Edu Expósito,5.41,5.41,7.0,6.0,5.0,5.5,4.5,7.0,5.5,6.0,6.0,5.0,5.5,5.5,5.41,4.5,4.0,4.5,5.0,5.41,5.41,5.41,5.41,5.41,5.41,5.41,5.41,5.41,5.41,5.41,5.41,5.41,5.41,5.41,5.41,5.41,5.41,5.41,5.41,5.41,5.46625,MO,Liga,M
Musah Yunus,5.23,5.09,5.5,5.5,5.0,8.0,5.0,5.23,5.23,4.5,5.0,5.0,4.5,5.23,4.5,6.0,4.5,5.0,5.23,5.23,3.0,5.5,6.5,6.0,3.5,5.23,5.23,5.0,5.23,5.5,5.23,5.5,5.23,4.5,5.0,4.5,5.0,5.0,5.0,5.23,5.452649,MO,Liga,M
Vesga Mikel,5.18,5.04,5.0,5.5,7.0,4.5,5.0,5.18,7.0,6.0,4.5,5.0,3.5,6.5,5.0,6.0,4.5,5.0,4.0,4.0,5.0,5.18,5.0,4.5,4.0,6.0,4.0,7.0,4.5,4.5,5.5,4.0,3.5,6.0,7.0,5.5,3.5,5.18,4.0,5.0,5.448598,MD,Liga,M
Rodri Rodrigo,5.42,5.33,6.0,5.5,5.0,5.42,7.5,6.0,6.0,5.0,5.0,5.5,5.0,5.42,5.42,4.5,5.42,4.5,5.42,5.0,5.42,5.0,5.42,5.0,5.5,5.42,5.42,5.42,5.42,5.42,5.5,5.42,5.42,5.42,5.42,4.5,5.5,6.0,4.5,5.42,5.4444475,MO,Liga,M
Chukwueze Samuel,5.32,5.41,5.5,5.5,5.5,5.5,5.0,6.0,5.0,5.0,5.0,5.32,5.0,4.0,4.5,5.0,7.0,6.0,6.0,5.0,5.32,5.32,5.32,5.5,5.5,6.5,5.5,5.0,6.0,4.5,5.32,6.0,5.5,5.5,6.0,6.5,5.0,4.5,5.0,5.32,5.4271493,MO,Liga,M
Milla Luis,5.25,5.48,5.25,5.25,5.25,5.25,5.25,3.5,5.25,4.5,6.0,5.0,6.0,5.0,5.5,5.0,6.0,5.5,5.5,5.5,5.25,4.0,4.0,5.25,6.0,6.5,6.0,4.5,6.5,6.0,7.0,7.0,4.5,6.0,5.5,6.5,5.5,4.5,5.0,6.5,5.4080796,MO,Liga,M
Lo Celso Giovani,5.38,5.21,5.38,5.5,5.5,7.0,5.5,4.5,5.5,4.5,5.38,5.38,5.38,5.0,5.38,5.38,5.38,5.38,5.38,5.38,5.38,5.0,5.38,5.0,5.5,6.0,5.0,5.5,5.0,4.5,4.5,5.0,5.0,5.0,6.0,7.0,4.0,4.5,5.5,5.38,5.4061594,MO,Liga,M
Trejo Óscar,5.38,5.17,5.5,6.0,6.0,5.5,7.0,6.0,5.5,5.0,4.0,5.38,5.0,5.38,6.5,5.0,5.5,4.0,5.0,4.5,6.0,4.5,5.5,3.5,4.0,5.0,4.0,4.0,6.0,6.0,5.38,5.0,5.0,5.0,5.0,5.5,5.38,5.38,5.38,5.5,5.400707,MO,Liga,M
Herrera Yangel,5.29,5.14,5.0,6.5,4.5,5.29,5.29,5.29,4.5,5.0,6.0,4.5,5.5,4.5,5.5,5.0,5.29,6.0,6.5,5.0,5.29,5.29,5.29,4.0,5.0,5.0,4.0,6.0,7.0,6.5,6.0,5.5,5.29,5.5,2.5,4.0,3.5,5.29,5.5,5.29,5.3916674,MD,Liga,M
Luiz Henrique,5.37,5.37,5.37,5.37,4.5,4.0,7.0,5.0,5.0,5.5,5.5,6.5,4.5,5.5,4.5,4.0,6.0,8.0,5.37,5.0,5.37,5.37,5.37,5.37,5.37,5.37,5.37,5.37,5.37,5.37,5.37,5.37,5.37,5.37,5.37,5.37,5.37,5.37,5.37,5.37,5.386375,MO,Liga,M
Lemar Thomas,5.42,5.2,6.0,5.5,6.5,5.42,6.0,5.42,5.42,5.0,5.5,5.0,5.42,5.42,6.0,5.0,5.5,4.5,5.5,4.5,5.0,5.5,5.0,4.5,5.5,5.42,4.5,6.0,5.42,5.42,4.5,4.5,4.0,5.42,5.42,5.42,5.42,5.42,4.5,6.0,5.383804,MO,Liga,M
Joaquín,5.36,5.18,5.36,5.36,5.36,5.0,5.36,5.36,5.5,5.36,6.0,6.5,5.0,5.36,5.36,5.36,4.5,5.36,5.36,5.0,5.36,5.36,5.36,5.36,5.36,5.0,5.0,5.0,5.36,5.0,6.0,5.0,5.0,5.0,5.0,5.36,5.5,4.5,5.0,5.36,5.3784895,MO,Liga,M
Papu Gómez,5.21,5.33,5.5,5.0,5.0,5.5,5.21,5.0,5.0,6.0,5.0,5.0,5.0,4.5,6.0,5.21,5.21,5.21,5.21,5.21,5.0,4.0,6.5,5.21,7.0,6.0,5.0,5.21,5.21,5.21,5.21,6.0,4.5,6.0,5.0,5.0,7.0,4.0,5.5,5.0,5.373573,MO,Liga,M
Witsel Axel,5.34,5.34,5.5,4.0,6.5,5.5,6.0,4.0,7.0,5.0,5.0,6.0,6.0,4.0,4.5,5.5,5.34,5.34,5.5,5.5,5.34,5.34,5.34,5.34,5.34,5.34,5.34,5.34,5.34,5.34,5.34,5.34,5.34,5.34,5.34,5.34,5.34,5.34,5.34,5.34,5.3530517,MD,Liga,M
Rubén García,5.4,5.25,5.4,5.0,5.0,6.5,7.0,4.5,5.4,5.5,5.0,5.5,5.4,5.0,5.0,6.0,4.5,6.0,5.5,5.0,5.0,4.5,7.5,5.4,7.0,3.5,5.4,7.5,5.4,6.5,4.0,4.5,4.5,4.0,5.0,4.5,6.0,5.0,4.0,4.0,5.352159,MO,Liga,M
Valentín Óscar,5.28,5.2,5.5,5.0,6.0,4.5,5.0,4.5,6.0,4.5,6.5,4.5,6.5,5.5,6.0,5.5,5.28,4.0,5.0,5.28,5.0,6.0,5.28,4.5,4.0,5.5,5.0,4.5,5.5,5.5,6.0,7.0,5.0,6.0,5.5,4.0,3.0,5.5,4.5,5.5,5.337584,MD,Liga,M
Vinicius Souza,5.38,5.38,5.0,6.0,5.0,6.0,5.5,4.5,5.5,5.0,6.0,4.5,5.0,5.0,7.0,5.0,4.0,5.38,6.5,6.0,5.38,5.38,5.38,5.38,5.38,5.38,5.38,5.38,5.38,5.38,5.38,5.38,5.38,5.38,5.38,5.38,5.38,5.38,5.38,5.38,5.3346295,MD,Liga,M
Ceballos Dani,5.3,5.35,5.0,5.0,5.5,5.0,6.5,5.0,5.0,5.3,5.3,5.3,5.3,5.3,5.3,4.5,5.5,5.3,5.3,6.0,5.0,5.3,5.3,5.3,5.3,5.0,5.0,5.0,5.3,5.3,5.0,5.0,5.3,6.5,7.0,5.3,5.3,5.5,5.0,5.3,5.3343434,MO,Liga,M
Mesa Roque,5.33,5.33,4.5,6.0,5.0,6.0,5.0,5.0,6.0,5.5,4.0,7.0,5.33,3.5,7.5,5.33,5.0,5.0,5.33,5.0,5.33,5.33,5.33,5.33,5.33,5.33,5.33,5.33,5.33,5.33,5.33,5.33,5.33,5.33,5.33,5.33,5.33,5.33,5.33,5.33,5.333666,MD,Liga,M
Samu Castillejo,5.25,5.25,6.0,4.0,5.5,7.0,5.5,7.0,4.5,5.25,5.25,5.25,5.25,4.5,5.0,6.0,4.0,4.0,5.25,5.25,5.25,5.25,5.25,5.25,5.25,5.25,5.25,5.25,5.25,5.25,5.25,5.25,5.25,5.25,5.25,5.25,5.25,5.25,5.25,5.25,5.33151,MO,Liga,M
Riquelme Rodrigo,5.21,5.21,5.0,5.5,5.21,4.0,6.0,5.0,5.5,6.0,4.5,6.0,5.0,4.5,4.5,4.5,5.5,5.0,6.0,6.0,5.21,5.21,5.21,5.21,5.21,5.21,5.21,5.21,5.21,5.21,5.21,5.21,5.21,5.21,5.21,5.21,5.21,5.21,5.21,5.21,5.3121576,MO,Liga,M
Lee Kang-In,5.5,5.2,5.0,7.0,7.0,6.5,5.0,4.5,6.0,5.0,5.0,5.0,7.0,5.0,5.5,5.5,4.0,6.0,4.5,5.5,5.5,5.5,5.0,5.5,5.5,4.5,5.5,5.5,5.0,4.5,5.0,4.0,4.0,4.5,5.5,5.0,5.5,5.0,5.5,5.0,5.3116555,MO,Liga,M
Rakitic Ivan,5.29,5.52,5.0,5.0,5.29,4.5,5.0,5.29,6.0,5.29,5.0,5.0,5.0,4.5,5.5,4.0,5.29,6.0,6.0,7.5,5.0,6.5,4.5,5.29,6.0,5.5,7.0,5.29,4.5,5.5,5.0,7.0,7.0,7.0,5.5,5.0,5.0,5.0,5.0,6.5,5.3068953,MD,Liga,M
Rodríguez Óscar,5.32,5.19,5.5,4.5,6.0,7.0,5.32,5.0,6.0,6.0,5.0,5.0,5.0,5.0,5.0,5.0,5.0,5.5,5.0,5.0,5.0,5.0,5.0,5.5,5.5,5.5,4.0,3.5,5.0,5.5,4.5,5.0,5.0,7.0,5.0,5.5,5.0,5.0,5.0,5.0,5.3063207,MO,Liga,M
Dani Rodríguez,5.47,5.24,5.5,5.0,7.0,5.5,5.0,5.0,5.5,5.0,5.0,5.5,6.0,5.0,6.0,5.47,4.5,6.0,4.5,7.0,5.47,5.47,4.5,5.0,6.0,5.5,5.47,5.47,4.0,5.5,4.5,5.0,4.0,6.0,5.0,3.0,5.5,5.0,5.5,6.0,5.3061285,MO,Liga,M
Koke,5.25,5.15,5.5,5.0,5.5,5.5,6.0,5.0,5.5,5.0,5.5,5.25,5.25,5.25,5.25,5.0,5.0,5.0,4.0,6.0,5.0,4.0,5.5,4.0,5.0,7.0,5.25,5.25,4.0,7.0,5.25,3.5,4.5,5.0,5.0,5.0,5.0,5.0,6.5,5.25,5.2955966,MO,Liga,M
Santi Comesaña Santiago,5.31,5.15,5.31,5.31,5.5,5.0,5.0,5.0,5.0,5.0,5.0,5.5,6.5,5.5,7.0,4.5,5.5,4.5,6.0,4.5,5.0,5.5,6.0,5.5,4.5,4.5,5.0,5.0,6.0,4.5,4.5,5.31,5.5,5.5,5.0,5.5,3.5,5.31,5.0,4.0,5.290471,MO,Liga,M
Aguado Álvaro,5.24,5.24,3.5,6.0,5.0,5.5,5.0,5.24,5.0,5.0,4.5,7.0,5.0,5.5,6.0,5.5,5.5,5.5,4.5,5.0,5.24,5.24,5.24,5.24,5.24,5.24,5.24,5.24,5.24,5.24,5.24,5.24,5.24,5.24,5.24,5.24,5.24,5.24,5.24,5.24,5.266255,MO,Liga,M
Dani García,5.15,5.0,5.15,5.15,4.5,5.15,5.5,5.5,6.5,5.0,5.0,5.0,4.5,5.15,5.15,5.15,5.5,5.15,4.5,5.15,5.5,5.15,6.0,4.0,4.0,7.5,4.5,5.15,5.15,5.15,5.15,4.5,5.15,5.0,5.5,4.0,3.0,5.5,4.5,5.0,5.2596717,MD,Liga,M
Álex Collado Álex,5.33,5.29,5.33,6.0,6.5,3.5,4.0,5.33,5.33,5.33,5.5,5.33,5.5,5.33,4.5,7.5,5.0,5.33,5.33,5.33,5.33,5.0,4.0,5.33,4.5,4.5,5.5,5.33,4.5,7.0,4.5,5.33,6.0,6.0,5.5,5.0,7.0,4.5,5.5,5.33,5.2517104,MO,Liga,M
Akouokou Paul,5.25,5.23,5.5,5.0,5.25,5.25,5.25,5.0,5.5,5.25,5.25,5.25,5.25,5.5,5.25,5.0,5.25,5.25,5.25,5.25,5.25,5.25,5.25,5.25,5.25,5.25,4.5,4.5,6.0,5.5,5.25,5.25,5.25,5.5,5.25,5.25,5.25,5.25,5.25,5.25,5.2412558,MD,Liga,M
Toni Villa,5.22,5.22,4.5,5.22,5.0,5.0,5.0,4.5,5.22,5.0,5.0,5.0,5.0,5.0,5.5,5.0,5.0,7.0,7.0,5.0,5.22,5.22,5.22,5.22,5.22,5.22,5.22,5.22,5.22,5.22,5.22,5.22,5.22,5.22,5.22,5.22,5.22,5.22,5.22,5.22,5.2408175,MO,Liga,M
Cervi Franco,5.09,5.4,5.5,4.0,6.0,6.0,4.0,3.5,5.09,5.5,5.0,3.5,5.5,4.5,5.5,5.5,6.0,6.5,5.5,4.5,4.0,7.0,7.0,6.5,5.0,7.0,5.0,5.09,5.09,5.09,5.5,5.5,5.5,4.5,5.5,7.0,6.0,5.09,5.09,5.09,5.2319016,MO,Liga,M
Tchouaméni Aurélien,5.71,6.02,5.5,7.0,6.5,6.5,5.71,7.0,4.5,6.0,5.0,5.5,5.5,5.71,5.0,6.0,5.0,5.0,5.71,5.71,6.5,8.0,8.0,7.5,6.0,3.0,5.71,7.0,5.5,7.0,5.5,5.0,6.5,6.0,5.0,5.71,8.0,6.0,6.0,5.71,5.23123,MD,Liga,M
Kike Pérez,5.15,5.16,5.5,5.0,3.5,7.0,4.0,5.5,6.5,6.5,4.5,5.5,5.15,4.5,5.0,4.5,5.5,4.5,5.5,4.5,5.15,5.15,5.15,5.15,4.5,6.0,5.15,5.15,5.15,5.5,5.15,4.5,5.5,4.5,4.5,4.0,5.5,5.0,7.5,5.15,5.206583,MO,Liga,M
Fidel,5.0,5.33,5.0,5.0,5.0,5.0,5.0,5.0,5.0,5.0,5.0,5.0,5.0,5.0,5.0,5.0,5.0,4.5,4.5,6.0,5.0,5.0,6.5,8.0,5.0,5.0,5.0,5.0,7.0,4.0,5.0,4.5,7.0,5.0,4.5,4.5,4.0,5.0,7.0,6.0,5.2041383,MO,Liga,M
Guillamón Hugo,5.07,5.0,5.5,4.5,4.5,8.0,4.5,6.5,4.0,4.5,5.07,5.0,4.5,3.5,5.0,7.0,4.5,4.5,5.07,5.07,4.5,5.0,5.0,5.5,4.5,3.5,5.07,4.5,5.0,6.0,6.0,5.5,5.0,5.07,5.5,3.5,5.07,5.07,5.07,5.07,5.2020426,MD,Liga,M
Marín Pablo,5.2,5.2,5.2,5.2,5.2,5.2,5.2,5.2,5.2,5.2,5.2,5.2,5.0,5.0,5.2,5.0,5.2,5.0,5.2,6.0,5.2,5.2,5.2,5.2,5.2,5.2,5.2,5.2,5.2,5.2,5.2,5.2,5.2,5.2,5.2,5.2,5.2,5.2,5.2,5.2,5.2018013,MO,Liga,M
Cruz Juan,5.2,5.2,5.2,5.2,5.2,5.2,5.2,5.2,5.2,5.2,5.0,5.0,4.5,6.0,5.2,5.5,5.2,5.2,5.2,5.2,5.2,5.2,5.2,5.2,5.2,5.2,5.2,5.2,5.2,5.2,5.2,5.2,5.2,5.2,5.2,5.2,5.2,5.2,5.2,5.2,5.2016134,MD,Liga,M
Eguaras Íñigo,5.23,5.23,7.0,6.0,4.5,5.23,4.5,5.23,5.0,5.5,4.5,5.23,5.0,6.0,5.0,5.5,4.5,5.23,5.0,5.23,5.23,5.23,5.23,5.23,5.23,5.23,5.23,5.23,5.23,5.23,5.23,5.23,5.23,5.23,5.23,5.23,5.23,5.23,5.23,5.23,5.19866,MD,Liga,M
Gumbau Gerard,5.03,4.97,4.0,5.0,5.0,4.5,3.5,4.5,5.5,6.0,5.03,5.0,6.0,5.0,4.5,5.5,5.03,6.0,5.5,5.0,4.5,6.0,5.5,5.0,4.5,5.03,3.5,5.03,5.0,4.0,6.0,4.0,5.0,6.0,6.0,3.5,4.0,4.5,6.0,5.5,5.1952744,MD,Liga,M
Nico González Nicolás,5.23,5.15,5.0,5.0,5.0,8.0,4.0,5.0,5.0,5.23,5.0,5.0,3.5,5.23,5.5,6.5,5.5,5.23,5.23,5.23,5.23,5.5,5.5,5.0,5.0,4.5,5.0,5.23,5.23,4.5,5.0,5.0,5.23,5.23,5.23,5.23,5.23,5.23,5.23,5.5,5.189091,MD,Liga,M
Ñíguez Saúl,5.18,5.14,6.0,5.18,5.0,5.0,5.0,4.5,6.5,4.5,5.0,5.0,6.0,5.5,5.18,5.18,5.0,5.18,4.5,5.0,5.18,5.18,5.18,5.0,5.18,5.18,5.18,5.18,5.5,5.18,5.18,5.18,5.18,5.18,5.18,5.18,4.5,5.18,5.0,5.18,5.17082,MD,Liga,M
Jordán Joan,5.21,5.12,5.21,5.0,4.5,4.5,5.5,4.5,5.21,5.0,5.21,5.21,5.0,5.0,5.5,5.0,5.5,6.0,6.0,6.0,5.5,5.0,5.0,5.21,5.0,5.0,5.0,5.21,5.21,4.5,5.5,5.0,5.0,5.0,4.0,5.5,5.0,5.21,5.5,5.0,5.1593275,MD,Liga,M
Aleñá Carles,5.29,5.3,4.5,4.5,5.0,4.0,7.0,6.0,4.5,5.0,5.5,7.5,5.29,6.5,5.0,5.0,5.5,5.0,4.5,5.0,5.5,5.5,5.5,8.0,5.29,5.29,5.5,5.29,5.5,5.0,5.5,5.0,3.5,5.0,5.5,5.0,5.29,5.0,4.5,5.29,5.1481924,MO,Liga,M
Tuhami Anuar,5.17,5.17,5.17,7.0,3.5,5.17,5.0,5.17,5.17,5.17,5.17,5.17,5.17,5.17,5.17,5.17,5.17,5.17,5.17,5.17,5.17,5.17,5.17,5.17,5.17,5.17,5.17,5.17,5.17,5.17,5.17,5.17,5.17,5.17,5.17,5.17,5.17,5.17,5.17,5.17,5.144861,MO,Liga,M
Januzaj Adnan,5.0,5.15,5.0,5.0,5.0,5.0,5.0,5.0,5.0,5.0,5.0,5.0,5.0,5.0,5.0,5.0,5.0,5.0,5.0,5.0,4.5,5.0,3.5,5.0,6.0,5.0,5.0,5.0,5.0,5.0,5.0,5.0,5.0,5.0,5.5,5.0,6.0,4.5,5.0,7.5,5.1435823,MO,Liga,M
Alcaraz Rubén,5.07,5.3,5.07,5.07,5.07,5.07,4.5,5.5,5.0,5.5,5.0,5.0,4.0,5.0,5.0,4.5,5.5,7.0,4.5,5.0,5.07,5.07,5.5,7.0,5.0,6.0,6.0,7.0,5.5,5.5,5.5,4.0,5.07,4.5,5.07,5.07,5.0,5.5,5.5,5.07,5.130955,MD,Liga,M
de la Hoz César,5.15,5.15,5.15,5.15,5.0,4.5,5.15,5.15,5.15,5.0,5.0,5.5,4.5,7.0,5.15,5.0,5.5,4.5,5.15,5.15,5.15,5.15,5.15,5.15,5.15,5.15,5.15,5.15,5.15,5.15,5.15,5.15,5.15,5.15,5.15,5.15,5.15,5.15,5.15,5.15,5.1177545,MD,Liga,M
Oroz Aimar,5.19,5.19,6.0,5.5,4.0,6.5,5.19,5.19,5.0,4.0,5.0,5.0,5.0,7.0,5.5,4.0,4.0,5.0,7.0,4.5,5.19,5.19,5.19,5.19,5.19,5.19,5.19,5.19,5.19,5.19,5.19,5.19,5.19,5.19,5.19,5.19,5.19,5.19,5.19,5.19,5.1172094,MO,Liga,M
Lazo José Carlos,5.13,5.13,5.0,5.13,5.13,4.5,5.13,5.13,5.13,5.0,4.5,5.0,5.0,7.0,5.13,5.0,5.13,5.13,5.13,5.13,5.13,5.13,5.13,5.13,5.13,5.13,5.13,5.13,5.13,5.13,5.13,5.13,5.13,5.13,5.13,5.13,5.13,5.13,5.13,5.13,5.1161056,MO,Liga,M
Herrera Ander,5.14,5.21,5.14,5.14,5.14,5.14,5.14,5.0,5.0,4.5,5.14,6.0,4.5,5.14,5.14,6.0,5.14,5.14,5.14,5.0,5.0,6.0,5.0,5.14,5.14,5.14,5.14,5.14,5.14,5.14,5.14,5.14,5.14,5.14,5.14,5.14,5.14,5.5,5.0,5.14,5.114107,MD,Liga,M
Ciss Pathé,5.19,5.12,6.5,7.5,4.5,4.0,5.0,4.5,5.0,4.5,5.19,5.5,4.5,5.5,5.0,5.0,5.5,5.19,5.0,5.5,5.0,5.5,5.5,5.0,4.5,5.0,5.0,5.0,5.0,5.5,5.0,4.0,5.19,5.0,4.5,5.5,5.19,5.5,5.5,5.19,5.113259,MD,Liga,M
Momo Cho Mohamed-Ali,5.13,4.8,5.0,5.0,5.0,6.5,5.5,4.5,5.13,4.5,5.13,5.13,5.13,5.13,5.13,5.13,5.0,5.13,5.13,5.13,5.13,4.5,5.13,5.13,5.0,4.5,2.5,5.13,3.5,5.0,5.0,5.0,5.0,4.0,5.0,5.13,7.0,3.5,5.0,5.13,5.1106954,MO,Liga,M
Monchu,5.07,5.07,4.0,5.0,4.0,6.0,6.0,6.0,5.07,5.0,5.0,5.07,6.5,4.0,5.0,4.5,5.5,5.0,4.5,5.07,5.07,5.07,5.07,5.07,5.07,5.07,5.07,5.07,5.07,5.07,5.07,5.07,5.07,5.07,5.07,5.07,5.07,5.07,5.07,5.07,5.10283,MD,Liga,M
Reinier,5.07,5.07,5.07,5.0,5.0,5.0,6.5,5.0,5.07,5.07,5.07,5.07,4.5,4.5,5.07,5.07,5.07,5.07,5.07,5.07,5.07,5.07,5.07,5.07,5.07,5.07,5.07,5.07,5.07,5.07,5.07,5.07,5.07,5.07,5.07,5.07,5.07,5.07,5.07,5.07,5.101739,MO,Liga,M
Fran Beltrán,5.03,5.29,4.5,5.0,6.0,6.0,4.0,4.0,6.0,5.5,4.5,4.0,5.5,5.0,4.5,5.0,5.0,6.0,5.5,4.5,5.0,5.5,5.5,6.5,6.0,5.5,5.0,5.03,5.5,5.5,5.0,6.0,7.0,5.0,4.5,7.0,5.0,5.0,5.03,5.03,5.101625,MD,Liga,M
Coquelin Francis,5.12,5.15,5.5,5.0,4.5,6.5,5.0,5.5,4.5,4.5,5.12,5.12,5.0,5.5,5.12,5.0,5.12,5.0,5.0,5.12,5.12,5.12,5.12,5.12,5.12,5.12,5.12,4.5,5.0,5.0,5.0,5.0,5.12,5.12,5.12,5.5,5.12,6.5,5.12,5.12,5.101431,MD,Liga,M
Ruibal Aitor,4.91,4.86,6.0,5.0,5.0,4.5,4.5,4.5,5.0,4.5,4.5,4.5,5.5,4.91,5.0,4.5,4.5,5.0,4.91,6.0,4.0,4.91,4.91,4.5,4.5,4.91,5.0,4.0,5.0,4.91,7.0,4.91,4.5,4.91,4.5,4.91,4.91,4.91,4.91,4.91,5.098032,MO,Liga,M
Villar Gonzalo,5.25,4.87,5.25,5.25,5.25,5.25,5.25,5.25,5.25,5.25,5.25,5.25,5.25,5.25,5.25,5.25,5.25,5.25,5.0,5.5,5.25,5.25,5.25,5.25,5.0,5.25,5.25,5.0,5.5,5.0,6.0,4.5,4.5,5.25,5.25,5.0,5.25,5.0,5.0,5.25,5.092545,MD,Liga,M
Ilaix Moriba,5.25,5.0,5.25,5.25,5.25,3.5,5.25,6.5,5.5,5.5,5.0,6.0,5.25,5.25,5.25,5.25,5.0,5.0,5.25,5.25,5.25,5.25,5.25,5.0,4.0,3.0,5.25,5.25,5.0,5.5,4.5,4.0,5.0,5.0,5.25,5.0,5.0,5.0,7.0,5.25,5.083872,MD,Liga,M
Sánchez Iván,5.04,5.04,6.0,5.0,5.0,5.0,5.04,5.5,5.0,4.0,4.5,5.04,4.5,5.04,6.0,5.0,5.0,5.0,5.0,5.04,5.04,5.04,5.04,5.04,5.04,5.04,5.04,5.04,5.04,5.04,5.04,5.04,5.04,5.04,5.04,5.04,5.04,5.04,5.04,5.04,5.0754943,MO,Liga,M
Romeu Oriol,5.14,5.33,5.14,5.14,5.14,5.0,6.5,5.5,5.0,4.0,5.0,4.5,5.0,5.5,5.5,5.5,6.0,5.14,5.0,4.0,5.14,5.0,6.5,6.0,5.5,6.5,7.5,7.0,3.5,4.0,4.0,6.0,3.0,6.0,5.5,7.0,5.0,4.5,4.5,6.0,5.0735636,MD,Liga,M
Torró Lucas,5.32,5.34,5.5,5.5,4.5,5.5,6.0,5.0,5.5,5.0,4.5,6.0,5.0,6.0,5.5,4.5,4.5,6.0,6.0,5.32,6.5,4.5,6.5,5.32,6.0,5.5,5.32,5.5,5.32,6.5,4.0,6.0,6.0,5.32,5.0,5.0,4.5,5.32,4.5,4.5,5.0689554,MD,Liga,M
Arambarri Mauro,5.08,5.1,5.0,5.0,5.5,3.0,5.08,6.0,6.0,5.08,5.08,5.08,5.08,5.08,5.08,5.08,5.08,5.08,5.08,5.08,5.08,6.0,5.0,7.5,4.5,6.0,5.0,5.08,4.5,5.08,4.0,5.08,5.0,5.5,5.5,4.5,4.5,5.5,3.5,5.08,5.066197,MD,Liga,M
Brasanac Darko,5.19,5.06,5.0,5.5,5.19,6.0,6.0,5.0,5.5,6.0,5.0,4.5,5.0,5.19,4.5,4.5,5.0,5.0,5.0,5.5,5.0,4.5,6.0,5.19,6.5,3.0,5.19,5.0,5.19,7.0,4.0,5.19,5.0,3.5,5.0,4.0,5.0,5.5,5.0,5.19,5.0625353,MD,Liga,M
Grenier Clément,5.04,5.06,5.5,4.5,6.0,4.5,5.5,6.0,5.04,5.0,5.04,4.0,5.04,5.04,4.5,5.0,5.04,5.04,5.0,5.0,5.04,5.04,5.04,5.04,5.04,5.04,5.04,5.04,4.5,5.04,5.04,5.0,5.04,5.04,5.0,5.04,5.0,5.04,6.0,5.04,5.060164,MO,Liga,M
Samú Costa,5.0,5.0,5.0,5.5,5.0,4.0,6.0,5.5,4.0,5.0,5.0,5.0,5.0,5.0,3.5,5.0,4.5,5.0,7.0,5.0,5.0,5.0,5.0,5.0,5.0,5.0,5.0,5.0,5.0,5.0,5.0,5.0,5.0,5.0,5.0,5.0,5.0,5.0,5.0,5.0,5.0488834,MD,Liga,M
Solari Augusto,5.08,5.0,5.5,5.08,5.0,5.0,4.5,5.08,5.5,5.0,5.08,5.08,5.08,5.08,5.08,5.08,5.08,5.08,5.08,5.08,5.08,5.0,5.0,5.0,4.5,5.08,5.0,5.08,5.0,5.08,5.08,4.5,5.0,4.5,5.08,5.5,5.0,5.0,5.5,5.08,5.048617,MO,Liga,M
Guevara Ander,5.1,5.2,5.1,5.1,5.1,5.1,5.1,5.1,4.5,5.1,5.1,5.0,5.1,5.1,5.0,5.5,5.1,5.5,5.1,5.1,6.0,5.1,5.0,5.1,5.1,5.1,5.1,5.1,5.1,5.1,5.1,5.1,5.1,5.0,5.0,5.1,5.1,5.1,5.1,5.5,5.030781,MD,Liga,M
Unai López Unai,5.12,4.98,5.0,6.0,3.5,5.12,4.5,5.5,6.5,4.5,5.0,5.0,5.0,6.5,5.0,5.0,5.5,5.0,5.0,4.5,5.12,5.5,5.5,4.5,5.12,5.12,5.12,5.12,5.12,5.12,5.0,4.5,4.5,4.5,5.0,5.0,4.0,5.12,5.0,4.5,5.0258636,MO,Liga,M
Kessie Franck,5.06,5.35,5.0,4.5,5.0,5.06,5.06,5.0,5.0,5.06,5.0,5.06,5.5,5.06,5.06,5.06,5.06,5.0,5.06,5.5,5.06,5.06,5.06,5.06,5.0,5.0,5.5,5.0,5.5,5.5,4.5,5.0,5.0,6.0,6.0,6.0,5.5,6.0,7.5,5.06,5.025728,MD,Liga,M
Barrios Pablo,5.0,5.0,5.0,5.0,5.0,5.0,5.0,5.0,5.0,5.0,5.0,5.0,5.0,4.5,5.0,5.0,6.0,5.0,4.5,5.0,5.0,5.0,5.0,5.0,5.0,5.0,5.0,5.0,5.0,5.0,5.0,5.0,5.0,5.0,5.0,5.0,5.0,5.0,5.0,5.0,5.0124807,MD,Liga,M
Manu Trigueros,4.85,5.28,4.85,4.85,4.85,4.85,4.85,4.85,4.85,4.85,4.5,5.0,5.0,5.0,4.5,5.5,4.5,5.0,4.5,5.0,4.5,4.85,6.0,5.5,5.0,7.0,7.0,5.0,5.5,4.85,4.5,5.0,7.0,4.5,5.5,4.5,7.0,5.0,5.5,4.85,5.0065546,MO,Liga,M
Asensio Marco,5.17,5.42,5.17,4.5,5.17,5.17,5.17,4.5,4.5,4.5,4.5,6.5,6.0,4.0,7.5,5.17,5.0,4.5,5.17,6.0,7.0,5.17,5.17,5.17,5.5,7.0,6.0,6.0,4.5,4.5,4.5,5.0,4.5,7.0,6.5,5.0,5.17,6.0,5.17,5.17,5.00492,MO,Liga,M
Fernando,5.05,5.12,6.0,4.5,6.0,4.5,6.0,5.0,5.05,5.05,5.05,5.05,5.05,5.05,5.05,5.05,5.5,4.5,3.5,5.0,5.5,5.5,4.5,5.05,5.0,6.0,5.5,5.05,5.05,5.05,5.05,5.05,5.05,5.05,5.05,5.05,5.05,5.05,5.05,4.5,5.004772,MD,Liga,M
Torre Pablo,5.0,5.0,5.0,5.0,5.0,5.0,5.0,5.0,5.0,5.0,5.0,5.0,5.0,5.0,5.0,5.0,5.0,5.0,5.0,5.0,5.0,5.0,5.0,5.0,5.0,5.0,5.0,5.0,5.0,5.0,5.0,5.0,5.0,5.0,5.0,5.0,5.0,5.0,5.0,5.0,5.003771,MO,Liga,M
García Borja,5.0,5.0,5.0,5.0,5.0,5.0,5.0,5.0,5.0,5.0,5.0,5.0,5.0,5.0,5.0,5.0,5.0,5.0,5.0,5.0,5.0,5.0,5.0,5.0,5.0,5.0,5.0,5.0,5.0,5.0,5.0,5.0,5.0,5.0,5.0,5.0,5.0,5.0,5.0,5.0,5.003771,MO,Liga,M
Martínez Roger,5.0,5.0,5.0,5.0,5.0,5.0,5.0,5.0,5.0,5.0,5.0,5.0,5.0,5.0,5.0,5.0,5.0,5.0,5.0,5.0,5.0,5.0,5.0,5.0,5.0,5.0,5.0,5.0,5.0,5.0,5.0,5.0,5.0,5.0,5.0,5.0,5.0,5.0,5.0,5.0,5.003771,MD,Liga,M
Swedberg Williot,5.0,5.0,5.0,5.0,5.0,5.0,5.0,5.0,5.0,5.0,5.0,5.0,5.0,5.0,5.0,5.0,5.0,5.0,5.0,5.0,5.0,5.0,5.0,5.0,5.0,5.0,5.0,5.0,5.0,5.0,5.0,5.0,5.0,5.0,5.0,5.0,5.0,5.0,5.0,5.0,5.003771,MD,Liga,M
Fran Pérez Francisco,5.0,5.0,5.0,5.0,5.0,5.0,5.0,5.0,5.0,5.0,5.0,5.0,5.0,5.0,5.0,5.0,5.0,5.0,5.0,5.0,5.0,5.0,5.0,5.0,5.0,5.0,5.0,5.0,5.0,5.0,5.0,5.0,5.0,5.0,5.0,5.0,5.0,5.0,5.0,5.0,5.003771,MD,Liga,M
Portillo Francisco,5.0,5.0,5.0,5.0,5.0,5.0,4.5,5.0,5.0,5.0,5.5,5.0,5.0,5.0,5.0,5.0,5.0,5.0,5.0,5.0,5.0,5.0,5.0,5.0,5.0,5.0,5.0,5.0,5.0,5.0,5.0,5.0,5.0,5.0,5.0,5.0,5.0,5.0,5.0,5.0,5.001459,MO,Liga,M
Raúl Guti,4.93,4.97,4.93,4.93,5.0,4.0,5.0,5.5,5.0,5.0,5.5,5.0,5.0,4.93,5.0,5.0,4.5,4.5,4.93,5.0,5.0,4.93,6.0,5.0,4.93,5.0,4.5,4.93,4.93,4.5,4.5,4.5,5.5,6.0,5.0,4.0,5.0,5.0,5.5,4.93,4.998463,MD,Liga,M
Turrientes Beñat,5.0,5.0,5.0,5.5,5.0,5.0,4.5,5.0,5.0,5.0,5.0,5.0,5.0,5.0,5.0,5.0,5.0,5.0,5.0,5.0,5.0,5.0,5.0,5.0,5.0,5.0,5.0,5.0,5.0,5.0,5.0,5.0,5.0,5.0,5.0,5.0,5.0,5.0,5.0,5.0,4.9923954,MD,Liga,M
Navarro Robert,4.96,4.96,4.96,5.0,4.96,4.96,4.96,4.96,5.0,4.5,5.0,4.5,5.0,4.5,4.96,5.0,5.5,5.0,5.5,5.0,4.96,4.96,4.96,4.96,4.96,4.96,4.96,4.96,4.96,4.96,4.96,4.96,4.96,4.96,4.96,4.96,4.96,4.96,4.96,4.96,4.989231,MO,Liga,M
Suso,5.0,5.0,5.0,5.0,5.0,5.0,5.0,5.0,5.0,5.0,5.0,5.0,5.0,5.5,5.0,5.0,4.5,5.0,5.0,5.0,5.0,5.0,5.0,5.0,5.0,5.0,5.0,5.0,5.0,5.0,5.0,5.0,5.0,5.0,5.0,5.0,5.0,5.0,5.0,5.0,4.988489,MO,Liga,M
Salvi Sánchez,5.0,5.05,5.0,5.5,5.0,5.0,5.0,5.0,5.0,5.0,5.0,5.0,5.0,5.0,4.5,5.0,5.0,5.0,5.0,5.0,5.0,5.0,7.0,4.5,5.0,4.5,5.0,5.0,5.0,5.0,5.0,5.0,5.0,5.0,5.0,5.0,5.0,5.0,5.0,5.0,4.982376,MO,Liga,M
Sánchez Antonio,4.94,4.94,4.5,5.0,4.5,5.0,5.0,5.5,5.5,5.5,5.0,5.0,4.5,5.0,5.0,6.0,3.5,4.94,4.5,4.94,4.5,4.94,5.0,5.0,5.5,5.5,4.94,4.94,4.0,5.5,5.0,6.0,3.5,5.0,4.0,4.5,5.5,5.0,5.5,5.0,4.978173,MD,Liga,M
Lamela Erik,4.91,4.98,5.0,5.0,4.5,3.5,6.0,4.91,4.0,5.5,4.5,6.0,6.0,4.0,4.5,5.5,5.5,4.5,4.5,5.0,4.91,4.91,4.91,4.91,4.91,4.91,4.91,4.91,4.91,5.0,4.5,5.0,6.0,4.91,5.0,5.0,4.5,4.91,6.0,4.91,4.977991,MO,Liga,M
Melamed Nicolás,4.92,5.0,4.5,5.0,5.0,4.92,5.0,4.92,5.0,5.0,5.0,4.92,5.0,4.92,4.92,5.0,5.0,4.5,4.92,5.0,5.0,4.5,4.92,4.92,3.5,4.92,5.0,5.0,5.0,5.0,4.92,4.92,4.92,5.0,4.92,6.5,5.0,6.0,5.5,4.92,4.9739866,MD,Liga,M
José Mari,4.92,4.98,5.0,5.0,5.0,4.92,4.92,4.5,5.5,5.0,5.0,4.5,4.92,4.5,4.92,5.0,5.0,5.0,4.92,4.92,4.92,4.92,4.92,4.92,4.92,5.0,4.92,5.5,4.92,5.0,3.5,4.92,6.0,5.0,5.0,6.0,4.5,5.0,5.0,4.92,4.9662414,MD,Liga,M
Samu Sáiz,5.0,5.0,4.5,5.0,5.0,6.0,5.0,3.5,5.0,5.0,5.0,5.0,5.0,5.0,5.0,5.0,6.0,5.0,5.0,5.0,5.0,5.0,5.0,5.0,5.0,5.0,5.0,5.0,5.0,5.0,5.0,5.0,5.0,5.0,5.0,5.0,5.0,5.0,5.0,5.0,4.9662056,MO,Liga,M
Algobia Ángel,4.92,4.92,4.92,4.92,4.92,4.92,5.5,4.92,4.5,5.5,4.5,4.5,5.0,5.0,5.0,4.92,5.5,4.5,4.5,5.0,4.92,4.92,4.92,4.92,4.92,4.92,4.92,4.92,4.92,4.92,4.92,4.92,4.92,4.92,4.92,4.92,4.92,4.92,4.92,4.92,4.963506,MO,Liga,M
Alejo Iván,4.9,5.21,5.0,5.0,3.5,5.0,5.0,5.0,5.5,5.5,5.5,4.9,4.9,6.0,5.0,4.5,4.9,4.5,5.5,3.0,4.0,6.5,7.0,4.0,4.5,4.9,5.0,6.0,4.9,5.5,5.0,7.0,6.0,6.0,5.5,6.0,5.0,4.9,4.9,5.0,4.959331,MO,Liga,M
Kike Barja,5.06,4.88,4.5,5.06,5.0,5.06,4.5,5.06,5.06,5.06,5.06,5.06,6.0,5.5,4.5,5.0,4.5,5.06,5.06,6.0,6.0,4.0,4.5,5.06,5.06,4.5,5.06,5.06,5.06,5.06,5.06,4.5,5.06,4.5,4.5,6.0,4.5,4.5,5.0,4.5,4.9531665,MO,Liga,M
Mascarell Omar,4.94,5.05,4.0,4.5,4.5,3.0,4.5,4.94,4.94,5.5,5.0,4.5,5.5,5.0,5.0,5.0,5.0,6.0,6.0,6.0,5.5,5.5,4.94,5.5,4.5,4.0,4.5,4.94,5.5,4.5,4.94,5.0,6.0,4.94,6.0,4.0,4.5,5.0,6.5,6.0,4.947276,MD,Liga,M
Battaglia Rodrigo,4.92,4.94,5.0,3.5,5.5,5.5,4.5,4.92,4.92,5.0,4.5,5.0,5.5,4.92,5.0,5.5,4.5,4.92,4.92,4.92,4.5,4.92,4.0,5.0,4.5,4.0,4.92,4.92,4.92,4.92,5.0,5.0,4.92,4.5,4.5,4.92,6.0,5.5,7.0,5.0,4.9471655,MD,Liga,M
Pablo Ibáñez Pablo,4.92,4.92,5.0,4.92,4.92,5.0,5.0,4.92,4.92,4.92,4.92,4.92,5.0,4.92,4.92,4.92,4.92,5.0,4.92,4.5,4.92,4.92,4.92,4.92,4.92,4.92,4.92,4.92,4.92,4.92,4.92,4.92,4.92,4.92,4.92,4.92,4.92,4.92,4.92,4.92,4.940591,MD,Liga,M
Delaney Thomas,4.88,5.16,5.0,4.88,5.5,5.0,4.88,4.88,4.5,4.5,4.88,4.5,5.0,4.88,4.88,5.0,4.88,4.88,4.88,4.88,4.88,4.88,4.88,4.88,5.5,5.5,5.5,4.88,6.0,5.5,4.88,4.88,4.88,5.0,4.5,5.0,5.0,5.5,6.0,4.88,4.939889,MD,Liga,M
Nteka Randy,4.89,4.72,4.89,5.0,5.0,4.89,5.0,4.89,4.89,5.0,4.89,5.5,3.5,4.89,4.89,5.0,4.89,5.0,4.89,5.0,5.5,3.5,5.0,3.5,4.0,4.89,5.0,5.0,4.5,5.0,5.0,5.0,5.0,5.0,4.5,4.0,5.0,5.0,4.0,4.89,4.9381104,MO,Liga,M
Bongonda Théo,5.0,5.0,5.0,5.0,5.0,4.0,4.5,5.0,5.0,4.5,5.0,5.5,5.0,7.0,5.5,4.5,5.0,5.0,5.0,4.5,5.0,5.0,5.0,5.0,5.0,5.0,5.0,5.0,5.0,5.0,5.0,5.0,5.0,5.0,5.0,5.0,5.0,5.0,5.0,5.0,4.9368763,MO,Liga,M
Seoane Jaime,4.95,4.95,5.0,4.5,5.0,4.5,5.5,5.0,5.0,5.0,4.95,4.95,4.5,4.95,4.95,4.95,5.0,4.95,4.95,5.5,4.95,4.95,4.95,4.95,4.95,4.95,4.95,4.95,4.95,4.95,4.95,4.95,4.95,4.95,4.95,4.95,4.95,4.95,4.95,4.95,4.932452,MD,Liga,M
Martín Iván,5.0,4.86,5.0,5.0,5.0,5.0,5.0,5.0,5.0,5.0,5.0,5.0,5.0,5.0,6.0,5.0,5.5,4.5,4.5,4.5,5.0,5.0,5.0,5.0,5.0,5.0,5.0,5.0,5.0,5.0,5.0,5.0,5.0,5.0,5.0,5.0,5.0,5.0,5.0,4.0,4.9319925,MO,Liga,M
Terrats Ramón,4.88,4.88,5.0,4.5,4.5,4.88,4.88,4.88,4.88,5.0,4.88,4.88,4.88,4.88,5.0,5.0,4.88,5.0,5.0,4.88,4.88,4.88,4.88,4.88,4.88,4.88,4.88,4.88,4.88,4.88,4.88,4.88,4.88,4.88,4.88,4.88,4.88,4.88,4.88,4.88,4.921209,MD,Liga,M
Guardado Andrés,5.14,5.11,5.14,5.14,5.0,5.0,4.5,5.14,5.14,5.14,5.0,5.0,5.0,6.0,4.5,5.14,6.0,5.0,5.14,5.5,5.5,7.0,5.5,4.0,5.0,5.14,5.14,5.0,5.14,5.14,5.0,5.0,5.14,4.5,5.14,5.0,5.14,4.5,5.0,5.14,4.9198956,MD,Liga,M
Barrenetxea Ander,4.92,4.93,4.5,4.92,4.5,4.5,4.92,4.92,4.92,4.92,5.0,4.92,4.92,4.92,4.92,4.92,4.92,4.92,4.5,6.5,4.92,4.92,4.92,4.92,4.92,4.92,4.92,4.92,4.92,4.92,4.92,4.92,4.92,4.92,4.92,4.92,4.92,4.92,4.92,5.0,4.916962,MO,Liga,M
de la Torre Luca,4.94,4.94,4.94,5.0,4.94,5.0,4.94,5.0,4.5,4.94,4.94,4.94,5.0,4.94,4.94,4.94,5.0,5.0,5.0,5.0,4.94,4.94,4.94,4.94,4.94,4.94,4.94,4.94,4.94,4.94,4.94,4.94,4.94,4.94,4.94,4.94,4.94,4.94,4.94,4.94,4.907181,MO,Liga,M
Lázaro,4.93,4.93,4.93,4.93,4.93,4.93,4.5,5.5,4.5,4.93,4.5,4.93,4.5,6.5,4.93,4.93,4.93,4.5,4.93,4.93,4.93,4.93,4.93,4.93,4.93,4.93,4.93,4.93,4.93,4.93,4.93,4.93,4.93,4.93,4.93,4.93,4.93,4.93,4.93,4.93,4.904395,MO,Liga,M
Baba Iddrisu,5.13,4.87,5.0,5.0,5.13,5.13,5.0,5.5,5.5,4.5,4.0,5.13,5.5,5.0,6.5,5.0,4.5,5.5,5.0,5.5,5.13,5.13,5.13,5.13,5.13,5.13,5.13,5.13,4.0,5.5,4.5,5.5,4.0,4.5,5.13,3.0,5.13,5.13,5.13,4.0,4.9028096,MD,Liga,M
Tapia Renato,4.89,4.87,5.5,3.5,6.0,5.5,5.5,3.5,5.0,4.89,4.89,4.5,5.0,4.0,4.89,6.0,4.89,5.0,5.0,4.5,4.89,5.0,5.0,4.5,5.0,4.5,4.89,4.89,5.0,4.5,5.0,4.89,4.5,4.89,4.5,5.0,5.5,5.0,4.89,4.89,4.887359,MD,Liga,M
Pérez Carles,4.71,4.72,4.0,4.5,6.0,4.5,4.5,4.5,4.5,4.5,5.0,4.5,4.0,5.5,4.5,5.0,4.5,4.71,5.0,5.0,4.5,4.5,4.71,4.71,4.71,5.0,4.71,4.71,4.71,4.5,4.71,4.71,6.0,4.5,4.5,4.5,4.5,5.0,4.71,4.71,4.8861265,MO,Liga,M
Ocampo Brian,4.96,4.96,4.96,4.96,4.96,4.0,3.5,4.5,4.96,4.5,4.5,5.5,5.0,6.0,5.5,4.0,5.5,5.5,7.0,4.5,4.96,4.96,4.96,4.96,4.96,4.96,4.96,4.96,4.96,4.96,4.96,4.96,4.96,4.96,4.96,4.96,4.96,4.96,4.96,4.96,4.8745875,MO,Liga,M
Josan,4.75,5.12,5.0,5.0,4.75,5.0,5.0,5.0,4.75,5.0,3.5,4.0,4.5,5.0,6.0,4.0,4.75,4.75,4.75,4.75,5.0,5.0,5.0,5.0,5.0,5.5,4.5,4.75,4.75,5.5,7.0,5.5,6.0,7.0,5.0,5.0,5.0,4.5,6.0,5.0,4.8659015,MO,Liga,M
Zarraga Oier,4.88,4.88,5.0,5.0,4.88,4.88,5.5,4.5,4.5,4.88,5.0,4.5,3.5,4.88,5.5,4.88,4.5,6.0,5.0,5.0,5.0,4.88,6.0,4.5,4.5,4.88,4.0,6.5,4.5,4.88,4.5,4.5,4.5,5.0,5.0,5.0,4.5,5.0,5.0,4.88,4.8469048,MO,Liga,M
Canales Sergio,5.39,5.78,5.39,5.39,5.5,7.0,5.5,5.0,6.0,5.0,5.5,3.5,5.39,6.0,6.0,3.5,5.0,6.0,5.39,6.0,7.0,8.0,7.0,4.5,5.39,7.0,7.0,5.39,6.5,5.0,5.39,5.5,6.0,5.0,6.0,4.5,8.0,5.5,5.5,5.39,4.8405957,MO,Liga,M
Malsa Mickaël,4.8,5.03,4.8,4.8,4.8,4.8,4.8,4.5,4.5,4.8,4.8,5.0,5.0,4.8,4.8,4.8,4.8,4.8,5.0,4.8,5.0,5.5,5.0,5.0,4.0,5.0,6.0,5.0,4.8,4.5,5.0,4.8,6.0,4.8,4.8,5.0,4.8,5.5,4.8,4.8,4.8166437,MD,Liga,M
Pozo José Ángel,4.83,4.83,5.0,4.83,5.0,4.83,4.5,4.83,5.0,4.83,5.0,4.5,4.83,4.83,4.83,4.83,4.83,4.83,4.83,4.83,4.83,4.83,4.83,4.83,4.83,4.83,4.83,4.83,4.83,4.83,4.83,4.83,4.83,4.83,4.83,4.83,4.83,4.83,4.83,4.83,4.815823,MO,Liga,M
Maksimovic Nemanja,5.17,5.3,5.0,5.0,5.0,4.5,5.5,5.5,5.17,5.17,5.5,5.0,5.0,5.5,5.5,5.0,5.17,5.17,5.17,5.17,6.0,8.0,5.0,7.0,5.5,5.17,4.5,4.0,5.0,5.17,5.0,5.0,4.5,5.17,5.5,5.5,6.0,5.5,4.5,5.17,4.8084755,MD,Liga,M
Puigmal Arnau,4.83,4.83,4.5,4.5,4.83,4.83,5.0,5.0,4.0,4.83,4.83,4.83,5.5,4.83,5.0,4.83,5.0,4.83,5.0,4.83,4.83,4.83,4.83,4.83,4.83,4.83,4.83,4.83,4.83,4.83,4.83,4.83,4.83,4.83,4.83,4.83,4.83,4.83,4.83,4.83,4.8059297,MD,Liga,M
Moncayola Jon,5.06,5.25,6.0,5.5,4.5,5.0,5.0,4.5,5.5,4.5,4.5,5.0,6.0,5.0,5.0,4.5,5.0,5.0,5.0,5.5,6.5,5.0,6.0,5.06,7.5,3.5,5.06,4.5,5.06,6.0,4.5,6.5,6.0,4.5,5.5,6.0,5.0,4.5,5.06,6.0,4.789885,MD,Liga,M
Domingos Quina,4.8,4.8,4.8,5.0,5.0,5.0,3.5,5.0,5.0,5.0,5.0,6.0,4.8,4.8,4.8,4.8,3.5,4.8,4.8,4.8,4.8,4.8,4.8,4.8,4.8,4.8,4.8,4.8,4.8,4.8,4.8,4.8,4.8,4.8,4.8,4.8,4.8,4.8,4.8,4.8,4.7878704,MO,Liga,M
Portu,4.8,4.7,5.0,4.5,5.0,4.5,4.5,4.8,4.8,4.5,4.5,4.0,4.5,4.5,5.0,4.8,6.0,6.0,5.0,4.5,4.5,4.8,4.5,4.0,4.0,3.0,4.8,4.8,6.0,4.5,4.5,5.0,4.5,4.5,5.0,4.5,6.0,4.0,4.0,6.0,4.776043,MO,Liga,M
Morcillo Jon,4.75,4.75,4.75,4.5,6.0,4.5,5.0,4.5,4.75,4.5,4.75,4.75,4.75,4.5,4.75,4.5,4.75,4.75,4.75,4.75,4.75,4.75,4.75,4.75,4.75,4.75,4.75,4.75,4.75,4.75,4.75,4.75,4.75,4.75,4.75,4.75,4.75,4.75,4.75,4.75,4.7556906,MO,Liga,M
Lozano Pol,4.75,4.75,4.75,4.75,4.75,4.75,4.75,4.5,4.5,5.0,4.75,4.75,4.75,4.75,5.0,4.75,4.75,4.75,4.75,4.75,4.75,4.75,4.75,4.75,4.75,4.75,4.75,4.75,4.75,4.75,4.75,4.75,4.75,4.75,4.75,4.75,4.75,4.75,4.75,4.75,4.748452,MD,Liga,M
Diarra Mamady,4.75,4.75,4.5,5.0,4.75,4.75,4.75,4.75,4.75,4.75,4.75,4.75,4.75,4.75,4.75,4.75,4.75,4.75,4.75,4.75,4.75,4.75,4.75,4.75,4.75,4.75,4.75,4.75,4.75,4.75,4.75,4.75,4.75,4.75,4.75,4.75,4.75,4.75,4.75,4.75,4.7431116,MO,Liga,M
Koleosho Luka,4.75,4.67,5.0,4.5,4.75,4.75,4.75,4.75,4.75,4.75,4.75,4.75,4.75,4.75,4.75,4.75,4.75,4.75,4.75,4.75,4.75,4.75,4.75,4.75,4.75,4.75,4.75,4.75,4.75,4.75,4.75,4.75,4.75,4.75,4.75,4.75,4.75,4.75,4.5,4.75,4.7146254,MO,Liga,M
Bare Keidi,4.77,4.8,4.77,5.0,5.0,5.0,4.77,4.77,5.0,5.0,4.5,4.5,5.0,5.0,4.5,4.0,4.77,4.77,4.77,4.77,5.0,4.77,4.0,4.77,4.5,5.0,4.5,6.0,6.5,5.0,4.0,4.5,5.0,4.0,4.77,4.77,4.77,4.77,4.77,4.77,4.7138658,MO,Liga,M
Fede San Emeterio,4.63,4.79,4.63,5.0,4.0,4.0,3.0,5.0,5.0,4.5,4.5,5.0,3.5,5.0,5.0,5.0,5.0,5.0,5.5,4.63,4.63,5.0,6.0,4.63,4.63,5.5,5.5,6.0,4.0,5.5,4.5,4.5,5.0,3.5,5.0,4.63,4.63,4.63,4.63,4.63,4.6937923,MD,Liga,M
Vencedor Unai,4.58,4.66,4.58,4.5,4.58,4.5,4.58,4.58,4.58,4.58,4.58,4.58,5.0,5.0,4.5,4.0,4.58,4.58,4.58,4.58,4.5,4.58,4.58,4.58,4.58,5.0,3.0,6.0,4.5,4.0,5.0,5.0,4.0,4.0,5.0,4.5,5.0,6.0,4.5,5.0,4.6755967,MD,Liga,M
Blanco Antonio,4.67,4.67,4.67,4.67,4.5,4.0,4.67,4.67,4.67,4.67,4.67,4.67,5.5,4.67,4.67,4.67,4.67,4.67,4.67,4.67,4.67,4.67,4.67,4.67,4.67,4.67,4.67,4.67,4.67,4.67,4.67,4.67,4.67,4.67,4.67,4.67,4.67,4.67,4.67,4.67,4.6736755,MD,Liga,M
Torres Ferran,4.67,4.87,4.67,5.5,4.0,4.5,4.5,4.0,4.5,4.5,6.0,5.5,6.0,5.0,5.0,4.5,4.0,2.5,4.67,4.67,4.67,3.0,5.5,6.0,3.5,4.5,5.0,4.67,4.67,8.0,5.0,5.5,3.5,6.0,6.0,5.0,4.5,5.0,5.0,4.67,4.6393104,MO,Liga,M
Oyarzabal Mikel,4.63,5.32,4.63,4.63,4.63,4.63,4.63,4.63,4.63,4.63,4.63,4.63,4.63,4.63,4.63,4.63,4.5,4.5,5.5,4.0,7.0,4.63,5.0,5.5,8.0,4.0,4.63,5.0,5.5,4.63,4.63,4.63,4.63,4.63,4.63,4.63,4.63,4.63,4.63,4.63,4.5918174,MO,Liga,M
Corona Jesús,4.5,4.97,4.5,4.5,4.5,4.5,4.5,4.5,4.5,4.5,4.5,4.5,4.5,4.5,4.5,4.5,4.5,4.5,4.5,4.5,4.5,4.5,5.5,4.5,5.0,4.0,5.5,4.5,6.0,5.0,5.0,6.5,5.5,8.0,4.5,4.0,5.0,5.0,5.5,4.5,4.532719,MO,Liga,M
Kenedy,4.5,4.6,4.5,4.5,4.5,4.5,4.5,4.5,4.5,4.5,4.5,4.5,4.5,4.5,4.5,4.5,5.0,4.5,4.0,4.5,4.5,4.5,4.5,4.5,4.5,4.5,4.5,4.5,4.5,4.5,4.5,4.5,4.5,4.5,4.5,4.5,4.5,4.5,5.0,4.5,4.5242968,MO,Liga,M
Tete Morente,4.8,5.0,5.0,5.0,5.5,4.5,4.8,5.0,4.5,4.8,5.5,4.5,5.0,4.5,4.5,4.8,5.0,4.0,4.5,5.0,7.0,5.5,5.0,6.0,4.0,5.5,4.0,4.8,5.0,5.0,5.0,4.5,5.0,6.5,5.0,5.0,4.5,5.0,5.5,5.0,4.5155225,MO,Liga,M
Roca Joel,4.5,4.5,4.5,4.5,4.5,4.5,4.5,4.5,4.5,4.5,4.5,4.5,4.5,4.5,4.5,4.5,4.5,4.5,4.5,4.5,4.5,4.5,4.5,4.5,4.5,4.5,4.5,4.5,4.5,4.5,4.5,4.5,4.5,4.5,4.5,4.5,4.5,4.5,4.5,4.5,4.490743,MO,Liga,M
Alfaro Alejandro,4.5,4.5,4.5,4.5,4.5,4.5,4.5,4.5,4.5,4.5,4.5,4.5,4.5,4.5,4.5,4.5,4.5,4.5,4.5,4.5,4.5,4.5,4.5,4.5,4.5,4.5,4.5,4.5,4.5,4.5,4.5,4.5,4.5,4.5,4.5,4.5,4.5,4.5,4.5,4.5,4.490743,MO,Liga,M
Álvarez Carlos,4.5,4.5,4.5,4.5,4.5,4.5,4.5,4.5,4.5,4.5,4.5,4.5,4.5,4.5,4.5,4.5,4.5,4.5,4.5,4.5,4.5,4.5,4.5,4.5,4.5,4.5,4.5,4.5,4.5,4.5,4.5,4.5,4.5,4.5,4.5,4.5,4.5,4.5,4.5,4.5,4.490743,MO,Liga,M
John Donald,4.0,4.7,3.5,4.0,4.0,4.0,5.0,3.5,4.0,4.0,4.0,4.0,4.0,4.0,4.0,4.0,4.0,4.0,4.0,4.0,4.0,4.0,4.0,4.0,4.0,4.0,4.0,4.0,4.0,4.0,4.0,4.0,4.0,4.0,4.0,4.0,4.0,5.5,6.0,4.0,4.2757235,MD,Liga,M
Martín Ander,4.67,3.86,4.67,4.67,4.67,4.67,4.67,4.67,4.67,4.67,4.67,4.67,4.67,4.67,4.67,4.67,4.5,4.5,4.67,5.0,4.67,4.67,4.67,4.67,4.67,4.67,4.67,4.67,4.67,4.5,4.0,4.67,4.67,4.5,4.67,4.67,4.67,4.67,4.67,4.67,4.203831,MO,Liga,M
Manu Morlanes Manuel,4.0,4.53,4.0,4.0,4.0,4.0,4.0,4.0,4.0,4.0,5.0,5.0,4.0,4.0,4.0,5.0,4.0,4.0,5.0,4.0,4.0,7.0,3.5,5.0,3.5,4.0,4.0,4.0,4.0,5.5,4.0,4.0,5.0,5.0,5.0,4.5,4.0,4.0,4.0,4.0,0.89308214,MD,Liga,M
