Joueur,Note,Note 1 an,j1,j2,j3,j4,j5,j6,j7,j8,j9,j10,j11,j12,j13,j14,j15,j16,j17,j18,j20,j21,j22,j23,j24,j25,j26,j27,j28,j29,j30,j31,j32,j33,j34,j35,j36,j37,j38,j19,prediction_label,Poste,Championnat
Éder Militão,5.82,5.68,5.82,5.0,6.0,5.5,5.82,5.5,5.0,7.5,5.0,6.0,5.5,5.0,6.0,7.5,5.82,5.0,5.82,7.0,6.0,5.82,6.0,5.82,6.0,5.5,6.0,5.5,5.82,3.0,6.0,6.5,5.0,6.0,5.82,5.0,5.82,5.0,6.0,5.82,5.971318,DC,Liga
Koundé Jules,5.9,5.67,5.9,5.9,7.0,7.5,5.9,6.0,5.9,5.9,4.5,6.0,5.5,6.0,5.9,5.9,5.0,6.0,5.9,5.5,4.5,5.9,5.9,5.9,5.5,4.0,5.9,5.9,5.0,7.0,5.5,5.5,4.5,6.5,6.0,7.0,5.5,5.0,5.5,5.9,5.8651714,DC,Liga
Rüdiger Antonio,5.63,5.44,6.0,5.0,5.5,5.0,7.0,5.0,5.5,6.0,5.0,6.5,5.0,6.0,5.63,5.63,6.0,5.0,5.63,6.0,5.0,5.0,4.5,6.0,6.0,5.63,6.0,5.0,6.0,5.0,5.63,4.0,6.0,6.0,5.63,4.5,5.0,4.0,6.0,5.5,5.808465,DC,Liga
Christensen Andreas,5.75,5.57,5.5,5.5,5.75,5.75,5.75,5.75,6.0,5.75,5.75,5.75,5.75,5.75,5.0,5.5,7.0,6.5,5.75,5.0,5.5,5.75,5.75,5.75,5.75,3.0,5.0,5.75,5.75,6.0,5.75,5.75,7.0,6.0,5.75,5.75,5.75,5.75,5.75,5.0,5.7052097,DC,Liga
Foyth Juan,5.64,5.39,6.0,6.5,4.5,5.64,5.64,5.64,5.64,5.64,5.64,5.64,5.64,5.64,5.64,5.0,6.5,5.0,6.0,5.64,5.0,4.0,5.64,5.5,5.0,5.0,5.64,5.64,5.64,5.64,5.0,5.0,5.64,6.5,6.0,5.0,7.0,4.0,5.64,5.64,5.7031107,DC,Liga
Araújo Ronald,5.64,5.7,5.0,5.0,5.5,6.0,6.0,6.0,5.64,5.64,5.64,5.64,5.64,5.64,5.64,5.64,5.64,6.0,5.64,5.64,5.64,5.5,6.0,6.0,5.0,5.5,6.0,5.64,5.64,7.0,6.5,6.0,5.64,5.5,5.5,6.0,5.5,5.64,4.5,5.5,5.6670485,DC,Liga
Giménez José,5.55,5.44,5.55,5.0,6.0,5.5,5.55,5.55,7.0,5.5,6.0,4.0,5.5,5.55,5.5,5.55,6.0,5.0,5.55,5.55,5.55,4.5,4.5,4.0,5.55,4.5,6.0,5.5,6.0,5.5,5.0,5.55,5.55,5.55,5.0,6.0,6.0,7.0,5.55,5.5,5.6097317,DC,Liga
Hermoso Mario,5.42,5.2,5.42,5.42,5.42,5.0,5.5,5.0,5.42,5.42,5.42,5.42,5.42,5.42,5.42,5.42,4.0,5.42,5.5,7.5,4.0,5.42,6.0,3.0,6.0,5.0,5.42,5.42,5.42,5.0,5.42,5.42,5.42,6.5,4.0,5.42,5.42,5.42,5.42,6.0,5.5363216,DC,Liga
Magallán Lisandro,5.5,5.5,5.5,5.5,5.5,5.5,5.5,5.5,5.5,5.5,5.5,5.5,5.5,5.5,5.5,5.5,5.5,5.5,5.5,5.5,5.5,5.5,5.5,5.5,5.5,5.5,5.5,5.5,5.5,5.5,5.5,5.5,5.5,5.5,5.5,5.5,5.5,5.5,5.5,5.5,5.5168357,DC,Liga
Fali,5.14,5.24,5.5,5.0,4.5,5.14,5.14,5.14,5.14,5.14,5.14,5.5,4.5,5.5,5.5,4.0,4.5,7.0,5.0,5.14,4.5,4.0,5.0,5.14,5.14,6.0,5.0,5.14,5.14,5.0,5.14,5.14,7.0,5.5,5.5,5.5,5.14,5.5,5.5,5.14,5.4486966,DC,Liga
Dani Vivian,5.25,5.24,5.5,5.0,7.0,4.5,5.0,5.25,5.25,5.25,5.5,5.0,5.25,5.25,5.25,7.0,5.0,5.0,4.5,4.0,5.25,5.25,6.5,7.0,5.0,7.5,3.5,5.0,5.5,5.5,5.0,5.0,4.5,4.0,5.0,5.25,4.5,5.25,5.0,5.25,5.4467926,DC,Liga
Albiol Raúl,5.3,5.19,6.0,6.0,5.0,6.0,5.0,5.5,5.5,4.5,6.0,3.5,5.5,5.3,4.0,6.0,5.5,5.5,5.3,5.3,4.0,4.5,5.5,6.0,5.0,5.3,5.5,4.5,5.0,5.3,4.0,5.3,5.3,6.0,5.3,5.5,4.5,4.5,6.5,5.3,5.4333396,DC,Liga
Badé Loïc,5.5,5.44,5.5,5.5,5.5,5.5,5.5,5.5,5.5,5.5,5.5,5.5,5.5,5.5,5.5,5.5,5.5,5.5,5.0,6.0,5.0,7.0,4.0,5.5,5.5,5.5,5.5,5.5,5.5,5.5,5.5,5.5,5.5,5.5,5.5,5.5,5.5,5.5,5.5,5.5,5.4177356,DC,Liga
Álvarez Yeray,5.47,5.43,6.0,7.0,7.0,5.0,5.47,5.0,6.0,5.0,6.0,5.47,3.5,6.0,5.0,5.5,6.0,6.5,2.5,5.47,6.0,5.47,5.47,5.47,5.47,5.47,5.0,6.0,5.0,4.5,5.47,5.5,4.5,5.0,6.0,5.5,5.47,6.5,5.47,5.0,5.3928876,DC,Liga
García Eric,5.4,5.36,5.0,6.0,6.5,6.5,5.4,5.0,5.4,5.0,3.0,5.4,6.5,5.0,5.4,5.4,5.4,5.4,5.4,5.5,5.4,4.5,5.4,5.4,4.5,5.5,5.4,5.4,5.4,7.0,5.4,6.0,5.0,5.0,5.5,4.5,5.5,5.4,5.4,5.5,5.365132,DC,Liga
González Edgar,5.46,5.57,6.0,5.5,7.0,4.5,5.46,5.0,6.0,5.5,5.46,5.5,5.46,5.5,6.5,4.0,5.46,5.5,5.46,4.5,6.0,6.0,6.0,5.46,7.5,5.0,5.46,5.46,5.0,5.46,5.46,5.46,5.46,5.46,5.46,5.46,4.5,6.0,5.46,5.46,5.355914,DC,Liga
Pezzella Germán,5.36,5.45,7.0,6.0,4.5,5.36,6.0,5.5,5.0,4.0,5.36,6.0,4.0,6.0,5.5,5.0,5.36,5.5,5.36,5.0,5.36,6.0,5.5,3.5,6.0,5.36,5.36,5.36,5.5,5.0,5.36,7.0,6.0,5.0,6.0,4.5,5.5,7.0,5.0,5.36,5.350292,DC,Liga
Martínez Íñigo,5.06,5.32,5.06,5.06,5.06,5.06,5.5,5.5,6.0,6.0,4.5,5.0,3.0,5.5,4.5,5.06,5.06,5.06,5.06,5.06,5.0,5.06,6.0,6.0,5.06,6.0,3.5,7.0,5.06,5.06,5.06,5.06,5.06,4.0,6.0,6.0,4.5,6.0,6.0,5.5,5.3475685,DC,Liga
Özkacar Cenk,5.33,5.33,5.33,5.33,5.33,5.33,5.33,5.33,5.33,5.33,5.33,5.33,5.0,5.33,5.5,5.5,5.33,5.33,5.33,5.33,5.33,5.33,5.33,5.33,5.33,5.33,5.33,5.33,5.33,5.33,5.33,5.33,5.33,5.33,5.33,5.33,5.33,5.33,5.33,5.33,5.343113,DC,Liga
Luiz Felipe,5.25,5.07,5.25,5.25,5.0,5.5,6.0,5.5,4.0,5.25,5.0,5.25,5.0,5.25,5.25,5.25,6.0,5.25,5.25,5.25,4.0,5.0,6.0,5.0,6.0,6.0,4.5,4.0,6.5,5.25,3.0,5.25,5.25,5.5,5.0,5.0,5.25,5.25,4.0,5.25,5.339107,DC,Liga
Cömert Eray,5.31,5.15,4.5,5.31,4.5,6.0,5.31,6.0,6.0,5.0,6.0,4.5,5.31,5.0,6.0,6.0,4.5,5.0,5.31,5.31,5.31,5.31,5.31,5.5,5.0,5.0,5.31,5.0,5.31,5.31,5.31,4.5,5.31,4.0,5.31,5.31,5.31,5.0,5.31,5.31,5.314869,DC,Liga
Diakhaby Mouctar,5.0,4.88,5.0,4.0,4.0,6.0,6.5,6.0,4.0,7.0,5.0,5.0,5.0,5.0,5.0,5.0,4.0,3.5,5.0,5.0,3.5,4.5,4.0,5.0,4.5,3.5,5.0,5.0,6.0,5.0,5.5,5.0,5.0,5.0,5.5,5.0,4.0,5.0,6.0,5.0,5.3090954,DC,Liga
Cuenca Jorge,5.38,4.9,5.38,5.38,5.38,5.38,5.38,5.38,5.38,5.38,5.38,5.38,5.38,5.0,5.38,6.0,5.38,5.38,5.0,5.5,6.0,5.0,5.0,6.0,3.0,4.5,4.0,5.38,5.5,4.0,5.38,4.0,4.0,6.0,5.38,5.5,4.5,5.5,4.0,5.38,5.305133,DC,Liga
Nacho,5.19,5.21,5.5,5.19,5.19,5.19,5.0,5.19,5.19,5.0,5.19,5.0,5.0,5.19,5.0,5.0,5.19,5.19,5.19,6.0,5.0,5.19,5.19,5.19,5.0,5.19,6.0,5.19,6.0,3.0,5.0,5.0,6.0,5.0,5.19,5.5,6.0,5.0,5.5,5.19,5.2982736,DC,Liga
Gabriel Paulista,5.15,5.44,5.15,5.0,5.15,5.15,4.0,5.0,7.0,5.0,6.0,5.0,4.5,5.0,5.0,5.15,5.15,5.15,5.15,5.15,5.15,5.15,5.15,5.15,5.15,5.15,5.15,5.15,6.0,5.15,6.0,6.0,5.15,5.15,5.5,5.5,5.15,5.15,6.5,5.15,5.296612,DC,Liga
Raíllo Antonio,5.38,5.12,5.5,5.0,6.5,7.0,3.0,5.5,4.5,5.5,5.0,5.0,6.5,4.5,5.38,6.0,4.5,6.5,5.0,6.0,5.38,5.38,5.38,5.5,5.0,4.5,5.38,5.38,4.0,4.0,5.38,6.0,4.0,4.5,5.5,3.0,5.0,5.5,5.5,5.38,5.284329,DC,Liga
Copete,5.16,5.16,5.5,5.0,6.0,3.5,5.16,6.0,5.0,5.5,5.0,5.16,5.0,5.5,6.0,6.0,4.0,5.5,4.0,5.0,5.16,5.16,5.16,5.16,5.16,5.16,5.16,5.16,5.16,5.16,5.16,5.16,5.16,5.16,5.16,5.16,5.16,5.16,5.16,5.16,5.2641144,DC,Liga
Domingos Duarte,4.97,4.88,4.0,3.0,6.0,3.0,5.5,7.5,4.5,5.0,5.5,4.5,5.0,5.5,5.5,4.97,6.0,4.5,4.0,5.5,4.97,3.0,4.97,4.97,4.0,4.97,4.0,4.97,5.5,4.5,5.5,4.0,4.5,5.5,4.97,5.5,6.0,4.0,6.0,4.97,5.231921,DC,Liga
Mandi Aïssa,5.11,5.19,5.0,5.11,5.11,5.0,5.11,5.11,5.11,5.0,6.0,5.0,5.0,5.0,5.11,5.11,5.11,5.11,5.0,5.0,5.11,5.11,5.11,5.11,5.11,6.5,5.0,5.11,6.0,4.5,5.11,5.0,5.0,6.0,4.5,5.11,5.0,5.11,5.11,5.11,5.216348,DC,Liga
Savic Stefan,5.17,5.11,6.0,4.5,5.17,5.17,5.17,5.17,6.0,4.5,6.0,5.5,5.0,4.0,5.0,4.0,6.0,5.5,5.17,5.17,5.17,4.0,5.17,3.0,5.5,6.0,6.0,5.17,5.5,6.0,4.5,5.0,4.5,6.0,5.17,5.5,5.5,4.0,5.0,5.17,5.2015486,DC,Liga
Catena Alejandro,5.18,5.07,5.5,6.5,4.5,5.5,6.0,3.0,5.5,5.0,5.0,4.0,7.0,6.0,4.5,5.0,5.18,4.5,6.0,4.5,5.0,6.5,5.5,4.5,3.5,3.5,5.5,5.18,5.0,5.0,7.0,5.0,5.5,6.0,5.5,6.0,2.5,4.0,4.0,5.18,5.194406,DC,Liga
Valjent Martin,5.28,5.05,6.0,5.0,6.0,5.5,3.0,5.5,4.5,4.5,5.0,5.28,5.5,5.0,6.0,6.5,5.28,5.5,5.0,6.0,5.28,5.28,4.5,5.5,4.5,5.5,5.28,5.28,4.0,4.5,5.28,5.5,4.0,5.5,4.5,2.0,5.5,5.5,6.5,4.5,5.1931486,DC,Liga
Le Normand Robin,5.3,5.17,6.0,3.0,5.5,4.5,5.3,5.3,5.3,5.5,5.5,5.0,5.0,4.5,6.0,5.0,6.5,5.5,6.0,6.0,6.0,5.3,5.0,6.0,6.0,3.0,5.3,4.0,5.5,5.5,5.5,6.0,5.0,4.0,5.5,5.0,5.3,4.5,4.0,5.5,5.1862793,DC,Liga
Mumin Abdul,5.13,5.13,5.13,5.13,5.13,5.13,5.13,5.0,5.13,5.13,5.13,5.0,5.13,5.13,5.13,5.13,5.5,5.13,5.0,5.13,5.13,5.13,5.13,5.13,5.13,5.13,5.13,5.13,5.13,5.13,5.13,5.13,5.13,5.13,5.13,5.13,5.13,5.13,5.13,5.13,5.1494346,DC,Liga
Mosquera Cristhian,5.25,4.69,5.5,5.25,5.25,5.0,5.25,5.25,5.25,5.25,5.25,5.25,5.25,5.25,5.25,5.25,5.25,5.25,5.25,5.25,5.25,4.0,4.5,4.0,5.25,5.25,5.25,5.0,5.25,5.25,5.25,5.25,5.0,4.5,5.25,5.25,5.25,5.25,5.25,5.25,5.1184516,DC,Liga
Javi Hernández,5.05,5.05,5.05,5.0,5.0,5.0,5.0,5.05,5.05,4.0,5.0,5.05,5.0,4.5,5.0,7.0,5.05,5.05,5.05,5.05,5.05,5.05,5.05,5.05,5.05,5.05,5.05,5.05,5.05,5.05,5.05,5.05,5.05,5.05,5.05,5.05,5.05,5.05,5.05,5.05,5.100444,DC,Liga
Torres Pau,5.38,5.46,5.5,6.0,5.5,6.0,5.0,5.0,6.5,4.5,6.0,3.5,5.5,4.5,3.0,5.38,6.5,6.0,5.5,7.0,6.5,5.0,6.0,7.5,6.0,6.0,4.5,4.5,6.0,5.0,3.5,5.38,6.0,5.38,3.5,6.0,8.0,4.0,6.0,5.38,5.0984387,DC,Liga
Ruiz Víctor,5.0,5.09,5.0,5.0,5.0,5.0,5.0,5.0,5.0,6.0,5.5,5.0,4.5,5.0,5.0,4.0,5.0,5.0,5.0,5.0,5.0,5.0,5.0,5.0,5.0,6.0,5.0,4.0,5.0,5.0,5.5,5.0,5.0,5.0,5.5,5.0,5.0,5.0,5.0,5.0,5.088601,DC,Liga
Babic Srdjan,4.97,4.97,4.5,5.5,5.0,4.5,5.0,5.5,3.5,7.0,4.0,5.5,4.97,5.5,4.0,6.0,5.0,4.0,4.97,4.97,4.97,4.97,4.97,4.97,4.97,4.97,4.97,4.97,4.97,4.97,4.97,4.97,4.97,4.97,4.97,4.97,4.97,4.97,4.97,4.97,5.0796943,DC,Liga
Cabrera Leandro,4.76,4.8,5.0,4.0,4.0,6.0,3.0,4.5,4.0,5.0,5.5,5.0,4.5,5.5,3.5,4.76,5.5,4.5,4.5,7.0,4.0,3.5,4.76,4.0,4.5,5.0,2.0,7.0,6.0,6.0,6.0,6.0,6.0,5.0,3.5,5.0,4.5,4.5,4.5,4.76,5.07213,DC,Liga
Vázquez Jesús,5.0,4.97,6.0,4.0,5.0,5.0,5.0,5.0,5.0,5.0,5.0,5.0,5.0,5.0,5.0,5.0,5.0,5.0,5.0,5.0,5.0,5.0,4.5,5.0,5.0,5.0,5.0,5.0,6.0,6.0,5.5,4.5,5.0,5.0,5.0,5.0,3.0,5.0,5.0,5.0,5.056207,DC,Liga
Zubeldia Igor,5.25,4.96,5.0,3.0,5.5,4.5,4.5,5.0,5.25,5.25,6.5,5.25,5.0,5.25,5.5,5.0,6.0,6.0,6.0,6.0,5.25,5.25,5.0,5.0,5.25,3.0,5.25,3.5,5.0,5.25,5.0,6.0,5.0,5.0,4.5,4.5,6.0,4.5,5.25,3.5,5.052435,DC,Liga
Juan Cala,5.0,4.71,5.0,5.0,5.0,5.0,5.0,5.0,5.0,5.0,5.5,5.0,5.0,5.0,5.5,4.0,5.0,5.0,5.0,5.0,4.5,3.5,5.0,5.0,5.0,5.0,5.0,5.0,5.0,5.0,5.0,5.0,5.0,5.0,5.0,5.0,5.0,5.0,5.0,5.0,5.0493517,DC,Liga
Domínguez Carlos,5.0,5.08,5.0,5.0,5.0,5.0,5.0,5.0,5.0,5.0,5.0,5.0,5.0,5.0,5.0,5.0,5.0,5.0,5.0,5.0,5.0,5.0,5.0,5.5,5.0,5.0,5.0,5.0,5.0,5.0,5.0,5.0,5.0,5.0,5.0,5.0,5.0,5.0,5.0,5.0,5.04132,DC,Liga
Hernández Aridane,5.08,5.0,5.08,5.08,5.08,5.08,5.08,5.08,5.0,4.5,4.0,5.08,5.08,5.08,5.08,5.08,5.08,5.5,6.0,5.5,5.08,5.08,5.08,5.08,5.08,5.08,5.08,5.5,5.08,5.08,4.0,5.5,6.0,4.0,6.0,5.0,5.08,3.5,5.08,5.08,5.0376105,DC,Liga
Ely Rodrigo,5.06,5.06,5.5,5.5,6.0,5.5,4.5,4.5,4.0,6.0,4.0,6.0,5.0,5.5,4.5,5.5,5.06,4.0,5.0,5.06,5.06,5.06,5.06,5.06,5.06,5.06,5.06,5.06,5.06,5.06,5.06,5.06,5.06,5.06,5.06,5.06,5.06,5.06,5.06,5.06,5.037434,DC,Liga
Lejeune Florian,5.28,4.93,5.0,3.5,5.28,6.0,5.5,4.0,5.5,3.5,6.0,5.28,8.0,6.0,5.5,5.0,5.0,4.5,7.0,4.5,6.0,5.28,4.0,3.5,5.5,4.0,4.0,5.28,4.5,4.5,3.0,5.0,6.0,4.5,6.0,3.0,6.5,4.0,4.5,4.5,5.026081,DC,Liga
Sergi Gómez Sergi,4.77,4.52,5.0,3.5,4.77,4.77,4.0,4.0,4.5,5.0,4.77,4.5,5.0,5.0,5.5,5.5,5.5,5.0,4.77,4.77,4.0,4.0,3.5,4.0,4.5,5.0,2.0,4.77,4.77,4.77,4.77,4.77,5.0,4.77,3.0,6.0,4.0,4.5,6.0,4.77,5.0207405,DC,Liga
Fernández Federico,5.0,5.0,5.0,5.0,5.0,5.0,5.0,5.0,5.0,5.0,5.0,5.0,5.0,5.0,5.0,5.0,5.0,5.0,5.0,5.0,5.0,5.0,5.0,5.0,5.0,5.0,5.0,5.0,5.0,5.0,5.0,5.0,5.0,5.0,5.0,5.0,5.0,5.0,5.0,5.0,5.003771,DC,Liga
Feddal Zouhair,5.0,5.0,5.0,5.0,5.0,5.0,5.0,5.0,5.5,5.5,5.0,5.0,5.5,4.5,5.0,4.0,5.0,5.0,5.0,5.0,5.0,5.0,5.0,5.0,5.0,5.0,5.0,5.0,5.0,5.0,5.0,5.0,5.0,5.0,5.0,5.0,5.0,5.0,5.0,5.0,5.000761,DC,Liga
Fernández Joaquín,5.0,5.0,3.0,4.5,3.5,6.5,4.5,5.5,4.0,5.5,4.0,7.0,6.0,5.0,6.0,5.0,4.5,5.0,5.5,5.0,5.0,5.0,5.0,5.0,5.0,5.0,5.0,5.0,5.0,5.0,5.0,5.0,5.0,5.0,5.0,5.0,5.0,5.0,5.0,5.0,4.972021,DC,Liga
Calero Fernando,4.94,4.87,5.0,4.5,4.0,6.5,4.94,4.5,5.0,5.0,5.5,4.0,5.0,4.94,5.5,4.0,4.5,6.0,5.0,5.0,4.94,4.5,4.5,4.94,5.0,4.94,4.94,6.0,5.5,5.5,4.0,6.0,5.0,5.0,3.0,4.5,3.5,4.94,5.0,4.94,4.9206724,DC,Liga
Felipe,4.67,5.03,4.67,4.67,4.67,4.67,4.67,4.0,4.67,4.67,4.67,4.67,4.67,4.67,4.67,5.0,4.67,4.67,5.0,4.67,4.5,4.67,5.5,4.67,3.5,5.5,4.67,6.0,5.0,5.0,5.0,5.0,6.0,4.67,4.67,5.0,5.0,5.0,5.5,5.0,4.9129863,DC,Liga
Paredes Aitor,4.9,4.9,4.9,4.9,5.0,4.9,4.9,5.0,5.0,4.9,4.9,4.9,4.9,4.9,4.9,4.9,4.9,4.9,5.0,4.5,4.9,4.9,4.9,4.9,4.9,4.9,4.9,4.9,4.9,4.9,4.9,4.9,4.9,4.9,4.9,4.9,4.9,4.9,4.9,4.9,4.911212,DC,Liga
Mingueza Óscar,4.82,4.97,4.0,4.82,4.82,5.0,4.82,4.82,5.0,5.0,5.0,3.0,5.0,4.0,4.5,5.0,6.0,7.0,4.5,4.5,4.82,4.82,4.82,4.82,4.82,5.0,4.82,4.82,4.82,4.82,4.82,4.82,5.0,4.82,4.82,4.82,5.0,5.5,5.0,6.5,4.885661,DC,Liga
Chust Victor,4.55,4.84,5.5,3.5,4.0,3.0,4.55,6.0,5.5,5.0,5.0,4.55,3.0,4.5,5.0,4.55,4.55,4.55,4.55,4.55,3.5,5.0,6.0,5.5,6.0,5.5,5.5,5.5,4.5,6.0,5.5,4.5,5.0,3.5,4.55,5.0,4.0,4.55,4.55,5.0,4.8797536,DC,Liga
Bueno Santiago,4.94,4.94,5.0,6.0,5.0,5.0,6.0,5.0,3.0,4.5,4.5,4.0,4.5,5.5,6.0,5.5,4.5,5.0,5.5,4.5,4.94,4.94,4.94,4.94,4.94,4.94,4.94,4.94,4.94,4.94,4.94,4.94,4.94,4.94,4.94,4.94,4.94,4.94,4.94,4.94,4.8703456,DC,Liga
Bigas Pedro,4.66,4.85,3.5,5.5,4.5,3.5,3.5,4.5,4.66,4.0,6.0,4.0,4.5,5.0,4.5,5.0,5.5,5.5,4.66,5.5,4.66,4.66,4.66,6.0,4.66,5.5,4.0,4.66,4.66,4.66,4.5,4.66,7.0,4.66,5.0,3.5,4.0,4.66,6.0,6.0,4.869348,DC,Liga
Pacheco Jon,4.78,4.82,4.78,4.78,5.0,4.78,3.0,5.0,4.0,6.0,4.78,5.5,4.78,3.5,5.5,5.5,4.78,4.78,4.78,4.78,4.78,4.78,4.78,4.78,5.0,4.78,4.78,4.0,5.5,4.78,4.78,4.78,4.78,4.78,4.78,4.78,5.0,4.78,4.78,5.0,4.8647947,DC,Liga
Nastasic Matija,4.92,4.81,4.92,4.92,4.92,4.92,3.0,4.92,4.92,4.92,4.92,5.0,5.0,4.92,6.5,4.92,4.5,4.92,4.92,5.5,4.92,4.92,4.92,5.0,4.0,4.92,4.92,4.92,4.92,4.92,4.92,4.92,4.92,4.92,4.92,4.92,4.92,4.92,4.92,4.92,4.864745,DC,Liga
Rekik Karim,4.88,4.9,4.0,6.5,3.5,4.88,5.0,4.88,5.0,4.88,4.88,4.88,4.88,4.88,6.0,4.5,4.88,4.88,4.88,4.5,4.88,5.0,4.0,4.88,6.0,4.88,4.88,4.88,4.88,4.88,4.5,4.88,4.88,4.88,4.88,4.88,4.88,4.5,5.5,5.0,4.8424335,DC,Liga
David García,5.22,5.18,4.5,6.0,5.0,5.5,5.5,3.5,4.0,5.22,4.5,6.0,5.22,6.0,5.5,5.5,4.5,5.5,6.5,5.5,6.0,5.22,7.5,5.22,6.0,3.5,5.22,6.0,5.22,6.0,2.0,6.0,6.0,4.0,6.0,5.0,5.5,5.22,4.0,3.5,4.840213,DC,Liga
Mitrovic Stefan,4.96,4.85,3.0,3.5,4.96,4.0,5.5,7.0,5.0,4.5,6.0,4.5,5.5,5.5,5.5,5.0,5.0,4.96,4.96,4.96,5.5,5.5,5.5,5.5,3.5,5.5,4.0,3.5,5.5,5.0,4.5,4.5,4.5,6.0,4.5,4.96,4.5,4.96,3.5,4.96,4.8246255,DC,Liga
Álvarez Gastón,4.83,4.83,4.83,4.83,5.0,5.0,5.0,7.0,4.0,4.83,4.83,4.83,4.83,5.0,4.0,4.83,4.83,4.83,3.5,5.0,4.83,4.83,4.83,4.83,4.83,4.83,4.83,4.83,4.83,4.83,4.83,4.83,4.83,4.83,4.83,4.83,4.83,4.83,4.83,4.83,4.8065906,DC,Liga
Suárez Mario,5.0,4.67,5.0,5.0,5.0,5.0,5.0,5.0,5.0,5.0,5.0,5.0,5.0,5.0,5.0,5.0,5.0,5.0,5.0,5.0,5.0,5.0,5.0,5.0,5.0,4.5,5.5,4.0,5.5,4.5,3.5,5.0,5.0,5.0,5.0,6.0,5.0,4.5,3.0,5.0,4.79271,DC,Liga
Chumi,4.78,4.78,4.0,5.0,5.0,4.78,4.78,4.5,4.78,4.78,4.78,5.0,5.0,4.78,4.0,4.78,5.5,4.78,5.0,4.78,4.78,4.78,4.78,4.78,4.78,4.78,4.78,4.78,4.78,4.78,4.78,4.78,4.78,4.78,4.78,4.78,4.78,4.78,4.78,4.78,4.787159,DC,Liga
Marcão,4.75,4.75,4.75,4.75,4.75,4.75,4.75,4.75,4.75,5.0,6.0,4.75,4.0,4.0,4.75,4.75,4.75,4.75,4.75,4.75,4.75,4.75,4.75,4.75,4.75,4.75,4.75,4.75,4.75,4.75,4.75,4.75,4.75,4.75,4.75,4.75,4.75,4.75,4.75,4.75,4.7866297,DC,Liga
Javi Sánchez,4.83,4.83,4.83,6.0,3.0,5.0,4.5,5.5,4.5,6.0,4.5,5.5,5.0,5.5,6.0,4.83,4.0,4.83,4.0,3.5,4.83,4.83,4.83,4.83,4.83,4.83,4.83,4.83,4.83,4.83,4.83,4.83,4.83,4.83,4.83,4.83,4.83,4.83,4.83,4.83,4.7754107,DC,Liga
Saveljich Esteban,5.0,4.63,5.0,5.0,5.0,5.0,5.0,5.0,5.0,5.0,5.0,5.0,5.0,5.0,5.0,5.0,5.0,5.0,5.0,5.0,5.5,5.0,4.5,4.0,3.5,4.5,5.0,5.0,5.0,5.0,5.0,5.0,5.0,5.0,5.0,5.0,5.0,5.0,5.0,5.0,4.7548714,DC,Liga
Iglesias Juan,4.65,4.69,4.0,3.0,5.0,3.0,5.0,7.0,3.5,4.65,5.0,5.0,5.0,5.0,5.0,5.0,5.0,4.0,4.5,5.0,4.65,4.65,4.65,5.0,4.65,4.65,5.5,3.0,5.0,5.0,5.0,4.65,5.0,4.65,4.65,5.0,4.5,4.65,4.5,4.65,4.731422,DC,Liga
Verdú Gonzalo,4.64,4.94,4.64,4.64,4.64,4.64,4.64,4.0,4.64,5.5,5.5,3.5,6.0,4.5,4.64,4.64,3.5,4.64,4.64,4.64,4.5,5.5,5.5,5.0,4.0,4.64,4.64,4.64,5.0,4.64,4.64,4.5,6.0,6.0,5.5,4.64,4.64,4.64,4.64,5.0,4.723502,DC,Liga
Hernández Luis,4.75,4.91,5.0,5.5,2.5,3.0,3.0,6.0,5.5,4.5,6.0,4.75,3.0,5.0,6.0,4.75,5.5,6.0,4.5,5.0,4.75,4.75,4.75,5.0,5.5,4.5,5.0,5.5,4.0,6.0,5.0,4.5,5.5,4.0,5.0,6.0,5.5,4.5,5.5,4.75,4.7210946,DC,Liga
Núñez Unai,4.79,4.71,5.0,4.0,6.0,6.0,2.0,4.0,6.0,3.5,4.5,4.79,4.5,4.0,5.0,6.0,5.0,6.0,5.0,5.0,4.79,4.79,4.79,4.79,3.0,4.79,4.79,4.79,4.79,4.79,5.0,4.79,4.79,4.79,4.79,4.79,4.79,4.79,4.79,4.79,4.71732,DC,Liga
El Yamiq Jawad,4.77,4.77,4.5,4.0,4.77,4.77,4.77,4.77,5.0,4.77,4.77,5.0,6.0,5.0,5.0,4.0,4.77,5.5,4.5,4.0,4.77,4.77,4.77,4.77,4.77,4.77,4.77,4.77,4.77,4.77,4.77,4.77,4.77,4.77,4.77,4.77,4.77,4.77,4.77,4.77,4.715732,DC,Liga
Elustondo Aritz,4.93,5.06,5.0,3.0,5.5,5.0,4.93,5.0,4.0,5.5,5.0,6.0,4.93,4.0,3.5,4.93,6.0,5.0,5.0,6.5,6.0,4.93,5.0,5.0,6.0,4.93,4.93,3.5,4.93,5.5,4.93,5.0,5.0,4.93,5.0,4.93,7.0,4.93,4.5,5.0,4.713225,DC,Liga
Nianzou Tanguy,4.67,4.67,4.67,5.0,4.5,3.5,5.0,5.0,4.0,5.5,5.5,5.5,4.67,4.67,4.67,4.0,4.67,4.5,4.0,4.67,4.67,4.67,4.67,4.67,4.67,4.67,4.67,4.67,4.67,4.67,4.67,4.67,4.67,4.67,4.67,4.67,4.67,4.67,4.67,4.67,4.7048454,DC,Liga
Unai García,4.9,4.83,5.0,6.0,4.5,5.0,6.0,3.5,6.5,3.0,4.9,5.5,5.0,6.5,5.0,4.0,3.0,4.9,5.0,4.9,4.9,4.9,4.9,4.9,4.9,4.9,4.9,4.9,4.9,4.9,4.9,4.9,4.9,4.9,4.9,4.9,5.5,4.9,4.5,3.5,4.701918,DC,Liga
Momo Mbaye,4.7,4.7,4.7,4.7,4.7,4.7,3.0,4.7,4.7,4.7,4.7,5.0,4.7,5.0,4.7,4.7,4.7,4.7,5.0,5.5,4.7,4.7,4.7,4.7,4.7,4.7,4.7,4.7,4.7,4.7,4.7,4.7,4.7,4.7,4.7,4.7,4.7,4.7,4.7,4.7,4.666532,DC,Liga
Alderete Omar,4.58,4.61,4.58,4.58,4.58,4.58,4.58,4.58,4.58,4.58,4.58,4.58,4.58,4.58,5.5,4.0,5.5,3.0,5.0,4.5,3.0,5.0,5.0,4.58,4.58,3.0,4.58,4.58,5.0,6.0,4.5,5.0,4.58,4.58,5.0,5.5,3.5,5.0,4.58,4.58,4.6603255,DC,Liga
Kaiky,4.63,4.63,4.5,5.0,4.5,4.5,4.63,4.63,4.0,5.0,4.63,4.63,4.5,4.63,5.0,4.63,4.63,4.63,4.63,4.63,4.63,4.63,4.63,4.63,4.63,4.63,4.63,4.63,4.63,4.63,4.63,4.63,4.63,4.63,4.63,4.63,4.63,4.63,4.63,4.63,4.656735,DC,Liga
Dakonam Djené,4.63,4.88,3.5,3.5,5.0,3.5,4.63,4.63,3.0,4.0,6.0,4.5,5.0,5.5,4.0,5.5,6.0,5.0,4.0,6.0,5.0,5.5,6.0,7.0,3.0,5.5,4.0,4.0,5.5,6.0,6.0,3.5,4.63,6.0,5.5,5.5,5.5,5.0,3.5,4.63,4.5989814,DC,Liga
Espinosa Bernardo,4.6,4.6,4.6,4.6,4.6,5.0,5.0,4.0,3.0,4.5,5.5,3.0,4.6,4.6,4.6,5.0,4.6,4.6,5.5,5.5,4.6,4.6,4.6,4.6,4.6,4.6,4.6,4.6,4.6,4.6,4.6,4.6,4.6,4.6,4.6,4.6,4.6,4.6,4.6,4.6,4.587943,DC,Liga
Diego González,4.56,4.77,5.0,4.56,4.56,4.56,4.56,5.0,4.5,4.56,6.0,4.56,4.56,4.56,4.5,4.5,4.0,3.5,4.0,4.56,4.56,5.0,6.0,5.0,4.56,5.0,4.56,4.56,5.5,5.5,4.5,3.5,5.0,5.5,4.0,4.56,4.56,5.5,4.56,4.0,4.5774236,DC,Liga
Abner,4.5,4.5,4.5,4.5,4.5,4.5,4.5,4.5,4.5,4.5,4.5,4.5,4.5,4.5,4.5,4.5,4.5,4.5,4.5,4.5,4.5,4.5,4.5,4.5,4.5,4.5,4.5,4.5,4.5,4.5,4.5,4.5,4.5,4.5,4.5,4.5,4.5,4.5,4.5,4.5,4.490743,DC,Liga
Juanpe,4.5,4.5,5.0,4.5,4.5,5.0,5.5,4.5,3.0,4.5,4.5,4.5,4.5,4.5,4.5,4.5,4.5,4.5,4.5,4.0,4.5,4.5,4.5,4.5,4.5,4.5,4.5,4.5,4.5,4.5,4.5,4.5,4.5,4.5,4.5,4.5,4.5,4.5,4.5,4.5,4.488717,DC,Liga
Roco Enzo,4.35,4.62,3.5,5.5,4.5,3.0,2.5,4.35,5.0,4.35,6.0,4.35,4.5,4.5,4.0,4.0,4.35,4.35,5.0,4.5,6.0,4.35,4.35,4.35,4.5,5.5,3.0,4.35,5.5,4.5,4.35,3.5,6.0,5.5,5.0,4.35,4.5,5.0,5.0,4.35,4.329045,DC,Liga
