Joueur,Note,Note 1 an,j1,j2,j3,j4,j5,j6,j7,j8,j9,j10,j11,j12,j13,j14,j15,j16,j17,j18,j20,j21,j22,j23,j24,j25,j26,j27,j28,j29,j30,j31,j32,j33,j34,j35,j36,j37,j38,j19,prediction_label,Poste,Championnat,Terrain
Joselu,5.72,5.38,6.0,5.0,6.5,4.0,6.0,4.5,6.0,8.0,6.5,4.0,4.5,5.0,7.0,4.5,6.5,6.5,7.5,5.0,5.0,3.5,4.0,6.0,6.0,3.5,4.5,5.72,4.5,3.5,4.0,4.0,7.0,6.0,6.5,3.0,7.0,6.0,5.72,6.5,6.137639,A,Liga,A
Benzema Karim,6.15,6.15,6.0,6.0,8.0,5.0,6.15,6.15,3.5,6.15,6.5,7.0,6.15,6.15,6.15,6.15,7.0,5.5,6.15,7.0,7.5,6.15,3.0,6.15,6.15,7.0,6.5,7.0,8.0,6.15,6.0,5.0,7.0,5.0,6.0,6.15,8.0,6.15,4.0,6.15,6.0956097,A,Liga,A
Lewandowski Robert,6.13,6.13,5.0,8.0,8.0,7.5,7.5,8.0,6.5,4.5,5.0,7.5,7.0,6.0,4.5,2.5,4.5,6.13,6.13,6.13,6.13,6.13,6.13,6.13,6.13,6.13,6.13,6.13,6.13,6.13,6.13,6.13,6.13,6.13,6.13,6.13,6.13,6.13,6.13,6.13,5.9667897,A,Liga,A
Nico Williams Nicholas,5.67,5.23,5.0,5.5,7.5,5.0,7.5,7.0,8.0,5.5,4.5,6.0,3.0,6.0,5.5,5.5,5.5,5.5,5.0,4.5,4.5,5.67,4.5,5.67,5.67,5.67,4.0,4.5,4.5,4.0,4.5,4.5,4.0,5.5,6.5,4.5,4.0,6.0,5.67,5.0,5.951818,A,Liga,A
Isi Palazón,5.94,5.58,6.0,7.0,5.94,4.5,6.5,6.0,5.5,5.0,5.5,6.0,8.0,5.5,6.0,5.0,7.0,5.0,7.5,5.0,5.5,6.0,5.5,5.0,3.5,5.0,4.5,4.0,5.94,5.0,5.5,7.0,6.0,6.5,5.0,5.0,5.94,5.94,5.94,4.0,5.9345264,A,Liga,A
Griezmann Antoine,5.97,5.5,7.0,4.5,6.5,5.0,4.5,5.5,5.0,7.0,6.5,7.0,8.0,5.0,5.0,6.0,7.0,5.0,5.0,8.0,5.97,5.97,5.97,5.97,5.97,5.97,4.5,6.0,4.0,6.0,4.5,3.5,5.0,4.0,5.5,4.5,6.0,4.0,5.5,5.97,5.876337,A,Liga,A
Rodrygo,5.6,5.56,5.6,5.6,6.0,7.0,8.0,6.5,5.0,5.0,6.0,7.0,6.0,5.0,3.5,4.5,5.0,4.0,5.6,5.5,5.6,5.6,5.0,5.6,4.5,6.0,4.5,6.0,5.0,4.5,5.0,6.5,7.5,6.0,7.5,5.0,6.0,5.0,4.5,5.6,5.7838335,A,Liga,A
Dembélé Ousmane,5.74,5.78,5.5,7.0,7.5,4.5,7.0,5.0,5.0,4.5,4.5,4.5,9.0,5.0,7.0,5.0,5.0,6.5,5.74,5.0,5.74,5.0,5.74,5.74,5.0,6.5,8.0,5.74,5.74,7.0,6.5,7.0,6.0,4.5,4.5,4.0,7.0,5.74,5.0,5.74,5.7757554,A,Liga,A
Vinícius Júnior,5.94,5.94,6.0,7.5,7.0,6.0,6.5,5.0,7.0,5.5,6.0,7.0,7.0,6.0,4.0,6.0,4.5,4.5,5.94,5.5,7.5,5.94,6.0,5.94,5.5,6.5,6.0,7.0,7.5,3.5,4.5,7.0,4.5,5.5,5.5,5.0,9.0,5.94,4.5,5.94,5.6727104,A,Liga,A
Aspas Iago,5.58,5.57,6.0,5.0,7.0,8.0,5.0,4.5,4.0,5.0,6.0,3.0,6.5,5.0,7.0,4.5,6.0,7.0,6.0,5.0,4.0,6.0,7.0,6.0,4.5,4.0,4.5,5.58,5.0,5.0,5.0,4.0,7.0,4.0,7.0,8.5,7.0,7.0,4.5,5.58,5.6643114,A,Liga,A
Moreno Gerard,5.5,5.15,5.0,6.5,5.0,6.5,4.0,5.5,5.5,5.5,5.5,5.5,5.5,5.5,5.5,4.5,6.0,6.5,6.5,4.5,5.0,3.5,5.5,4.0,5.5,5.5,5.5,5.5,5.5,4.0,3.5,5.0,7.5,5.5,5.5,5.5,5.5,5.5,5.5,5.5,5.646293,A,Liga,A
Juanmi,5.58,5.39,8.0,5.5,5.5,5.0,5.58,5.58,5.58,5.58,5.58,5.58,5.58,5.58,5.58,5.58,5.0,4.5,5.58,5.58,5.58,7.0,5.0,4.5,5.58,4.5,5.58,4.5,5.0,5.5,9.0,4.0,5.0,5.5,4.0,4.5,5.0,7.5,4.5,5.58,5.5529118,A,Liga,A
Muniain Iker,5.47,5.78,5.0,6.0,7.0,4.5,6.0,5.0,6.5,6.0,5.0,5.5,5.47,5.47,5.47,5.5,5.0,5.0,5.0,5.0,6.5,5.47,5.47,4.5,6.0,8.0,5.47,5.0,6.5,6.0,5.5,7.0,4.0,7.5,7.0,7.0,5.0,7.0,5.0,5.5,5.4549375,A,Liga,A
Williams Iñaki,5.14,5.05,5.0,4.5,6.0,4.0,6.0,6.5,7.5,4.0,3.5,6.5,3.5,6.5,4.5,6.0,5.0,5.0,4.5,4.0,4.0,5.14,5.0,5.0,5.0,7.0,4.5,6.5,3.0,6.0,5.0,5.0,3.5,5.0,6.0,3.0,4.0,6.5,4.0,6.5,5.431954,A,Liga,A
Cavani Edinson,5.22,4.97,5.22,5.22,5.22,5.22,5.22,5.0,4.5,5.0,7.0,6.0,5.0,4.5,5.22,5.22,6.0,4.0,5.22,5.22,5.0,4.0,4.5,6.0,4.5,5.22,5.22,5.22,5.22,4.5,5.22,5.22,5.22,5.22,5.22,4.5,4.0,5.22,4.5,6.0,5.401875,A,Liga,A
Embarba Adrián,5.27,5.0,5.0,5.27,5.27,5.0,4.0,4.5,5.0,7.0,5.27,7.0,5.5,5.5,5.27,6.0,4.5,5.0,4.5,5.27,4.5,5.5,4.0,4.5,5.27,4.5,5.0,5.27,4.5,4.5,5.5,5.5,5.27,4.0,5.27,5.0,5.27,5.0,4.5,5.27,5.3973784,A,Liga,A
Guruzeta Gorka,5.23,5.23,4.5,5.23,8.0,4.0,4.5,5.23,5.23,5.23,5.23,5.23,5.23,4.0,6.5,7.5,5.0,4.5,4.0,5.0,5.23,5.23,5.23,5.23,5.23,5.23,5.23,5.23,5.23,5.23,5.23,5.23,5.23,5.23,5.23,5.23,5.23,5.23,5.23,5.23,5.387699,A,Liga,A
Sørloth Alexander,5.43,4.97,5.43,5.43,5.43,4.5,4.0,6.5,8.0,4.0,3.5,5.0,5.43,4.0,4.0,7.0,6.0,6.5,6.0,7.0,5.43,5.43,4.0,4.0,4.0,2.5,5.43,4.5,4.0,4.0,5.0,7.0,5.0,4.5,6.5,4.0,6.0,4.5,3.5,5.0,5.382711,A,Liga,A
Puado Javier,5.09,4.97,5.09,4.5,5.0,5.0,5.5,5.0,5.0,5.0,5.0,4.5,6.0,4.0,4.5,5.5,4.0,6.0,7.0,5.0,4.5,5.0,3.5,6.0,4.0,5.5,4.5,6.0,6.0,5.09,5.0,6.0,5.0,4.5,4.0,4.5,4.5,4.5,4.5,5.09,5.3504457,A,Liga,A
Muriqi Vedat,5.38,5.33,4.0,6.0,7.0,5.0,6.0,4.5,4.0,5.0,5.38,5.38,6.0,6.0,7.5,7.0,4.0,4.5,4.5,5.0,5.38,5.38,5.38,6.0,6.0,6.0,5.38,5.38,4.0,4.0,4.0,6.0,3.5,5.5,5.38,5.0,5.5,6.0,7.0,5.38,5.327068,A,Liga,A
Braithwaite Martin,5.31,5.31,5.31,5.31,5.31,6.0,6.0,4.0,5.5,5.31,5.31,4.5,6.5,4.0,5.0,4.5,5.0,6.0,5.5,6.5,5.31,5.31,5.31,5.31,5.31,5.31,5.31,5.31,5.31,5.31,5.31,5.31,5.31,5.31,5.31,5.31,5.31,5.31,5.31,5.31,5.3036017,A,Liga,A
Morata Álvaro,5.44,5.36,7.5,5.0,5.0,7.0,4.5,4.5,6.5,4.5,5.5,6.0,5.0,5.0,5.5,5.0,7.0,4.5,4.0,6.0,4.0,6.5,4.5,4.0,6.5,5.0,5.0,5.5,6.5,7.0,4.0,3.5,5.44,6.0,5.0,4.5,5.0,7.0,5.44,5.44,5.297544,A,Liga,A
Carrasco Yannick,5.0,5.33,5.0,4.0,5.0,5.0,7.5,4.5,4.5,4.5,5.0,5.5,4.5,4.5,5.5,5.0,5.0,5.0,5.0,5.0,5.0,5.0,7.0,6.0,5.0,6.0,4.0,6.0,4.5,5.0,5.5,5.5,7.5,5.0,4.0,7.0,5.0,6.0,6.0,6.0,5.253672,A,Liga,A
Léo Baptistão Leo,5.19,5.19,5.19,4.5,4.5,5.0,5.19,5.19,5.0,6.5,4.5,7.0,3.5,6.0,4.0,7.0,6.0,5.19,4.0,5.19,5.19,5.19,5.19,5.19,5.19,5.19,5.19,5.19,5.19,5.19,5.19,5.19,5.19,5.19,5.19,5.19,5.19,5.19,5.19,5.19,5.2375197,A,Liga,A
Pino Yeremy,5.38,5.23,6.0,7.0,5.0,6.0,5.5,5.5,5.38,5.0,5.5,4.5,4.5,5.0,4.5,5.5,5.5,6.5,4.5,5.5,5.0,4.5,5.5,5.0,4.5,5.0,9.0,4.5,5.38,4.5,4.5,5.0,4.5,4.0,5.38,5.38,5.38,5.38,5.38,5.38,5.236789,A,Liga,A
Touré El Bilal,5.23,5.07,5.23,5.23,5.23,5.23,4.5,4.0,5.23,6.5,6.0,6.5,5.0,5.0,5.23,5.0,5.0,4.0,6.0,5.23,5.23,5.23,5.23,5.0,5.23,5.23,5.23,5.23,5.23,5.23,5.23,5.23,5.23,4.5,4.5,7.5,4.0,5.0,5.5,5.23,5.2287617,A,Liga,A
Iglesias Borja,5.34,5.12,7.0,6.0,6.5,5.0,4.5,6.5,5.0,5.0,7.0,4.0,5.0,7.0,3.0,5.34,4.5,5.0,5.34,4.5,4.0,7.5,7.0,4.0,5.0,4.0,3.0,3.5,6.5,4.5,5.34,6.0,4.0,4.5,4.0,4.5,6.0,5.5,5.0,5.34,5.2198234,A,Liga,A
Raúl García,5.12,5.04,5.0,5.0,5.0,4.5,4.5,5.0,5.12,5.0,5.5,6.0,5.0,7.0,5.0,5.0,5.0,5.0,5.0,4.5,5.0,5.12,5.0,6.0,6.0,4.0,3.5,5.12,5.0,5.0,5.5,6.0,5.5,6.0,5.0,4.0,5.0,4.5,3.5,5.12,5.203239,A,Liga,A
Sadiq Umar,5.2,5.2,4.0,6.0,6.0,6.0,4.0,5.2,5.2,5.2,5.2,5.2,5.2,5.2,5.2,5.2,5.2,5.2,5.2,5.2,5.2,5.2,5.2,5.2,5.2,5.2,5.2,5.2,5.2,5.2,5.2,5.2,5.2,5.2,5.2,5.2,5.2,5.2,5.2,5.2,5.179099,A,Liga,A
Sobrino Rubén,4.93,5.03,4.93,4.93,4.93,5.0,3.5,5.5,5.0,4.0,5.0,5.0,3.5,6.5,5.5,5.5,4.5,6.0,5.5,4.0,4.0,4.0,4.0,5.0,4.93,4.5,4.0,5.0,5.0,7.0,4.5,4.5,7.0,6.0,6.0,6.0,4.0,7.0,5.0,4.5,5.089187,A,Liga,A
Ansu Fati,5.06,4.98,5.0,7.5,5.0,4.0,6.0,4.5,5.5,4.5,4.5,7.0,4.0,4.5,6.0,4.5,4.0,5.0,5.06,4.5,5.06,5.06,5.06,5.06,5.06,5.06,5.06,5.06,5.06,5.06,5.06,5.06,5.06,5.06,4.5,6.0,4.5,4.5,4.0,5.06,5.064395,A,Liga,A
Correa Ángel,4.97,5.04,4.5,5.0,4.0,4.0,6.5,5.0,4.5,8.0,4.0,4.5,5.5,3.5,5.0,4.0,4.97,4.5,6.0,6.0,7.0,4.5,6.0,4.5,7.5,6.0,4.5,6.0,5.5,2.0,4.97,4.97,4.5,4.5,4.0,3.5,4.0,4.5,6.0,7.5,5.0632215,A,Liga,A
Chimy Avila,5.5,5.19,6.5,7.5,4.0,6.0,7.0,4.0,5.5,2.5,5.0,5.0,6.0,7.0,7.5,4.0,4.5,5.5,5.0,6.5,5.5,5.0,5.0,5.5,6.5,4.0,5.5,6.0,5.5,7.0,3.5,5.0,6.0,5.0,4.0,5.0,6.0,3.0,4.5,2.5,5.055819,A,Liga,A
Camello Sergio,5.08,5.08,4.0,5.5,5.0,3.5,5.5,5.5,6.0,4.0,4.0,5.0,7.0,5.0,5.0,5.0,6.5,6.5,4.5,4.0,5.08,5.08,5.08,5.08,5.08,5.08,5.08,5.08,5.08,5.08,5.08,5.08,5.08,5.08,5.08,5.08,5.08,5.08,5.08,5.08,5.016885,A,Liga,A
Plano Óscar,5.08,5.08,5.0,4.5,5.0,5.5,4.0,5.0,7.0,5.0,4.0,6.0,6.0,5.0,6.0,4.5,4.5,5.0,4.5,5.0,5.08,5.08,5.08,5.08,5.08,5.08,5.08,5.08,5.08,5.08,5.08,5.08,5.08,5.08,5.08,5.08,5.08,5.08,5.08,5.08,5.005928,A,Liga,A
Moi Parra,5.0,5.0,5.0,5.0,5.0,5.0,5.0,5.0,5.0,5.0,5.0,5.0,5.0,5.0,5.0,5.0,5.0,5.0,5.0,5.0,5.0,5.0,5.0,5.0,5.0,5.0,5.0,5.0,5.0,5.0,5.0,5.0,5.0,5.0,5.0,5.0,5.0,5.0,5.0,5.0,5.003771,A,Liga,A
Jackson Nicolas,4.93,4.9,7.0,5.0,4.5,6.0,4.0,4.5,5.0,4.0,6.0,4.0,6.5,4.0,4.0,4.93,4.5,4.93,4.93,4.93,4.5,4.5,6.0,4.93,4.93,4.93,4.93,4.93,4.93,4.93,4.93,4.93,4.93,4.93,4.93,5.0,5.0,4.5,4.5,4.93,5.0001507,A,Liga,A
Castellanos Valentín,4.97,4.97,4.5,7.0,4.5,4.5,4.5,4.5,6.0,4.0,5.0,4.0,4.0,4.5,6.0,6.5,6.0,4.5,4.97,4.5,4.97,4.97,4.97,4.97,4.97,4.97,4.97,4.97,4.97,4.97,4.97,4.97,4.97,4.97,4.97,4.97,4.97,4.97,4.97,4.97,4.9928765,A,Liga,A
Ünal Enes,5.14,5.19,3.5,6.5,4.5,3.0,7.5,6.0,3.5,4.0,4.5,5.5,6.5,7.0,5.0,4.5,6.5,4.0,6.5,4.0,4.0,6.0,5.14,8.0,6.0,4.0,7.0,4.0,4.5,7.0,4.0,4.5,6.0,6.0,4.0,4.0,4.5,5.0,6.0,5.14,4.96229,A,Liga,A
Depay Memphis,5.0,5.12,5.0,5.0,5.0,5.0,5.0,6.0,5.0,5.0,5.0,5.0,5.0,5.0,5.0,5.0,5.0,5.0,5.0,4.0,5.0,5.0,5.0,5.0,5.0,5.0,6.0,5.0,5.0,4.5,4.5,5.0,3.5,5.0,6.5,5.0,7.0,5.0,4.5,5.0,4.94149,A,Liga,A
Ezzalzouli Abdessamad,4.92,4.88,4.92,4.92,4.92,6.0,5.0,5.0,4.5,5.0,4.5,6.5,5.0,4.92,4.92,4.92,4.5,3.5,5.0,4.5,4.92,4.92,4.5,4.92,4.92,4.92,4.92,4.92,4.92,4.92,4.92,4.92,4.92,4.92,4.92,4.92,4.92,4.92,4.92,4.92,4.935347,A,Liga,A
Kluivert Justin,4.96,5.07,4.96,4.96,4.96,4.96,5.0,4.5,5.0,7.0,5.0,4.5,4.0,4.5,4.5,7.0,4.5,4.0,4.96,4.96,6.5,5.5,4.96,4.5,3.5,7.0,3.5,5.0,4.96,6.0,5.0,3.5,5.0,4.5,5.5,6.0,6.5,5.5,4.5,4.96,4.919253,A,Liga,A
Ponce Ezequiel,4.62,4.5,5.0,5.0,4.0,3.5,6.0,4.0,4.0,6.0,4.0,4.0,4.62,4.5,4.5,4.5,4.0,4.5,6.5,4.5,4.62,4.62,4.62,4.62,4.62,6.0,4.5,4.62,5.0,3.0,5.0,3.5,5.0,5.0,4.5,2.0,4.62,4.0,4.5,4.62,4.8805146,A,Liga,A
Manu Vallejo,5.0,4.81,5.0,5.0,5.0,6.0,5.0,4.5,5.5,5.0,5.5,4.5,4.0,5.0,5.0,5.0,5.0,5.0,5.0,5.0,5.0,5.0,5.0,4.0,5.0,4.5,4.5,5.0,5.0,7.0,5.0,4.5,5.0,5.0,5.0,4.0,5.0,4.0,4.0,5.0,4.879823,A,Liga,A
Stuani Cristhian,4.86,4.86,4.5,7.0,4.5,4.86,4.86,4.86,4.86,4.5,5.5,4.5,4.0,5.5,4.5,4.5,4.5,4.5,6.5,3.5,4.86,4.86,4.86,4.86,4.86,4.86,4.86,4.86,4.86,4.86,4.86,4.86,4.86,4.86,4.86,4.86,4.86,4.86,4.86,4.86,4.8752804,A,Liga,A
Ndiaye Amath,4.91,4.68,4.91,4.91,4.91,4.91,4.91,4.91,4.91,5.0,4.5,4.5,5.5,4.5,6.0,4.5,5.0,5.5,4.5,4.5,4.5,4.91,3.0,4.5,4.91,4.0,4.91,4.91,4.5,4.91,4.91,4.91,5.0,4.91,4.91,4.91,4.91,4.91,4.91,4.91,4.870991,A,Liga,A
Rafa Mir,4.81,4.82,6.0,3.5,4.0,4.81,4.81,4.5,4.81,4.81,4.81,5.0,4.5,4.0,5.0,6.5,5.0,6.0,4.0,4.5,6.0,4.0,3.5,4.81,6.0,6.0,4.5,4.81,4.0,4.81,5.0,6.0,3.5,4.5,4.81,5.0,4.0,4.5,6.0,4.81,4.8087726,A,Liga,A
Kadewere Tinotenda,4.83,4.77,4.83,4.83,4.83,4.83,4.83,4.83,4.83,4.83,4.83,4.83,4.83,4.83,4.83,4.83,4.5,5.0,4.83,5.0,4.83,4.83,4.5,4.83,4.5,6.5,5.0,4.0,4.0,6.0,5.0,4.0,4.83,4.0,4.83,4.83,4.83,4.83,4.83,4.83,4.791434,A,Liga,A
Juanjo Narváez,4.8,4.8,4.8,4.8,4.8,5.0,4.8,4.5,4.8,5.0,5.0,4.8,4.8,4.8,4.8,4.5,4.8,4.8,4.8,4.8,4.8,4.8,4.8,4.8,4.8,4.8,4.8,4.8,4.8,4.8,4.8,4.8,4.8,4.8,4.8,4.8,4.8,4.8,4.8,4.8,4.7880707,A,Liga,A
León Sergio,4.8,4.8,4.0,5.0,4.0,5.0,4.8,4.0,7.0,4.0,4.0,7.5,6.5,4.0,5.0,4.5,4.5,4.8,4.8,3.0,4.8,4.8,4.8,4.8,4.8,4.8,4.8,4.8,4.8,4.8,4.8,4.8,4.8,4.8,4.8,4.8,4.8,4.8,4.8,4.8,4.7782345,A,Liga,A
Plata Gonzalo,4.75,4.75,4.5,4.75,4.75,4.5,5.0,5.5,6.0,4.75,4.75,5.0,4.5,4.0,7.0,3.5,4.5,4.0,4.0,4.5,4.75,4.75,4.75,4.75,4.75,4.75,4.75,4.75,4.75,4.75,4.75,4.75,4.75,4.75,4.75,4.75,4.75,4.75,4.75,4.75,4.7608776,A,Liga,A
Danjuma Arnaut,4.6,4.93,4.6,4.6,4.6,4.6,4.6,4.5,4.5,3.5,7.0,4.0,4.5,4.5,4.5,4.5,4.6,4.5,4.6,4.6,4.6,4.6,4.6,4.5,4.0,8.0,6.5,4.0,5.0,4.0,4.5,5.0,5.0,7.0,4.6,4.6,4.6,4.6,4.6,4.6,4.7407727,A,Liga,A
Dani Gómez,4.58,4.98,4.58,4.58,4.5,4.5,5.0,4.5,4.58,4.58,4.58,4.5,4.58,4.58,4.58,4.5,4.58,4.58,4.58,4.58,4.58,4.5,4.58,4.0,7.0,3.5,6.0,4.5,6.0,4.5,4.58,6.0,7.0,4.5,5.5,5.0,4.0,5.0,4.58,4.58,4.7162504,A,Liga,A
Negredo Álvaro,4.77,5.15,4.5,4.5,3.5,4.77,4.5,6.0,5.0,4.5,5.5,4.77,4.5,4.77,4.77,6.0,4.5,4.77,5.0,4.0,4.77,7.0,7.0,5.0,4.5,5.0,5.0,6.0,6.0,5.5,5.0,5.0,4.77,6.0,4.5,7.0,4.5,4.0,5.0,5.5,4.6891026,A,Liga,A
Mayoral Borja,4.72,4.86,3.0,3.5,5.0,3.0,4.0,5.5,6.5,4.0,4.5,5.0,4.0,5.5,4.5,4.0,8.0,6.0,4.0,5.0,4.72,6.0,4.5,6.0,6.0,6.0,4.0,5.0,4.5,4.5,6.0,3.5,4.0,8.0,4.5,4.5,4.5,5.0,4.0,4.72,4.681979,A,Liga,A
Duro Hugo,4.71,4.62,5.0,4.5,4.71,7.0,4.0,4.71,4.5,4.5,4.0,4.71,4.5,4.71,5.0,5.0,4.5,4.0,4.71,4.71,4.71,4.5,6.0,4.5,4.0,4.0,4.71,4.5,4.5,4.5,4.0,4.0,4.5,4.71,6.0,4.71,4.0,4.71,4.71,4.71,4.6434574,A,Liga,A
El Haddadi Munir,4.64,4.75,4.64,4.64,4.64,4.0,4.5,4.5,4.5,4.5,4.64,6.5,4.64,4.64,4.5,4.0,4.5,5.0,4.5,4.64,4.64,4.64,4.64,4.64,5.0,4.64,6.0,4.64,4.5,4.5,4.64,4.64,4.64,4.64,4.64,4.64,4.64,4.64,4.64,5.0,4.6377296,A,Liga,A
Dyego Sousa,4.63,4.63,4.5,4.5,4.63,4.5,4.5,4.5,5.0,4.63,4.5,4.63,4.63,6.0,4.0,4.5,4.5,4.5,4.63,4.63,4.63,4.63,4.63,4.63,4.63,4.63,4.63,4.63,4.63,4.63,4.63,4.63,4.63,4.63,4.63,4.63,4.63,4.63,4.63,4.63,4.6298604,A,Liga,A
Díaz Mariano,4.63,4.7,4.63,4.63,4.63,4.63,4.63,4.63,4.5,4.5,4.63,4.63,4.63,5.0,4.5,4.63,4.63,4.63,4.63,4.63,4.63,4.63,4.63,4.63,4.63,4.63,4.63,4.5,4.63,4.5,4.63,4.63,4.5,4.63,4.0,4.63,5.0,6.0,4.63,4.63,4.6291633,A,Liga,A
Milla Pere,5.03,5.1,5.0,5.0,5.0,4.5,4.0,5.03,4.5,4.5,7.5,3.5,6.5,5.5,6.0,5.0,5.0,4.5,4.5,5.0,8.0,5.5,5.5,7.5,4.5,7.0,3.5,5.03,6.5,5.0,3.5,4.0,4.5,4.5,6.0,4.0,4.0,5.03,4.5,5.0,4.628742,A,Liga,A
Ramazani Largie,4.65,4.65,6.0,6.0,6.5,4.5,3.5,3.5,4.0,4.0,5.0,4.0,4.5,5.0,4.0,4.5,5.5,4.0,4.5,4.65,4.65,4.65,4.65,4.65,4.65,4.65,4.65,4.65,4.65,4.65,4.65,4.65,4.65,4.65,4.65,4.65,4.65,4.65,4.65,4.65,4.6282167,A,Liga,A
Martín Andrés,4.75,4.5,4.75,4.75,4.75,4.75,4.75,4.75,4.75,4.75,4.75,4.75,4.75,4.75,4.75,4.75,4.75,5.0,4.75,4.5,4.75,4.75,4.75,4.75,4.75,4.75,4.75,4.75,4.75,4.75,4.75,4.75,4.75,4.75,4.75,4.75,4.75,4.75,4.75,4.0,4.6089754,A,Liga,A
Villalibre Asier,4.5,4.44,5.0,4.5,4.5,4.5,4.5,4.5,4.5,4.5,4.0,4.5,4.5,4.5,4.5,4.5,4.5,4.5,4.5,4.5,4.5,4.5,4.5,4.0,4.5,4.0,2.5,4.5,4.5,5.0,6.0,4.5,4.5,4.5,4.5,4.5,3.5,6.0,4.0,4.5,4.6047173,A,Liga,A
Morales José,4.68,5.19,4.5,4.5,4.5,6.5,4.5,5.0,4.5,4.5,5.0,4.0,5.0,4.0,4.0,4.68,5.0,4.5,5.0,4.5,7.0,5.0,4.0,4.68,5.0,3.5,7.0,4.0,4.68,4.5,8.0,5.5,8.0,5.5,7.0,6.0,3.0,7.0,7.0,4.68,4.601439,A,Liga,A
En-Nesyri Youssef,4.54,4.61,4.5,4.0,4.5,3.5,6.0,4.54,5.0,4.5,4.0,4.54,4.54,4.54,4.5,4.5,4.5,5.0,4.5,4.5,4.54,4.54,4.54,4.54,3.5,4.5,5.5,4.54,4.5,4.5,4.5,4.0,4.54,4.0,6.0,4.5,5.0,6.5,4.0,4.54,4.58614,A,Liga,A
Prats Abdón,4.58,4.63,4.5,5.0,4.5,5.0,4.5,4.5,4.58,4.58,4.0,4.5,4.58,4.58,4.5,4.0,4.58,6.0,4.5,4.0,4.5,4.58,3.5,4.5,4.58,4.58,4.58,4.58,4.5,4.0,4.58,4.58,4.58,6.0,4.58,3.5,4.58,6.0,6.0,4.5,4.5801287,A,Liga,A
Falcao Radamel,4.5,4.54,4.0,4.0,4.5,4.5,4.0,6.5,4.5,4.0,5.0,5.0,4.5,4.5,4.5,4.0,4.0,4.5,4.5,4.5,4.0,4.5,3.5,5.0,4.5,4.5,4.5,4.5,4.5,4.5,4.5,4.5,4.5,4.5,6.0,4.0,5.0,4.5,5.0,4.5,4.5708237,A,Liga,A
Juanmi Latasa,4.55,4.55,4.55,4.55,4.5,4.55,4.55,4.55,5.0,4.5,4.55,4.5,4.55,4.55,4.5,4.5,4.5,4.5,4.5,4.5,4.55,4.55,4.55,4.55,4.55,4.55,4.55,4.55,4.55,4.55,4.55,4.55,4.55,4.55,4.55,4.55,4.55,4.5,4.55,4.55,4.543323,A,Liga,A
Strand Larsen Jørgen,4.57,4.57,4.57,4.57,4.57,5.5,3.0,3.0,4.5,4.5,4.0,6.0,4.5,4.5,4.0,4.57,5.0,5.0,6.5,4.0,4.57,4.57,4.57,4.57,4.57,4.57,4.57,4.57,4.57,4.57,4.57,4.57,4.57,4.57,4.57,4.57,4.57,4.57,4.57,4.57,4.5240564,A,Liga,A
Willian José,4.5,4.6,4.5,4.5,4.5,4.5,4.5,4.5,5.0,4.5,4.5,4.0,4.5,4.5,4.5,4.0,5.0,4.5,4.5,4.5,4.5,4.5,6.5,4.0,4.5,5.0,4.0,4.5,4.5,4.0,5.0,4.5,4.5,4.0,4.5,4.5,7.0,4.5,4.0,4.5,4.517818,A,Liga,A
Bebé,4.5,4.74,4.5,4.5,4.5,4.5,4.5,4.5,4.5,5.0,4.0,4.5,4.5,4.5,4.5,4.5,4.5,4.5,4.5,4.5,5.0,4.5,5.0,4.5,4.5,4.5,5.0,5.0,7.0,4.5,4.5,4.0,4.5,4.5,4.5,4.5,4.0,5.0,5.0,4.5,4.515734,A,Liga,A
López Diego,4.5,4.5,4.5,4.5,4.5,4.5,4.5,4.5,4.5,4.5,4.5,4.5,4.5,4.5,4.5,4.5,4.5,4.5,4.5,4.5,4.5,4.5,4.5,4.5,4.5,4.5,4.5,4.5,4.5,4.5,4.5,4.5,4.5,4.5,4.5,4.5,4.5,4.5,4.5,4.5,4.490743,A,Liga,A
Zoubdi Touaizi Nabili,4.5,4.5,4.5,4.5,4.5,4.5,4.5,4.5,4.5,4.5,4.5,4.5,4.5,4.5,4.5,4.5,4.5,4.5,4.5,4.5,4.5,4.5,4.5,4.5,4.5,4.5,4.5,4.5,4.5,4.5,4.5,4.5,4.5,4.5,4.5,4.5,4.5,4.5,4.5,4.5,4.490743,A,Liga,A
Arroyo Roberto,4.5,4.5,4.5,4.5,4.5,4.5,4.5,4.5,4.5,4.5,4.5,4.5,4.5,4.5,4.5,4.5,4.5,4.5,4.5,4.5,4.5,4.5,4.5,4.5,4.5,4.5,4.5,4.5,4.5,4.5,4.5,4.5,4.5,4.5,4.5,4.5,4.5,4.5,4.5,4.5,4.490743,A,Liga,A
Budimir Ante,4.61,4.94,4.61,6.0,4.5,4.0,5.0,4.0,4.5,4.61,4.5,6.0,4.61,5.0,4.5,4.5,4.61,3.0,4.0,5.0,6.0,4.0,4.5,4.61,5.0,4.0,4.61,4.0,4.61,7.5,6.0,6.0,6.0,6.5,6.0,6.5,4.5,3.5,4.0,4.5,4.4797773,A,Liga,A
Kike García,4.72,4.83,5.0,6.0,4.5,4.0,5.0,5.0,6.5,6.0,3.5,4.5,4.5,5.0,4.0,4.0,4.5,4.0,4.5,4.5,6.5,5.0,6.5,4.72,6.0,5.0,4.72,4.5,4.72,5.0,4.5,4.5,4.72,4.72,4.5,4.72,3.5,4.0,4.0,6.0,4.4779196,A,Liga,A
Fernández Carlos,4.5,4.5,4.5,4.5,4.5,4.5,4.5,4.5,4.0,4.0,4.5,4.5,4.5,5.0,5.0,4.5,4.5,4.5,4.5,4.5,4.5,4.5,4.5,4.5,4.5,4.5,4.5,4.5,4.5,4.5,4.5,4.5,4.5,4.5,4.5,4.5,4.5,4.5,4.5,4.5,4.4605727,A,Liga,A
Hazard Eden,4.33,4.57,5.0,3.5,4.33,4.33,4.5,4.33,4.33,4.33,4.33,4.33,4.33,4.33,4.33,4.33,4.33,4.33,4.33,4.33,4.33,4.33,4.5,4.33,5.0,4.5,4.33,4.33,4.33,4.33,4.33,4.33,4.33,4.33,4.33,4.33,4.33,5.0,4.33,4.33,4.4348927,A,Liga,A
Gonçalo Paciência,4.38,4.38,6.0,4.0,4.0,4.38,4.38,4.38,4.0,5.0,2.0,4.38,5.0,4.5,5.0,4.0,4.38,4.5,4.38,4.5,4.38,4.38,4.38,4.38,4.38,4.38,4.38,4.38,4.38,4.38,4.38,4.38,4.38,4.38,4.38,4.38,4.38,4.38,4.38,4.38,4.4016743,A,Liga,A
Mata Jaime,4.33,4.29,4.0,4.33,4.5,4.5,4.33,4.5,4.33,4.33,4.5,4.33,4.0,4.33,4.33,4.33,4.33,4.33,4.33,4.33,3.5,4.5,4.5,4.33,4.0,4.33,4.5,4.33,4.33,4.5,4.33,4.33,4.33,4.33,4.33,4.33,4.33,4.33,4.33,4.33,4.378465,A,Liga,A
Weissman Shon,4.37,4.37,4.37,4.37,4.37,6.5,4.0,4.5,4.5,4.5,4.5,5.0,4.5,4.0,4.5,4.0,4.0,4.5,3.5,3.0,4.37,4.37,4.37,4.37,4.37,4.37,4.37,4.37,4.37,4.37,4.37,4.37,4.37,4.37,4.37,4.37,4.37,4.37,4.37,4.37,4.3665886,A,Liga,A
Sergi Guardiola,4.32,4.55,4.32,5.0,4.0,4.0,4.5,4.5,4.32,5.0,4.5,4.5,4.5,4.5,4.32,3.5,4.32,4.0,3.5,4.5,4.5,4.0,5.0,4.5,4.5,4.5,4.5,4.0,4.0,4.0,6.5,6.0,4.0,6.0,3.5,4.32,6.0,5.5,5.0,3.5,4.3093615,A,Liga,A
Ángel Rodríguez Ángel,4.36,4.33,4.36,4.36,4.36,4.36,4.36,4.5,4.36,4.5,4.5,4.0,4.36,4.5,4.36,4.36,4.0,4.36,4.5,4.36,4.36,4.36,4.5,5.5,6.0,3.5,4.36,4.36,3.0,3.5,4.0,4.36,4.0,4.36,5.0,4.5,4.0,4.0,6.0,3.0,4.28241,A,Liga,A
Loren Morón,4.25,4.36,4.5,4.0,4.25,4.25,4.25,4.25,4.25,4.25,4.25,4.25,4.25,4.25,4.25,4.25,4.25,4.25,4.25,4.25,4.0,4.5,5.0,4.5,4.25,4.5,4.25,4.0,4.25,4.5,4.0,4.25,4.25,4.5,4.25,4.25,4.25,4.25,4.25,4.25,4.2692986,A,Liga,A
Marcos André,4.36,4.54,4.36,4.5,4.0,4.5,4.5,6.5,2.0,4.36,4.36,4.0,4.5,4.5,5.0,4.0,4.36,4.36,4.36,4.36,5.0,4.5,4.36,5.0,4.0,4.5,4.36,5.0,4.5,4.36,4.36,4.5,4.5,4.5,4.36,4.36,4.36,5.0,5.5,4.36,4.2570133,A,Liga,A
Lozano Anthony,4.34,4.52,4.5,3.5,3.0,4.0,4.34,4.34,5.0,4.5,5.0,4.5,4.0,5.0,4.0,4.0,4.0,5.0,5.0,4.5,4.34,4.0,5.0,4.34,4.5,4.0,4.5,5.5,3.5,4.5,4.0,4.0,4.34,5.5,4.34,6.0,5.0,4.5,6.0,4.34,4.2436223,A,Liga,A
Milovanovic Marko,4.25,4.25,4.25,4.25,4.25,4.0,4.5,4.25,4.25,4.25,4.25,4.25,4.25,4.25,4.25,4.25,4.25,4.25,4.25,4.25,4.25,4.25,4.25,4.25,4.25,4.25,4.25,4.25,4.25,4.25,4.25,4.25,4.25,4.25,4.25,4.25,4.25,4.25,4.25,4.25,4.2400594,A,Liga,A
Roger Roger,4.5,4.85,3.5,5.5,4.5,4.5,4.5,4.5,4.0,5.0,4.5,4.5,4.0,4.5,4.5,5.0,5.5,4.0,4.0,4.5,6.5,5.0,5.0,3.5,4.5,6.0,5.0,4.0,4.5,6.5,6.0,2.5,4.5,4.5,4.5,6.0,4.0,6.5,6.0,4.5,4.229429,A,Liga,A
Boyé Lucas,4.28,4.38,4.28,4.5,4.0,4.0,6.0,4.0,6.0,2.5,4.28,3.0,5.5,3.5,4.5,3.5,5.0,4.0,4.5,4.0,4.28,6.0,7.0,5.0,4.28,4.28,4.0,4.28,4.0,3.0,4.5,4.28,4.28,4.28,4.28,4.28,3.0,4.28,4.28,4.28,4.1908717,A,Liga,A
Giménez Álvaro,4.0,4.0,4.0,4.0,4.0,4.0,4.0,4.0,4.0,4.0,4.0,4.0,4.0,4.0,4.0,4.0,4.0,4.0,4.0,4.0,4.0,4.0,4.0,4.0,4.0,4.0,4.0,4.0,4.0,4.0,4.0,4.0,4.0,4.0,4.0,4.0,4.0,4.0,4.0,4.0,3.9776874,A,Liga,A
Javi Llabrés,4.5,3.7,4.5,4.5,4.5,4.5,4.5,4.5,4.5,4.5,4.5,4.5,4.5,4.5,4.5,4.5,4.5,4.5,4.5,4.5,5.0,4.5,4.5,4.5,4.5,4.5,4.5,4.5,4.5,4.5,4.5,4.5,4.5,4.5,4.5,4.5,4.5,4.5,4.5,4.5,3.967547,A,Liga,A
Suárez Luis,4.0,4.83,4.0,4.0,4.0,4.0,4.0,4.0,4.0,4.0,4.0,4.0,4.0,4.0,4.0,4.0,4.0,3.5,4.5,4.0,4.0,7.0,4.0,4.0,4.0,4.5,4.0,4.0,4.0,6.0,4.0,4.0,4.0,4.0,5.0,7.0,4.0,5.0,4.5,5.0,3.9363022,A,Liga,A
de Tomás Raúl,4.0,5.38,4.0,4.0,4.0,4.0,4.0,4.0,4.0,4.0,4.0,4.0,4.0,4.0,4.0,4.0,4.0,4.0,4.0,4.0,6.0,7.0,5.0,4.0,7.5,5.5,5.0,5.0,4.0,7.0,4.0,4.5,6.0,4.0,4.0,5.0,6.0,6.0,4.0,4.0,3.791746,A,Liga,A
