Joueur,Note,Note 1 an,j1,j2,j3,j4,j5,j6,j7,j8,j9,j10,j11,j12,j13,j14,j15,j16,j17,j18,j20,j21,j22,j23,j24,j25,j26,j27,j28,j29,j30,j31,j32,j33,j34,j35,j36,j37,j38,j19,prediction_label,Poste,Championnat
Kroos Toni,6.32,5.98,7.0,6.32,5.0,5.0,7.0,6.0,6.0,6.32,7.0,6.0,6.5,5.5,6.32,8.0,7.0,6.0,6.32,6.5,6.5,6.32,5.5,6.32,6.0,6.32,6.0,6.32,6.5,4.5,6.0,6.32,5.5,5.5,5.0,5.0,5.0,7.0,5.0,6.32,6.4423566,MD,Liga
de Jong Frenkie,6.17,6.0,5.5,5.5,5.5,5.0,8.0,7.5,6.17,5.0,5.0,7.0,6.5,5.5,7.5,6.5,6.5,6.0,6.17,6.17,6.17,4.5,7.0,5.5,5.5,6.5,6.0,6.17,6.17,7.0,6.0,5.0,5.0,7.0,5.5,5.5,6.0,6.17,5.5,6.0,6.3486986,MD,Liga
Valverde Federico,6.06,5.81,6.0,7.0,4.5,6.0,7.0,7.0,5.5,5.5,7.0,7.0,7.0,6.0,5.0,5.5,6.0,5.0,6.06,6.0,5.0,6.06,5.0,6.06,6.0,6.0,5.0,6.06,4.5,5.5,5.0,6.5,5.5,6.0,6.06,6.0,6.5,5.0,5.5,6.06,6.1648197,MD,Liga
Olasagasti Jon Ander,6.0,6.0,6.0,6.0,6.0,6.0,6.0,6.0,6.0,6.0,6.0,6.0,6.0,6.0,6.0,6.0,6.0,6.0,6.0,6.0,6.0,6.0,6.0,6.0,6.0,6.0,6.0,6.0,6.0,6.0,6.0,6.0,6.0,6.0,6.0,6.0,6.0,6.0,6.0,6.0,6.029889,MD,Liga
Merino Mikel,5.97,5.73,7.5,4.0,5.5,6.0,6.0,6.5,5.5,7.0,5.5,7.0,5.0,4.5,5.0,7.0,5.97,6.5,7.0,5.97,7.0,5.97,5.97,6.0,6.0,4.5,5.97,3.5,6.0,5.5,6.0,6.0,5.0,5.0,6.0,6.0,6.0,5.0,4.5,5.5,5.8890066,MD,Liga
Busquets Sergio,5.87,5.82,5.0,5.87,6.5,7.0,7.5,5.87,5.5,6.0,5.5,5.0,6.0,5.5,6.5,5.0,5.5,6.0,5.87,5.5,5.87,5.5,6.0,5.0,4.5,6.0,6.5,5.87,5.87,7.0,6.5,6.0,4.5,6.5,6.0,6.5,5.87,5.5,4.5,5.87,5.880092,MD,Liga
Camavinga Eduardo,5.56,5.66,6.0,6.0,5.5,5.5,5.0,5.0,6.0,5.5,5.0,5.0,5.0,5.5,6.0,5.0,6.0,5.5,5.56,7.0,4.5,5.56,5.56,5.56,5.56,5.56,5.0,7.5,5.0,4.5,5.56,6.0,5.0,6.0,8.0,5.0,7.0,5.56,6.0,5.56,5.7680936,MD,Liga
Robertone Lucas,5.76,5.76,5.0,6.5,6.0,5.0,5.5,5.0,4.0,7.0,5.0,6.0,6.0,7.0,5.5,6.0,5.5,5.0,8.0,5.76,5.76,5.76,5.76,5.76,5.76,5.76,5.76,5.76,5.76,5.76,5.76,5.76,5.76,5.76,5.76,5.76,5.76,5.76,5.76,5.76,5.737948,MD,Liga
López David,5.68,5.45,5.0,4.5,6.5,5.0,5.68,5.68,5.68,5.68,5.68,5.68,7.0,5.5,7.5,5.5,5.0,5.0,6.0,5.68,5.68,5.0,4.0,5.0,5.68,5.68,5.68,5.68,5.68,5.68,5.68,5.0,5.68,5.68,5.0,5.68,5.0,6.0,6.0,5.68,5.7276945,MD,Liga
Kondogbia Geoffrey,5.67,5.62,5.67,5.67,6.0,5.0,6.5,4.5,5.0,5.0,7.5,6.0,6.0,4.5,5.5,5.67,6.0,5.0,6.5,6.0,6.0,5.0,5.67,5.67,5.0,5.0,7.5,5.67,5.67,5.5,5.5,5.0,5.0,5.67,4.5,6.0,6.0,5.0,5.0,7.5,5.674151,MD,Liga
William Carvalho,5.41,5.34,6.5,5.5,6.0,5.41,7.0,4.5,4.5,5.5,7.0,5.0,4.0,5.0,5.5,4.5,5.5,5.5,5.41,5.0,4.5,5.0,6.5,5.41,8.0,5.5,4.0,4.0,5.0,5.0,6.0,5.41,4.5,5.0,5.41,4.5,6.5,6.0,4.5,5.41,5.6430225,MD,Liga
Zubimendi Martín,5.44,5.43,6.5,3.0,7.0,4.5,4.5,5.5,8.0,6.5,4.5,5.0,4.5,4.5,5.0,5.0,6.5,6.5,5.5,5.44,4.5,5.44,5.44,5.0,6.0,4.0,5.44,5.0,6.0,6.0,6.0,5.5,5.5,4.5,5.5,6.0,6.0,6.0,5.5,5.0,5.616108,MD,Liga
Llorente Marcos,5.54,5.38,5.5,5.0,5.5,6.0,5.54,4.5,7.5,5.54,5.54,5.54,5.54,5.54,5.0,5.0,6.0,6.0,5.5,5.0,5.0,5.0,5.54,5.54,5.0,6.0,5.5,7.5,4.0,6.0,5.0,5.0,5.0,4.5,4.5,6.0,5.54,5.0,5.0,5.54,5.615781,MD,Liga
Illarramendi Asier,5.65,5.34,5.0,5.65,4.5,5.65,5.65,5.65,5.65,5.65,7.0,5.0,5.5,5.65,6.0,5.65,5.0,6.5,5.0,7.0,5.65,5.65,5.65,5.65,5.65,5.65,5.65,5.0,5.0,5.65,5.65,5.65,5.65,5.65,5.0,5.0,5.65,4.5,4.5,5.65,5.5319085,MD,Liga
Gudelj Nemanja,5.59,5.48,5.5,5.59,5.59,5.0,6.0,5.5,4.5,6.5,7.0,6.0,3.5,5.0,7.5,5.0,5.5,6.0,5.0,6.0,5.5,5.59,5.0,5.59,5.59,5.59,5.5,5.59,5.5,6.0,5.0,5.0,4.5,5.59,5.59,5.5,5.5,5.0,5.59,6.0,5.511491,MD,Liga
Darder Sergi,5.67,5.5,5.0,6.0,4.0,7.0,5.0,6.5,7.0,5.0,6.5,4.5,4.5,6.0,7.0,5.0,5.5,6.0,6.0,5.5,5.67,7.5,3.5,5.5,7.0,6.0,3.0,5.5,7.0,7.0,5.0,6.5,5.0,4.5,3.0,5.0,5.5,3.5,6.0,5.67,5.5053835,MD,Liga
Capoue Etienne,5.54,5.69,6.0,6.0,5.5,7.0,6.0,4.5,5.0,5.0,5.54,5.54,5.54,5.54,4.5,6.0,6.0,5.54,4.5,6.0,5.5,5.0,5.54,7.5,5.54,5.54,7.0,6.0,5.54,4.5,5.0,5.54,5.5,7.0,4.5,5.5,7.0,5.5,6.0,5.54,5.505053,MD,Liga
Vesga Mikel,5.18,5.04,5.0,5.5,7.0,4.5,5.0,5.18,7.0,6.0,4.5,5.0,3.5,6.5,5.0,6.0,4.5,5.0,4.0,4.0,5.0,5.18,5.0,4.5,4.0,6.0,4.0,7.0,4.5,4.5,5.5,4.0,3.5,6.0,7.0,5.5,3.5,5.18,4.0,5.0,5.448598,MD,Liga
Herrera Yangel,5.29,5.14,5.0,6.5,4.5,5.29,5.29,5.29,4.5,5.0,6.0,4.5,5.5,4.5,5.5,5.0,5.29,6.0,6.5,5.0,5.29,5.29,5.29,4.0,5.0,5.0,4.0,6.0,7.0,6.5,6.0,5.5,5.29,5.5,2.5,4.0,3.5,5.29,5.5,5.29,5.3916674,MD,Liga
Witsel Axel,5.34,5.34,5.5,4.0,6.5,5.5,6.0,4.0,7.0,5.0,5.0,6.0,6.0,4.0,4.5,5.5,5.34,5.34,5.5,5.5,5.34,5.34,5.34,5.34,5.34,5.34,5.34,5.34,5.34,5.34,5.34,5.34,5.34,5.34,5.34,5.34,5.34,5.34,5.34,5.34,5.3530517,MD,Liga
Valentín Óscar,5.28,5.2,5.5,5.0,6.0,4.5,5.0,4.5,6.0,4.5,6.5,4.5,6.5,5.5,6.0,5.5,5.28,4.0,5.0,5.28,5.0,6.0,5.28,4.5,4.0,5.5,5.0,4.5,5.5,5.5,6.0,7.0,5.0,6.0,5.5,4.0,3.0,5.5,4.5,5.5,5.337584,MD,Liga
Vinicius Souza,5.38,5.38,5.0,6.0,5.0,6.0,5.5,4.5,5.5,5.0,6.0,4.5,5.0,5.0,7.0,5.0,4.0,5.38,6.5,6.0,5.38,5.38,5.38,5.38,5.38,5.38,5.38,5.38,5.38,5.38,5.38,5.38,5.38,5.38,5.38,5.38,5.38,5.38,5.38,5.38,5.3346295,MD,Liga
Mesa Roque,5.33,5.33,4.5,6.0,5.0,6.0,5.0,5.0,6.0,5.5,4.0,7.0,5.33,3.5,7.5,5.33,5.0,5.0,5.33,5.0,5.33,5.33,5.33,5.33,5.33,5.33,5.33,5.33,5.33,5.33,5.33,5.33,5.33,5.33,5.33,5.33,5.33,5.33,5.33,5.33,5.333666,MD,Liga
Rakitic Ivan,5.29,5.52,5.0,5.0,5.29,4.5,5.0,5.29,6.0,5.29,5.0,5.0,5.0,4.5,5.5,4.0,5.29,6.0,6.0,7.5,5.0,6.5,4.5,5.29,6.0,5.5,7.0,5.29,4.5,5.5,5.0,7.0,7.0,7.0,5.5,5.0,5.0,5.0,5.0,6.5,5.3068953,MD,Liga
Dani García,5.15,5.0,5.15,5.15,4.5,5.15,5.5,5.5,6.5,5.0,5.0,5.0,4.5,5.15,5.15,5.15,5.5,5.15,4.5,5.15,5.5,5.15,6.0,4.0,4.0,7.5,4.5,5.15,5.15,5.15,5.15,4.5,5.15,5.0,5.5,4.0,3.0,5.5,4.5,5.0,5.2596717,MD,Liga
Akouokou Paul,5.25,5.23,5.5,5.0,5.25,5.25,5.25,5.0,5.5,5.25,5.25,5.25,5.25,5.5,5.25,5.0,5.25,5.25,5.25,5.25,5.25,5.25,5.25,5.25,5.25,5.25,4.5,4.5,6.0,5.5,5.25,5.25,5.25,5.5,5.25,5.25,5.25,5.25,5.25,5.25,5.2412558,MD,Liga
Tchouaméni Aurélien,5.71,6.02,5.5,7.0,6.5,6.5,5.71,7.0,4.5,6.0,5.0,5.5,5.5,5.71,5.0,6.0,5.0,5.0,5.71,5.71,6.5,8.0,8.0,7.5,6.0,3.0,5.71,7.0,5.5,7.0,5.5,5.0,6.5,6.0,5.0,5.71,8.0,6.0,6.0,5.71,5.23123,MD,Liga
Guillamón Hugo,5.07,5.0,5.5,4.5,4.5,8.0,4.5,6.5,4.0,4.5,5.07,5.0,4.5,3.5,5.0,7.0,4.5,4.5,5.07,5.07,4.5,5.0,5.0,5.5,4.5,3.5,5.07,4.5,5.0,6.0,6.0,5.5,5.0,5.07,5.5,3.5,5.07,5.07,5.07,5.07,5.2020426,MD,Liga
Cruz Juan,5.2,5.2,5.2,5.2,5.2,5.2,5.2,5.2,5.2,5.2,5.0,5.0,4.5,6.0,5.2,5.5,5.2,5.2,5.2,5.2,5.2,5.2,5.2,5.2,5.2,5.2,5.2,5.2,5.2,5.2,5.2,5.2,5.2,5.2,5.2,5.2,5.2,5.2,5.2,5.2,5.2016134,MD,Liga
Eguaras Íñigo,5.23,5.23,7.0,6.0,4.5,5.23,4.5,5.23,5.0,5.5,4.5,5.23,5.0,6.0,5.0,5.5,4.5,5.23,5.0,5.23,5.23,5.23,5.23,5.23,5.23,5.23,5.23,5.23,5.23,5.23,5.23,5.23,5.23,5.23,5.23,5.23,5.23,5.23,5.23,5.23,5.19866,MD,Liga
Gumbau Gerard,5.03,4.97,4.0,5.0,5.0,4.5,3.5,4.5,5.5,6.0,5.03,5.0,6.0,5.0,4.5,5.5,5.03,6.0,5.5,5.0,4.5,6.0,5.5,5.0,4.5,5.03,3.5,5.03,5.0,4.0,6.0,4.0,5.0,6.0,6.0,3.5,4.0,4.5,6.0,5.5,5.1952744,MD,Liga
Nico González Nicolás,5.23,5.15,5.0,5.0,5.0,8.0,4.0,5.0,5.0,5.23,5.0,5.0,3.5,5.23,5.5,6.5,5.5,5.23,5.23,5.23,5.23,5.5,5.5,5.0,5.0,4.5,5.0,5.23,5.23,4.5,5.0,5.0,5.23,5.23,5.23,5.23,5.23,5.23,5.23,5.5,5.189091,MD,Liga
Ñíguez Saúl,5.18,5.14,6.0,5.18,5.0,5.0,5.0,4.5,6.5,4.5,5.0,5.0,6.0,5.5,5.18,5.18,5.0,5.18,4.5,5.0,5.18,5.18,5.18,5.0,5.18,5.18,5.18,5.18,5.5,5.18,5.18,5.18,5.18,5.18,5.18,5.18,4.5,5.18,5.0,5.18,5.17082,MD,Liga
Jordán Joan,5.21,5.12,5.21,5.0,4.5,4.5,5.5,4.5,5.21,5.0,5.21,5.21,5.0,5.0,5.5,5.0,5.5,6.0,6.0,6.0,5.5,5.0,5.0,5.21,5.0,5.0,5.0,5.21,5.21,4.5,5.5,5.0,5.0,5.0,4.0,5.5,5.0,5.21,5.5,5.0,5.1593275,MD,Liga
Alcaraz Rubén,5.07,5.3,5.07,5.07,5.07,5.07,4.5,5.5,5.0,5.5,5.0,5.0,4.0,5.0,5.0,4.5,5.5,7.0,4.5,5.0,5.07,5.07,5.5,7.0,5.0,6.0,6.0,7.0,5.5,5.5,5.5,4.0,5.07,4.5,5.07,5.07,5.0,5.5,5.5,5.07,5.130955,MD,Liga
de la Hoz César,5.15,5.15,5.15,5.15,5.0,4.5,5.15,5.15,5.15,5.0,5.0,5.5,4.5,7.0,5.15,5.0,5.5,4.5,5.15,5.15,5.15,5.15,5.15,5.15,5.15,5.15,5.15,5.15,5.15,5.15,5.15,5.15,5.15,5.15,5.15,5.15,5.15,5.15,5.15,5.15,5.1177545,MD,Liga
Herrera Ander,5.14,5.21,5.14,5.14,5.14,5.14,5.14,5.0,5.0,4.5,5.14,6.0,4.5,5.14,5.14,6.0,5.14,5.14,5.14,5.0,5.0,6.0,5.0,5.14,5.14,5.14,5.14,5.14,5.14,5.14,5.14,5.14,5.14,5.14,5.14,5.14,5.14,5.5,5.0,5.14,5.114107,MD,Liga
Ciss Pathé,5.19,5.12,6.5,7.5,4.5,4.0,5.0,4.5,5.0,4.5,5.19,5.5,4.5,5.5,5.0,5.0,5.5,5.19,5.0,5.5,5.0,5.5,5.5,5.0,4.5,5.0,5.0,5.0,5.0,5.5,5.0,4.0,5.19,5.0,4.5,5.5,5.19,5.5,5.5,5.19,5.113259,MD,Liga
Monchu,5.07,5.07,4.0,5.0,4.0,6.0,6.0,6.0,5.07,5.0,5.0,5.07,6.5,4.0,5.0,4.5,5.5,5.0,4.5,5.07,5.07,5.07,5.07,5.07,5.07,5.07,5.07,5.07,5.07,5.07,5.07,5.07,5.07,5.07,5.07,5.07,5.07,5.07,5.07,5.07,5.10283,MD,Liga
Fran Beltrán,5.03,5.29,4.5,5.0,6.0,6.0,4.0,4.0,6.0,5.5,4.5,4.0,5.5,5.0,4.5,5.0,5.0,6.0,5.5,4.5,5.0,5.5,5.5,6.5,6.0,5.5,5.0,5.03,5.5,5.5,5.0,6.0,7.0,5.0,4.5,7.0,5.0,5.0,5.03,5.03,5.101625,MD,Liga
Coquelin Francis,5.12,5.15,5.5,5.0,4.5,6.5,5.0,5.5,4.5,4.5,5.12,5.12,5.0,5.5,5.12,5.0,5.12,5.0,5.0,5.12,5.12,5.12,5.12,5.12,5.12,5.12,5.12,4.5,5.0,5.0,5.0,5.0,5.12,5.12,5.12,5.5,5.12,6.5,5.12,5.12,5.101431,MD,Liga
Villar Gonzalo,5.25,4.87,5.25,5.25,5.25,5.25,5.25,5.25,5.25,5.25,5.25,5.25,5.25,5.25,5.25,5.25,5.25,5.25,5.0,5.5,5.25,5.25,5.25,5.25,5.0,5.25,5.25,5.0,5.5,5.0,6.0,4.5,4.5,5.25,5.25,5.0,5.25,5.0,5.0,5.25,5.092545,MD,Liga
Ilaix Moriba,5.25,5.0,5.25,5.25,5.25,3.5,5.25,6.5,5.5,5.5,5.0,6.0,5.25,5.25,5.25,5.25,5.0,5.0,5.25,5.25,5.25,5.25,5.25,5.0,4.0,3.0,5.25,5.25,5.0,5.5,4.5,4.0,5.0,5.0,5.25,5.0,5.0,5.0,7.0,5.25,5.083872,MD,Liga
Romeu Oriol,5.14,5.33,5.14,5.14,5.14,5.0,6.5,5.5,5.0,4.0,5.0,4.5,5.0,5.5,5.5,5.5,6.0,5.14,5.0,4.0,5.14,5.0,6.5,6.0,5.5,6.5,7.5,7.0,3.5,4.0,4.0,6.0,3.0,6.0,5.5,7.0,5.0,4.5,4.5,6.0,5.0735636,MD,Liga
Torró Lucas,5.32,5.34,5.5,5.5,4.5,5.5,6.0,5.0,5.5,5.0,4.5,6.0,5.0,6.0,5.5,4.5,4.5,6.0,6.0,5.32,6.5,4.5,6.5,5.32,6.0,5.5,5.32,5.5,5.32,6.5,4.0,6.0,6.0,5.32,5.0,5.0,4.5,5.32,4.5,4.5,5.0689554,MD,Liga
Arambarri Mauro,5.08,5.1,5.0,5.0,5.5,3.0,5.08,6.0,6.0,5.08,5.08,5.08,5.08,5.08,5.08,5.08,5.08,5.08,5.08,5.08,5.08,6.0,5.0,7.5,4.5,6.0,5.0,5.08,4.5,5.08,4.0,5.08,5.0,5.5,5.5,4.5,4.5,5.5,3.5,5.08,5.066197,MD,Liga
Brasanac Darko,5.19,5.06,5.0,5.5,5.19,6.0,6.0,5.0,5.5,6.0,5.0,4.5,5.0,5.19,4.5,4.5,5.0,5.0,5.0,5.5,5.0,4.5,6.0,5.19,6.5,3.0,5.19,5.0,5.19,7.0,4.0,5.19,5.0,3.5,5.0,4.0,5.0,5.5,5.0,5.19,5.0625353,MD,Liga
Samú Costa,5.0,5.0,5.0,5.5,5.0,4.0,6.0,5.5,4.0,5.0,5.0,5.0,5.0,5.0,3.5,5.0,4.5,5.0,7.0,5.0,5.0,5.0,5.0,5.0,5.0,5.0,5.0,5.0,5.0,5.0,5.0,5.0,5.0,5.0,5.0,5.0,5.0,5.0,5.0,5.0,5.0488834,MD,Liga
Guevara Ander,5.1,5.2,5.1,5.1,5.1,5.1,5.1,5.1,4.5,5.1,5.1,5.0,5.1,5.1,5.0,5.5,5.1,5.5,5.1,5.1,6.0,5.1,5.0,5.1,5.1,5.1,5.1,5.1,5.1,5.1,5.1,5.1,5.1,5.0,5.0,5.1,5.1,5.1,5.1,5.5,5.030781,MD,Liga
Kessie Franck,5.06,5.35,5.0,4.5,5.0,5.06,5.06,5.0,5.0,5.06,5.0,5.06,5.5,5.06,5.06,5.06,5.06,5.0,5.06,5.5,5.06,5.06,5.06,5.06,5.0,5.0,5.5,5.0,5.5,5.5,4.5,5.0,5.0,6.0,6.0,6.0,5.5,6.0,7.5,5.06,5.025728,MD,Liga
Barrios Pablo,5.0,5.0,5.0,5.0,5.0,5.0,5.0,5.0,5.0,5.0,5.0,5.0,5.0,4.5,5.0,5.0,6.0,5.0,4.5,5.0,5.0,5.0,5.0,5.0,5.0,5.0,5.0,5.0,5.0,5.0,5.0,5.0,5.0,5.0,5.0,5.0,5.0,5.0,5.0,5.0,5.0124807,MD,Liga
Fernando,5.05,5.12,6.0,4.5,6.0,4.5,6.0,5.0,5.05,5.05,5.05,5.05,5.05,5.05,5.05,5.05,5.5,4.5,3.5,5.0,5.5,5.5,4.5,5.05,5.0,6.0,5.5,5.05,5.05,5.05,5.05,5.05,5.05,5.05,5.05,5.05,5.05,5.05,5.05,4.5,5.004772,MD,Liga
Martínez Roger,5.0,5.0,5.0,5.0,5.0,5.0,5.0,5.0,5.0,5.0,5.0,5.0,5.0,5.0,5.0,5.0,5.0,5.0,5.0,5.0,5.0,5.0,5.0,5.0,5.0,5.0,5.0,5.0,5.0,5.0,5.0,5.0,5.0,5.0,5.0,5.0,5.0,5.0,5.0,5.0,5.003771,MD,Liga
Swedberg Williot,5.0,5.0,5.0,5.0,5.0,5.0,5.0,5.0,5.0,5.0,5.0,5.0,5.0,5.0,5.0,5.0,5.0,5.0,5.0,5.0,5.0,5.0,5.0,5.0,5.0,5.0,5.0,5.0,5.0,5.0,5.0,5.0,5.0,5.0,5.0,5.0,5.0,5.0,5.0,5.0,5.003771,MD,Liga
Fran Pérez Francisco,5.0,5.0,5.0,5.0,5.0,5.0,5.0,5.0,5.0,5.0,5.0,5.0,5.0,5.0,5.0,5.0,5.0,5.0,5.0,5.0,5.0,5.0,5.0,5.0,5.0,5.0,5.0,5.0,5.0,5.0,5.0,5.0,5.0,5.0,5.0,5.0,5.0,5.0,5.0,5.0,5.003771,MD,Liga
Raúl Guti,4.93,4.97,4.93,4.93,5.0,4.0,5.0,5.5,5.0,5.0,5.5,5.0,5.0,4.93,5.0,5.0,4.5,4.5,4.93,5.0,5.0,4.93,6.0,5.0,4.93,5.0,4.5,4.93,4.93,4.5,4.5,4.5,5.5,6.0,5.0,4.0,5.0,5.0,5.5,4.93,4.998463,MD,Liga
Turrientes Beñat,5.0,5.0,5.0,5.5,5.0,5.0,4.5,5.0,5.0,5.0,5.0,5.0,5.0,5.0,5.0,5.0,5.0,5.0,5.0,5.0,5.0,5.0,5.0,5.0,5.0,5.0,5.0,5.0,5.0,5.0,5.0,5.0,5.0,5.0,5.0,5.0,5.0,5.0,5.0,5.0,4.9923954,MD,Liga
Sánchez Antonio,4.94,4.94,4.5,5.0,4.5,5.0,5.0,5.5,5.5,5.5,5.0,5.0,4.5,5.0,5.0,6.0,3.5,4.94,4.5,4.94,4.5,4.94,5.0,5.0,5.5,5.5,4.94,4.94,4.0,5.5,5.0,6.0,3.5,5.0,4.0,4.5,5.5,5.0,5.5,5.0,4.978173,MD,Liga
Melamed Nicolás,4.92,5.0,4.5,5.0,5.0,4.92,5.0,4.92,5.0,5.0,5.0,4.92,5.0,4.92,4.92,5.0,5.0,4.5,4.92,5.0,5.0,4.5,4.92,4.92,3.5,4.92,5.0,5.0,5.0,5.0,4.92,4.92,4.92,5.0,4.92,6.5,5.0,6.0,5.5,4.92,4.9739866,MD,Liga
José Mari,4.92,4.98,5.0,5.0,5.0,4.92,4.92,4.5,5.5,5.0,5.0,4.5,4.92,4.5,4.92,5.0,5.0,5.0,4.92,4.92,4.92,4.92,4.92,4.92,4.92,5.0,4.92,5.5,4.92,5.0,3.5,4.92,6.0,5.0,5.0,6.0,4.5,5.0,5.0,4.92,4.9662414,MD,Liga
Mascarell Omar,4.94,5.05,4.0,4.5,4.5,3.0,4.5,4.94,4.94,5.5,5.0,4.5,5.5,5.0,5.0,5.0,5.0,6.0,6.0,6.0,5.5,5.5,4.94,5.5,4.5,4.0,4.5,4.94,5.5,4.5,4.94,5.0,6.0,4.94,6.0,4.0,4.5,5.0,6.5,6.0,4.947276,MD,Liga
Battaglia Rodrigo,4.92,4.94,5.0,3.5,5.5,5.5,4.5,4.92,4.92,5.0,4.5,5.0,5.5,4.92,5.0,5.5,4.5,4.92,4.92,4.92,4.5,4.92,4.0,5.0,4.5,4.0,4.92,4.92,4.92,4.92,5.0,5.0,4.92,4.5,4.5,4.92,6.0,5.5,7.0,5.0,4.9471655,MD,Liga
Pablo Ibáñez Pablo,4.92,4.92,5.0,4.92,4.92,5.0,5.0,4.92,4.92,4.92,4.92,4.92,5.0,4.92,4.92,4.92,4.92,5.0,4.92,4.5,4.92,4.92,4.92,4.92,4.92,4.92,4.92,4.92,4.92,4.92,4.92,4.92,4.92,4.92,4.92,4.92,4.92,4.92,4.92,4.92,4.940591,MD,Liga
Delaney Thomas,4.88,5.16,5.0,4.88,5.5,5.0,4.88,4.88,4.5,4.5,4.88,4.5,5.0,4.88,4.88,5.0,4.88,4.88,4.88,4.88,4.88,4.88,4.88,4.88,5.5,5.5,5.5,4.88,6.0,5.5,4.88,4.88,4.88,5.0,4.5,5.0,5.0,5.5,6.0,4.88,4.939889,MD,Liga
Seoane Jaime,4.95,4.95,5.0,4.5,5.0,4.5,5.5,5.0,5.0,5.0,4.95,4.95,4.5,4.95,4.95,4.95,5.0,4.95,4.95,5.5,4.95,4.95,4.95,4.95,4.95,4.95,4.95,4.95,4.95,4.95,4.95,4.95,4.95,4.95,4.95,4.95,4.95,4.95,4.95,4.95,4.932452,MD,Liga
Terrats Ramón,4.88,4.88,5.0,4.5,4.5,4.88,4.88,4.88,4.88,5.0,4.88,4.88,4.88,4.88,5.0,5.0,4.88,5.0,5.0,4.88,4.88,4.88,4.88,4.88,4.88,4.88,4.88,4.88,4.88,4.88,4.88,4.88,4.88,4.88,4.88,4.88,4.88,4.88,4.88,4.88,4.921209,MD,Liga
Guardado Andrés,5.14,5.11,5.14,5.14,5.0,5.0,4.5,5.14,5.14,5.14,5.0,5.0,5.0,6.0,4.5,5.14,6.0,5.0,5.14,5.5,5.5,7.0,5.5,4.0,5.0,5.14,5.14,5.0,5.14,5.14,5.0,5.0,5.14,4.5,5.14,5.0,5.14,4.5,5.0,5.14,4.9198956,MD,Liga
Baba Iddrisu,5.13,4.87,5.0,5.0,5.13,5.13,5.0,5.5,5.5,4.5,4.0,5.13,5.5,5.0,6.5,5.0,4.5,5.5,5.0,5.5,5.13,5.13,5.13,5.13,5.13,5.13,5.13,5.13,4.0,5.5,4.5,5.5,4.0,4.5,5.13,3.0,5.13,5.13,5.13,4.0,4.9028096,MD,Liga
Tapia Renato,4.89,4.87,5.5,3.5,6.0,5.5,5.5,3.5,5.0,4.89,4.89,4.5,5.0,4.0,4.89,6.0,4.89,5.0,5.0,4.5,4.89,5.0,5.0,4.5,5.0,4.5,4.89,4.89,5.0,4.5,5.0,4.89,4.5,4.89,4.5,5.0,5.5,5.0,4.89,4.89,4.887359,MD,Liga
Malsa Mickaël,4.8,5.03,4.8,4.8,4.8,4.8,4.8,4.5,4.5,4.8,4.8,5.0,5.0,4.8,4.8,4.8,4.8,4.8,5.0,4.8,5.0,5.5,5.0,5.0,4.0,5.0,6.0,5.0,4.8,4.5,5.0,4.8,6.0,4.8,4.8,5.0,4.8,5.5,4.8,4.8,4.8166437,MD,Liga
Maksimovic Nemanja,5.17,5.3,5.0,5.0,5.0,4.5,5.5,5.5,5.17,5.17,5.5,5.0,5.0,5.5,5.5,5.0,5.17,5.17,5.17,5.17,6.0,8.0,5.0,7.0,5.5,5.17,4.5,4.0,5.0,5.17,5.0,5.0,4.5,5.17,5.5,5.5,6.0,5.5,4.5,5.17,4.8084755,MD,Liga
Puigmal Arnau,4.83,4.83,4.5,4.5,4.83,4.83,5.0,5.0,4.0,4.83,4.83,4.83,5.5,4.83,5.0,4.83,5.0,4.83,5.0,4.83,4.83,4.83,4.83,4.83,4.83,4.83,4.83,4.83,4.83,4.83,4.83,4.83,4.83,4.83,4.83,4.83,4.83,4.83,4.83,4.83,4.8059297,MD,Liga
Moncayola Jon,5.06,5.25,6.0,5.5,4.5,5.0,5.0,4.5,5.5,4.5,4.5,5.0,6.0,5.0,5.0,4.5,5.0,5.0,5.0,5.5,6.5,5.0,6.0,5.06,7.5,3.5,5.06,4.5,5.06,6.0,4.5,6.5,6.0,4.5,5.5,6.0,5.0,4.5,5.06,6.0,4.789885,MD,Liga
Lozano Pol,4.75,4.75,4.75,4.75,4.75,4.75,4.75,4.5,4.5,5.0,4.75,4.75,4.75,4.75,5.0,4.75,4.75,4.75,4.75,4.75,4.75,4.75,4.75,4.75,4.75,4.75,4.75,4.75,4.75,4.75,4.75,4.75,4.75,4.75,4.75,4.75,4.75,4.75,4.75,4.75,4.748452,MD,Liga
Fede San Emeterio,4.63,4.79,4.63,5.0,4.0,4.0,3.0,5.0,5.0,4.5,4.5,5.0,3.5,5.0,5.0,5.0,5.0,5.0,5.5,4.63,4.63,5.0,6.0,4.63,4.63,5.5,5.5,6.0,4.0,5.5,4.5,4.5,5.0,3.5,5.0,4.63,4.63,4.63,4.63,4.63,4.6937923,MD,Liga
Vencedor Unai,4.58,4.66,4.58,4.5,4.58,4.5,4.58,4.58,4.58,4.58,4.58,4.58,5.0,5.0,4.5,4.0,4.58,4.58,4.58,4.58,4.5,4.58,4.58,4.58,4.58,5.0,3.0,6.0,4.5,4.0,5.0,5.0,4.0,4.0,5.0,4.5,5.0,6.0,4.5,5.0,4.6755967,MD,Liga
Blanco Antonio,4.67,4.67,4.67,4.67,4.5,4.0,4.67,4.67,4.67,4.67,4.67,4.67,5.5,4.67,4.67,4.67,4.67,4.67,4.67,4.67,4.67,4.67,4.67,4.67,4.67,4.67,4.67,4.67,4.67,4.67,4.67,4.67,4.67,4.67,4.67,4.67,4.67,4.67,4.67,4.67,4.6736755,MD,Liga
John Donald,4.0,4.7,3.5,4.0,4.0,4.0,5.0,3.5,4.0,4.0,4.0,4.0,4.0,4.0,4.0,4.0,4.0,4.0,4.0,4.0,4.0,4.0,4.0,4.0,4.0,4.0,4.0,4.0,4.0,4.0,4.0,4.0,4.0,4.0,4.0,4.0,4.0,5.5,6.0,4.0,4.2757235,MD,Liga
Manu Morlanes Manuel,4.0,4.53,4.0,4.0,4.0,4.0,4.0,4.0,4.0,4.0,5.0,5.0,4.0,4.0,4.0,5.0,4.0,4.0,5.0,4.0,4.0,7.0,3.5,5.0,3.5,4.0,4.0,4.0,4.0,5.5,4.0,4.0,5.0,5.0,5.0,4.5,4.0,4.0,4.0,4.0,0.89308214,MD,Liga
