Joueur,Note,Note 1 an,j1,j2,j3,j4,j5,j6,j7,j8,j9,j10,j11,j12,j13,j14,j15,j16,j17,j18,j20,j21,j22,j23,j24,j25,j26,j27,j28,j29,j30,j31,j32,j33,j34,j35,j36,j37,j38,j19,prediction_label,Poste,Championnat,Terrain
Cornette Quentin,5.47,5.45,5.0,5.47,5.47,5.0,5.0,6.5,5.0,5.0,6.5,5.0,7.5,5.5,5.0,5.47,5.0,3.0,5.47,5.0,4.5,6.5,5.5,5.5,5.0,5.47,7.0,7.5,5.5,4.0,7.5,4.5,5.47,6.0,5.5,4.5,5.0,4.5,4.0,8.0,7.7109303,MO,Ligue 2,M
Jallow Ablie,5.83,5.83,7.0,5.0,7.5,5.5,5.0,5.0,5.0,7.0,5.0,6.5,5.0,5.5,4.5,6.5,5.5,5.0,5.83,7.0,5.83,5.83,5.83,5.83,5.83,5.83,5.83,5.83,5.83,5.83,5.83,5.83,5.83,5.83,5.83,5.83,5.83,5.83,5.83,7.5,7.13187,MO,Ligue 2,M
Kashi Ahmed,5.47,5.47,6.0,5.0,5.0,5.0,5.0,6.0,5.5,5.47,5.47,4.5,8.0,5.0,5.0,5.0,5.0,5.0,5.0,5.5,5.47,5.47,5.47,5.47,5.47,5.47,5.47,5.47,5.47,5.47,5.47,5.47,5.47,5.47,5.47,5.47,5.47,5.47,5.47,7.5,7.002533,MD,Ligue 2,M
Brahimi Bilal,5.24,5.23,5.24,5.5,5.0,5.5,5.5,5.0,5.0,6.0,5.5,5.0,4.5,4.0,5.0,5.24,4.5,5.5,5.0,5.0,5.0,5.24,6.0,5.24,5.24,5.24,6.5,5.0,6.0,5.0,5.0,5.5,4.5,3.0,4.5,5.5,6.0,5.0,6.0,7.5,6.986536,MO,Ligue 2,M
Doumbia Moussa,5.81,5.59,5.0,4.0,5.0,7.5,6.5,6.5,7.0,8.0,5.5,4.5,7.0,5.5,4.5,6.0,5.81,5.5,5.5,4.0,5.81,5.81,5.81,5.81,5.81,5.81,5.0,5.81,5.81,5.0,5.81,3.5,5.0,5.81,5.81,5.81,5.81,5.81,5.81,7.0,6.8699737,MO,Ligue 2,M
Berthomier Jason,5.41,5.08,5.41,5.41,5.41,5.41,5.41,5.41,5.41,6.0,5.5,5.5,5.0,5.5,5.0,6.0,4.0,5.41,4.5,5.5,5.41,3.5,5.5,5.0,5.5,6.0,5.0,4.5,4.5,4.0,5.0,3.5,5.41,5.41,5.41,5.41,5.41,5.41,5.41,7.0,6.7915606,MO,Ligue 2,M
Bobichon Antonin,6.0,5.22,6.0,6.0,6.0,6.0,6.0,6.0,6.0,6.0,6.0,6.0,6.0,6.0,6.0,6.0,6.0,6.0,6.0,5.0,6.0,6.0,5.5,5.5,6.0,6.0,5.0,5.5,4.5,6.0,6.0,5.0,4.5,5.0,6.5,4.5,5.0,7.0,6.0,7.0,6.468521,MO,Ligue 2,M
Lekhal Victor,6.17,5.85,5.0,6.0,5.0,8.0,6.0,6.0,7.0,7.0,6.0,6.17,7.0,5.5,6.0,6.0,6.5,5.5,6.0,6.5,5.0,4.5,6.17,6.17,5.5,4.0,7.0,6.17,4.5,4.5,6.17,6.17,6.0,5.5,7.5,5.5,5.0,6.17,6.17,6.0,6.3758607,MD,Ligue 2,M
Bambock Franck-Yves,5.31,5.36,5.0,5.0,5.0,5.5,5.5,6.0,5.31,4.5,5.5,4.5,5.5,4.5,6.0,6.5,5.0,4.0,5.5,5.5,5.0,5.5,5.5,6.0,4.5,4.5,5.31,6.0,5.0,5.31,5.5,5.0,4.5,7.0,6.0,6.0,4.5,6.0,5.5,6.5,6.3390613,MD,Ligue 2,M
Fransérgio,5.44,5.02,5.44,7.0,5.0,6.0,5.0,6.0,6.0,5.0,5.0,6.0,7.0,4.0,5.0,4.0,4.5,5.44,5.0,5.5,4.5,5.0,6.0,3.5,4.0,5.44,5.44,4.0,5.44,4.0,5.44,5.44,4.5,5.44,5.44,5.0,3.0,5.0,5.44,6.5,6.32666,MO,Ligue 2,M
Mauricio Tony,5.71,5.83,5.0,5.0,5.5,6.0,5.0,6.0,8.0,6.0,7.0,6.0,6.0,5.0,6.0,5.0,5.0,5.5,5.5,4.5,5.5,7.0,5.0,5.71,7.5,5.0,6.0,7.0,6.0,5.0,6.5,7.5,5.0,7.0,5.0,6.0,5.71,4.5,6.0,6.5,6.305466,MO,Ligue 2,M
M'Bock Hianga'a,5.63,5.36,5.63,5.63,5.63,5.63,5.63,5.63,5.0,6.0,5.63,5.63,5.63,5.63,5.63,6.5,5.5,5.0,4.5,6.0,5.63,5.0,4.5,5.0,5.63,5.63,5.63,5.63,5.63,5.63,5.63,5.63,5.63,5.63,5.5,5.63,5.63,5.63,5.63,6.5,6.297894,MD,Ligue 2,M
Jacob Valentin,5.54,5.38,5.54,5.54,5.54,6.0,5.5,5.5,4.5,6.0,5.5,5.5,5.0,5.5,5.54,4.5,5.0,6.5,6.0,5.54,4.5,6.5,5.5,4.0,5.54,5.54,5.54,5.54,5.0,6.0,4.5,6.0,6.0,3.5,4.5,6.0,6.0,6.0,4.5,6.5,6.276568,MO,Ligue 2,M
Maggiotti Julien,6.33,6.33,4.5,7.0,6.5,6.0,5.5,4.5,7.0,5.0,8.0,7.0,6.5,8.0,5.5,7.0,7.0,6.33,6.33,6.33,6.33,6.33,6.33,6.33,6.33,6.33,6.33,6.33,6.33,6.33,6.33,6.33,6.33,6.33,6.33,6.33,6.33,6.33,6.33,6.33,6.2329745,MD,Ligue 2,M
Jean Jacques Danley,5.5,5.5,7.0,5.0,5.5,5.5,5.0,6.5,7.0,3.5,5.5,5.5,5.5,5.5,5.0,4.5,4.5,5.0,5.5,6.5,5.5,5.5,5.5,5.5,5.5,5.5,5.5,5.5,5.5,5.5,5.5,5.5,5.5,5.5,5.5,5.5,5.5,5.5,5.5,6.5,6.2119317,MD,Ligue 2,M
Camara Idrissa,4.69,4.69,5.5,5.0,4.0,4.5,4.5,4.5,4.0,4.5,4.5,4.5,4.0,4.0,4.69,5.0,5.0,4.69,4.69,5.0,4.69,4.69,4.69,4.69,4.69,4.69,4.69,4.69,4.69,4.69,4.69,4.69,4.69,4.69,4.69,4.69,4.69,4.69,4.69,6.5,6.0960565,MO,Ligue 2,M
Deminguet Jessy,5.56,5.69,5.56,5.56,5.56,5.56,5.56,5.56,5.56,7.5,6.5,6.0,5.5,5.56,5.0,5.0,5.5,4.5,5.56,4.5,4.5,5.5,8.0,4.5,5.5,5.0,7.0,5.56,7.0,4.0,8.5,6.0,5.5,6.0,5.5,6.5,4.0,5.56,5.0,5.56,6.0475082,MO,Ligue 2,M
Daubin Quentin,5.38,5.32,6.5,6.0,5.5,6.5,4.5,5.0,5.5,5.5,5.38,4.0,6.0,2.5,6.0,5.0,5.5,5.38,5.5,5.38,7.0,6.0,3.5,5.5,6.0,5.0,4.0,5.38,5.0,5.38,5.0,7.0,4.0,4.5,4.5,6.5,5.0,5.5,5.5,6.5,6.000448,MD,Ligue 2,M
Kechta Yassine,5.53,5.53,5.0,4.5,6.5,7.0,5.5,5.5,4.5,5.5,5.0,5.5,6.0,5.0,5.5,5.53,5.5,5.5,6.0,5.5,5.53,5.53,5.53,5.53,5.53,5.53,5.53,5.53,5.53,5.53,5.53,5.53,5.53,5.53,5.53,5.53,5.53,5.53,5.53,6.0,5.940086,MD,Ligue 2,M
Maïga Habib,5.8,5.74,5.8,5.5,6.5,7.0,5.0,7.0,5.8,4.0,4.5,6.5,5.0,6.0,5.8,6.0,5.5,5.8,6.5,6.0,5.8,5.8,5.8,5.5,6.0,5.0,5.8,5.8,5.8,5.8,5.8,5.8,5.8,5.8,5.8,5.8,5.8,5.8,5.8,6.0,5.890467,MD,Ligue 2,M
Bouchouari Benjamin,5.0,5.0,5.0,5.0,5.0,4.0,5.5,6.5,4.5,6.0,4.5,5.0,5.0,4.0,5.0,5.5,4.5,3.5,5.5,5.0,5.0,5.0,5.0,5.0,5.0,5.0,5.0,5.0,5.0,5.0,5.0,5.0,5.0,5.0,5.0,5.0,5.0,5.0,5.0,6.0,5.887594,MD,Ligue 2,M
Pajot Vincent,5.36,5.32,5.36,5.36,5.36,6.0,5.0,7.0,5.0,5.5,4.0,5.0,7.0,4.5,5.36,4.0,5.0,6.0,5.0,5.36,4.5,6.0,4.0,6.0,4.5,5.5,5.5,5.36,5.36,5.36,5.36,5.0,5.5,5.5,4.5,6.0,7.5,5.36,4.0,6.0,5.883015,MD,Ligue 2,M
Ducrocq Tom,5.41,5.36,5.41,7.0,7.0,5.0,4.5,3.0,5.0,5.5,7.0,6.0,4.0,6.0,5.41,5.0,5.5,5.41,5.5,4.5,5.41,5.41,5.41,4.5,5.5,5.41,5.41,5.41,5.41,5.41,5.41,5.41,5.41,5.41,5.41,5.41,5.41,5.41,5.41,6.0,5.851917,MD,Ligue 2,M
Saivet Henri,5.81,5.81,5.81,5.0,5.0,5.0,6.0,7.0,8.0,6.0,5.5,4.5,6.5,6.5,5.5,6.5,6.0,5.5,4.5,5.81,5.81,5.81,5.81,5.81,5.81,5.81,5.81,5.81,5.81,5.81,5.81,5.81,5.81,5.81,5.81,5.81,5.81,5.81,5.81,5.81,5.842113,MO,Ligue 2,M
Nassi Walid,5.25,5.25,5.5,5.0,5.0,5.25,5.25,5.25,5.25,5.0,5.5,5.25,5.0,5.25,5.25,5.25,5.0,5.0,5.25,5.5,5.25,5.25,5.25,5.25,5.25,5.25,5.25,5.25,5.25,5.25,5.25,5.25,5.25,5.25,5.25,5.25,5.25,5.25,5.25,6.0,5.824657,MO,Ligue 2,M
Sanna Sam,5.35,5.12,5.0,5.5,6.0,5.35,5.35,5.35,5.35,5.35,5.35,5.0,5.0,8.0,5.0,5.0,6.5,3.0,4.0,5.5,5.0,5.35,5.35,5.0,5.0,5.0,5.35,4.5,4.5,4.5,5.35,5.35,5.35,5.35,5.35,5.35,5.35,5.35,4.5,6.0,5.8171782,MD,Ligue 2,M
Valério Antoine,5.11,5.0,5.0,4.5,5.5,6.0,6.0,5.11,5.0,5.0,4.5,4.5,4.5,5.11,5.0,5.11,5.0,5.11,5.11,5.0,5.0,5.0,5.5,5.11,4.5,4.5,4.5,5.11,5.0,5.5,5.11,5.11,5.11,4.0,5.11,5.0,5.11,5.11,5.11,6.0,5.8130417,MO,Ligue 2,M
Gaudin Jules,5.23,5.23,8.0,5.23,5.23,5.23,5.23,5.23,4.5,5.0,6.0,5.0,3.0,6.0,5.0,5.0,4.5,5.23,5.0,5.0,5.23,5.23,5.23,5.23,5.23,5.23,5.23,5.23,5.23,5.23,5.23,5.23,5.23,5.23,5.23,5.23,5.23,5.23,5.23,6.0,5.802701,MO,Ligue 2,M
Moueffek Aïmen,5.17,4.94,5.17,5.0,5.17,5.17,5.17,5.17,5.17,5.17,5.17,5.17,4.5,4.5,5.0,5.17,5.5,4.5,5.5,6.0,5.17,5.17,4.5,4.5,5.17,5.17,5.0,5.0,4.5,5.0,5.17,5.17,5.17,5.17,5.17,5.17,4.5,5.17,5.17,6.0,5.7979326,MD,Ligue 2,M
Masson Julien,5.43,5.17,7.0,5.0,5.0,5.5,5.43,6.0,5.0,4.5,5.43,5.43,5.43,5.43,5.43,5.43,5.43,5.43,5.43,5.43,5.0,3.0,5.0,5.43,5.5,5.0,5.0,5.5,4.5,4.0,7.0,5.43,5.0,4.5,5.5,5.0,5.5,6.0,5.0,5.43,5.7960024,MD,Ligue 2,M
Cafaro Mathieu,5.09,5.09,4.0,5.5,6.0,2.5,5.09,6.5,4.5,4.5,5.0,5.0,5.0,5.0,5.09,5.5,4.5,5.09,5.5,6.5,5.09,5.09,5.09,5.09,5.09,5.09,5.09,5.09,5.09,5.09,5.09,5.09,5.09,5.09,5.09,5.09,5.09,5.09,5.09,6.0,5.7806287,MO,Ligue 2,M
Pi Jessy,5.38,5.15,5.38,4.5,5.38,5.38,5.0,4.5,5.38,5.38,5.38,5.38,5.38,5.38,5.38,5.38,6.0,7.0,4.5,5.5,5.38,5.38,5.38,4.5,5.0,5.5,5.0,6.0,5.0,6.5,5.38,5.5,4.5,4.0,5.0,4.5,6.0,3.5,5.0,6.0,5.7542195,MD,Ligue 2,M
Maziz Youssef,6.18,6.18,6.0,6.18,6.18,6.18,7.0,8.0,5.5,6.0,5.5,6.18,6.18,6.18,6.18,6.18,7.0,5.0,5.5,7.0,6.18,6.18,6.18,6.18,6.18,6.18,6.18,6.18,6.18,6.18,6.18,6.18,6.18,6.18,6.18,6.18,6.18,6.18,6.18,5.5,5.7001266,MO,Ligue 2,M
Sbaï Amine,4.4,4.4,4.0,4.4,4.0,4.0,4.5,4.4,4.4,4.0,4.4,4.4,4.4,4.5,4.0,4.4,4.0,4.4,4.4,5.0,4.4,4.4,4.4,4.4,4.4,4.4,4.4,4.4,4.4,4.4,4.4,4.4,4.4,4.4,4.4,4.4,4.4,4.4,4.4,6.0,5.5778484,MO,Ligue 2,M
Roye Jimmy,5.17,5.17,6.5,4.5,6.0,5.0,4.5,6.0,4.0,5.17,5.5,4.5,3.0,6.5,5.5,7.0,7.0,3.5,4.0,4.5,5.17,5.17,5.17,5.17,5.17,5.17,5.17,5.17,5.17,5.17,5.17,5.17,5.17,5.17,5.17,5.17,5.17,5.17,5.17,5.5,5.5449123,MO,Ligue 2,M
Fomba Lamine,5.19,5.21,4.0,5.5,6.0,3.5,6.0,5.0,6.5,5.0,4.5,5.0,4.5,7.5,4.5,5.5,6.5,5.0,5.19,3.0,6.5,7.5,5.19,5.19,3.5,6.0,3.5,5.0,6.5,5.5,6.0,4.0,5.5,4.0,6.0,4.5,5.19,5.0,4.5,6.0,5.544539,MD,Ligue 2,M
Court Yoann,5.0,5.24,6.0,5.0,5.0,5.0,5.0,5.0,5.0,5.0,5.0,5.0,5.0,5.0,5.0,5.0,4.5,4.5,5.0,5.0,2.5,5.0,5.0,5.0,5.0,5.0,5.5,5.0,8.0,4.0,5.5,7.0,6.5,4.5,5.0,5.5,6.5,4.5,5.0,5.0,5.528851,MO,Ligue 2,M
Lobry Victor,5.35,5.19,4.5,6.0,6.5,3.5,5.0,5.35,5.35,5.0,6.0,7.0,6.0,4.5,6.0,4.5,4.0,4.5,7.0,5.0,8.0,5.5,5.0,4.5,5.35,6.0,5.0,5.5,4.5,5.35,5.0,5.0,5.0,4.0,4.5,5.0,4.0,5.0,4.0,6.0,5.520067,MD,Ligue 2,M
Thomasen Jens,5.58,5.58,5.5,7.0,5.5,5.58,5.58,5.58,5.58,5.58,5.0,5.5,3.5,8.0,5.0,6.0,5.0,5.5,5.5,5.58,5.58,5.58,5.58,5.58,5.58,5.58,5.58,5.58,5.58,5.58,5.58,5.58,5.58,5.58,5.58,5.58,5.58,5.58,5.58,5.58,5.506611,MD,Ligue 2,M
Ignatenko Danylo,5.78,5.62,5.0,7.5,6.0,6.0,5.0,5.78,6.0,5.0,6.0,6.0,6.0,7.0,6.0,6.0,5.0,4.5,5.5,6.0,5.78,5.78,5.78,3.5,5.78,5.0,4.5,5.78,5.0,5.5,5.5,5.5,5.78,5.5,5.5,5.78,5.78,6.0,7.5,5.5,5.491195,MD,Ligue 2,M
Pierret Balthazar,5.5,5.5,5.5,6.5,5.0,6.0,6.0,4.5,5.5,5.0,5.0,5.0,5.5,5.5,6.0,5.5,6.0,7.0,6.0,3.5,5.5,5.5,5.5,5.5,5.5,5.5,5.5,5.5,5.5,5.5,5.5,5.5,5.5,5.5,5.5,5.5,5.5,5.5,5.5,5.5,5.4877543,MD,Ligue 2,M
Ndong Didier,5.45,5.45,5.5,7.0,6.5,5.0,5.0,4.5,6.0,4.0,5.5,6.5,5.5,5.5,5.0,5.5,6.0,6.5,4.0,4.5,5.45,5.45,5.45,5.45,5.45,5.45,5.45,5.45,5.45,5.45,5.45,5.45,5.45,5.45,5.45,5.45,5.45,5.45,5.45,5.5,5.4587502,MD,Ligue 2,M
Zemzemi Moataz,5.25,5.24,6.0,3.5,4.5,6.5,4.5,4.5,5.0,5.25,5.0,6.0,5.5,4.0,6.0,5.5,7.0,5.0,5.5,5.0,6.0,5.25,4.5,5.0,4.5,4.5,5.0,4.5,5.25,4.0,6.5,5.5,5.0,5.5,5.5,5.0,5.25,7.5,5.0,5.5,5.4525547,MO,Ligue 2,M
Lasne Paul,5.25,5.26,5.0,5.0,4.5,5.25,5.0,5.25,4.5,6.0,5.25,5.25,5.25,5.25,5.25,5.25,5.0,6.0,6.0,5.5,4.0,5.0,5.25,5.25,6.0,4.5,5.0,5.0,5.25,5.25,5.5,5.0,5.25,6.0,5.25,6.5,5.5,6.0,4.5,5.25,5.4513264,MD,Ligue 2,M
Chambost Dylan,5.42,5.25,5.42,5.42,5.42,5.42,5.5,7.0,4.5,6.0,4.5,7.0,5.0,4.5,5.5,5.5,5.42,5.5,5.5,4.5,5.42,5.0,5.42,4.5,4.5,5.42,5.42,5.0,5.42,5.42,5.42,5.42,5.0,5.42,5.42,5.42,5.42,5.42,5.42,5.42,5.436565,MO,Ligue 2,M
Touray Saikou,5.07,5.07,5.07,5.0,4.5,5.0,4.5,5.07,4.5,5.07,7.0,5.5,5.0,5.07,5.0,7.0,4.5,4.0,4.0,5.07,5.07,5.07,5.07,5.07,5.07,5.07,5.07,5.07,5.07,5.07,5.07,5.07,5.07,5.07,5.07,5.07,5.07,5.07,5.07,5.5,5.429323,MD,Ligue 2,M
Sissokho Issouf,5.33,5.25,5.0,4.5,5.0,5.0,5.5,7.0,5.33,5.33,5.0,6.0,6.0,4.5,5.0,5.5,5.33,5.33,5.33,5.33,6.0,3.5,5.33,5.33,5.33,5.33,5.33,5.33,5.33,5.33,5.33,5.33,5.33,5.33,5.33,5.33,5.33,5.33,5.33,5.33,5.4147143,MO,Ligue 2,M
Gonçalves Anthony,4.79,4.8,5.0,5.5,5.0,4.0,4.0,4.0,4.79,5.0,5.5,4.79,4.5,5.0,5.0,6.0,6.5,3.0,3.0,5.0,4.0,4.5,5.0,4.79,5.5,4.79,4.79,4.79,4.79,4.79,4.79,5.0,4.5,5.0,4.79,4.79,4.79,5.0,4.79,5.5,5.411323,MD,Ligue 2,M
de Lima Marvin,5.4,5.4,5.4,6.5,5.4,5.4,5.0,5.5,5.4,5.0,5.0,5.4,5.4,5.4,5.4,5.4,5.4,5.4,5.4,5.4,5.4,5.4,5.4,5.4,5.4,5.4,5.4,5.4,5.4,5.4,5.4,5.4,5.4,5.4,5.4,5.4,5.4,5.4,5.4,5.4,5.38456,MO,Ligue 2,M
Mbemba Nolan,5.14,4.91,5.0,5.14,5.14,5.14,5.14,5.0,6.0,5.0,5.5,4.5,4.5,5.0,5.0,5.5,5.14,5.0,5.5,5.0,5.14,5.14,5.14,5.0,5.14,3.0,5.0,5.0,5.0,4.0,5.14,5.0,5.14,5.14,5.14,5.14,5.14,5.14,4.0,5.5,5.355251,MD,Ligue 2,M
Mamadou Fofana II Mamadou,5.08,5.02,3.5,4.0,6.0,7.0,5.0,4.5,5.0,4.0,7.0,5.0,5.0,5.08,5.5,5.0,4.5,5.0,5.5,4.5,5.08,5.08,5.08,5.08,5.08,5.08,5.0,4.5,5.08,4.5,5.08,5.0,5.0,5.08,5.08,5.0,5.5,4.5,5.0,5.5,5.3252344,MD,Ligue 2,M
Phiri Lebogang,5.33,5.33,5.0,5.33,5.33,5.33,5.33,5.33,5.33,5.33,5.33,5.0,5.0,6.0,5.0,6.0,4.5,6.0,5.5,5.33,5.33,5.33,5.33,5.33,5.33,5.33,5.33,5.33,5.33,5.33,5.33,5.33,5.33,5.33,5.33,5.33,5.33,5.33,5.33,5.33,5.3174124,MD,Ligue 2,M
Perez Manuel,5.4,5.15,5.5,5.4,5.4,5.0,4.5,5.4,5.4,5.4,5.4,5.4,5.4,6.0,6.0,5.4,5.4,5.4,5.4,5.4,5.4,5.0,4.5,4.5,4.0,5.0,5.4,7.0,5.4,5.4,4.5,5.5,5.4,5.4,5.4,5.4,5.4,5.4,5.4,5.4,5.3169127,MD,Ligue 2,M
Billemaz Clément,4.59,4.59,5.0,5.0,4.5,4.59,4.5,5.5,4.5,4.5,3.0,4.0,5.0,4.0,4.5,4.5,4.59,4.5,4.0,5.5,4.59,4.59,4.59,4.59,4.59,4.59,4.59,4.59,4.59,4.59,4.59,4.59,4.59,4.59,4.59,4.59,4.59,4.59,4.59,5.5,5.283794,MO,Ligue 2,M
Gbellé Garland,5.28,5.21,4.5,5.0,5.5,6.0,5.0,4.5,6.0,5.0,4.5,5.5,6.5,5.0,5.28,5.0,6.0,5.0,4.5,6.5,4.0,6.0,4.0,5.5,4.5,5.0,4.0,5.28,5.0,5.0,4.5,5.0,8.0,5.5,5.5,5.28,5.0,4.5,6.5,5.0,5.2720165,MO,Ligue 2,M
Boissier Rémy,5.07,5.13,5.0,4.0,5.0,6.0,5.07,4.0,5.0,5.0,5.07,5.0,5.0,4.5,5.0,5.5,6.0,5.0,6.0,5.07,4.0,4.5,5.07,6.0,5.07,4.0,4.5,6.5,6.0,5.0,4.5,6.5,4.0,5.0,5.07,5.5,5.0,5.5,6.5,5.07,5.26501,MD,Ligue 2,M
Ndiaye Rassoul,5.5,5.61,7.0,5.0,5.5,6.0,5.5,6.0,5.5,6.0,5.5,6.0,6.0,5.5,5.5,5.5,5.5,5.0,4.0,4.5,6.0,5.0,5.0,7.0,6.0,5.5,5.0,5.5,5.0,6.0,7.0,6.0,6.5,6.0,6.5,4.5,5.5,5.0,5.5,5.0,5.2624087,MD,Ligue 2,M
Kouassi Xavier,5.0,5.04,3.0,5.5,5.0,3.0,3.0,5.5,4.0,6.0,5.0,4.0,6.0,6.5,6.0,6.0,5.5,6.0,3.5,6.0,6.0,5.5,5.0,5.0,6.0,6.0,4.5,5.5,5.5,5.0,6.0,5.5,4.0,3.0,5.0,5.0,5.0,4.5,4.5,5.5,5.260166,MD,Ligue 2,M
Mouton Louis,5.18,5.18,4.5,4.5,5.0,5.5,6.0,6.5,6.5,5.0,5.0,5.0,5.18,5.5,4.5,5.18,4.0,5.0,5.18,5.18,5.18,5.18,5.18,5.18,5.18,5.18,5.18,5.18,5.18,5.18,5.18,5.18,5.18,5.18,5.18,5.18,5.18,5.18,5.18,5.18,5.2268186,MD,Ligue 2,M
Richardson Amir,5.74,5.38,6.0,5.0,5.5,5.5,5.5,7.0,5.74,6.0,6.0,5.74,6.0,4.5,5.5,6.5,6.0,6.5,5.0,6.0,5.74,5.74,5.5,5.5,4.5,4.5,6.0,6.5,5.74,4.5,4.0,4.0,5.0,4.5,5.0,5.74,5.0,4.5,5.5,5.0,5.2218184,MO,Ligue 2,M
Weissbeck Gaétan,5.76,5.85,6.5,4.5,5.5,7.5,7.0,5.0,7.5,7.0,5.76,4.5,6.0,5.5,5.0,5.5,5.0,5.0,6.0,5.76,6.0,7.0,6.0,6.0,7.5,6.0,4.0,6.5,5.0,4.5,7.0,5.76,5.5,5.76,5.5,5.5,5.0,6.0,8.0,5.0,5.2188163,MO,Ligue 2,M
Salles-Lamonge Sébastien,5.26,5.46,5.5,7.0,7.0,5.0,4.0,2.5,4.5,5.0,7.0,6.0,3.5,5.5,6.5,5.0,4.5,5.5,5.5,5.0,6.0,5.0,5.0,5.5,6.0,5.5,7.0,6.0,5.26,5.26,5.26,5.26,5.0,6.0,5.5,6.0,5.5,5.0,6.5,5.5,5.208048,MO,Ligue 2,M
Demoncy Yohan,5.13,5.05,5.13,5.13,5.13,5.13,5.13,5.13,5.13,5.13,5.13,4.0,7.0,4.5,4.5,5.13,5.0,6.0,5.0,5.0,5.0,4.5,5.13,5.13,5.0,5.13,5.13,5.13,5.13,5.13,5.13,5.13,5.13,5.13,5.13,5.13,5.13,5.13,5.13,5.13,5.2038083,MD,Ligue 2,M
Picouleau Mathis,5.25,5.16,5.0,5.0,5.25,5.25,5.0,5.0,5.0,6.0,5.0,5.5,5.5,5.25,5.0,6.0,4.5,7.0,4.5,5.0,4.5,5.0,5.25,5.25,5.25,5.25,5.25,5.25,5.25,5.25,5.25,4.5,5.25,5.25,5.25,5.25,5.25,5.25,5.25,5.0,5.1808805,MD,Ligue 2,M
Sagna Amadou,5.33,5.33,5.33,5.0,5.0,6.0,5.0,5.0,6.5,6.0,4.0,5.0,4.0,3.5,6.5,6.5,5.5,5.0,7.0,5.5,5.33,5.33,5.33,5.33,5.33,5.33,5.33,5.33,5.33,5.33,5.33,5.33,5.33,5.33,5.33,5.33,5.33,5.33,5.33,5.0,5.180352,MO,Ligue 2,M
Ngando Axel,5.25,5.19,6.0,5.25,5.25,5.25,5.5,5.5,4.5,4.5,6.0,4.5,6.0,6.5,5.0,5.25,5.25,4.5,4.5,5.25,5.25,5.25,5.25,5.5,5.0,5.25,5.25,5.25,5.25,5.25,5.25,4.5,5.0,5.25,5.25,5.25,5.25,5.25,5.25,5.25,5.1712823,MO,Ligue 2,M
Buni Jorge Plamedi,5.33,5.0,5.33,5.33,5.0,5.33,7.0,4.0,5.33,5.33,5.33,5.33,5.33,5.33,5.33,5.33,5.33,5.33,5.33,5.33,5.33,5.33,5.33,5.33,5.33,5.33,5.33,5.33,5.33,5.33,5.33,5.33,5.33,4.0,5.33,5.33,5.33,5.33,5.33,5.33,5.165939,MO,Ligue 2,M
Iglesias Jonathan,5.64,5.44,5.5,5.0,5.0,5.64,4.5,7.0,5.0,6.0,5.0,6.5,5.0,6.0,6.0,5.5,5.0,6.0,6.0,7.5,5.5,5.0,5.5,5.5,6.0,5.64,5.0,5.0,5.64,5.64,4.5,5.0,4.5,5.64,6.0,4.5,5.0,6.0,5.0,5.0,5.16342,MO,Ligue 2,M
N'guessan Jean,5.33,5.33,5.0,5.5,5.5,5.5,7.0,5.0,5.0,6.0,5.5,4.0,4.5,5.0,5.33,7.0,5.5,5.5,5.5,4.0,5.33,5.33,5.33,5.33,5.33,5.33,5.33,5.33,5.33,5.33,5.33,5.33,5.33,5.33,5.33,5.33,5.33,5.33,5.33,5.0,5.156147,MD,Ligue 2,M
Pirringuel Lenny,5.13,5.13,5.13,5.13,5.13,5.13,5.0,5.0,4.5,5.13,5.13,5.13,5.13,5.13,5.13,5.13,6.0,5.13,5.13,5.13,5.13,5.13,5.13,5.13,5.13,5.13,5.13,5.13,5.13,5.13,5.13,5.13,5.13,5.13,5.13,5.13,5.13,5.13,5.13,5.13,5.146831,MD,Ligue 2,M
López Julien,4.94,5.28,3.5,4.94,4.5,4.5,6.5,5.0,6.0,4.5,4.5,5.0,5.0,4.94,5.0,5.0,6.0,4.5,4.5,5.0,5.0,5.0,7.5,5.5,6.0,4.94,4.5,6.0,4.94,4.94,5.0,7.0,7.5,5.5,5.0,4.5,4.0,4.94,7.0,5.0,5.1323714,MO,Ligue 2,M
Kyeremeh Godson,5.11,5.11,6.0,5.0,6.0,5.0,4.5,4.5,5.5,4.5,4.5,4.5,6.0,3.5,6.5,4.5,5.0,4.5,6.0,6.0,5.11,5.11,5.11,5.11,5.11,5.11,5.11,5.11,5.11,5.11,5.11,5.11,5.11,5.11,5.11,5.11,5.11,5.11,5.11,5.0,5.1130977,MD,Ligue 2,M
N'Doram Kévin,5.0,4.83,5.0,5.0,4.5,4.5,4.5,5.0,5.0,4.5,5.0,5.5,5.5,5.0,4.5,6.5,5.5,4.5,5.0,5.0,5.0,5.0,5.0,5.0,5.0,5.0,5.0,4.5,5.5,2.5,6.0,4.0,4.5,5.0,3.5,5.0,5.5,5.0,5.0,5.0,5.1060886,MD,Ligue 2,M
Elis Alberth,4.75,4.71,4.75,4.75,4.0,4.0,4.5,5.5,5.0,4.5,4.75,6.0,4.5,4.5,5.0,4.0,5.0,4.5,4.0,6.0,4.0,4.0,7.0,3.5,5.5,4.75,4.75,4.0,3.5,3.5,4.5,4.75,4.75,4.75,4.75,4.75,4.75,4.75,4.75,5.0,5.105788,MO,Ligue 2,M
Marié Jordan,5.1,5.05,6.0,5.0,5.0,6.0,6.0,5.0,4.5,4.5,5.5,5.0,4.5,5.5,5.1,5.0,5.1,5.1,4.5,4.5,5.1,5.1,5.1,5.1,5.1,5.1,5.1,5.1,5.0,5.0,5.5,5.1,5.1,4.5,5.1,5.1,4.5,5.1,5.1,5.1,5.102964,MD,Ligue 2,M
Ahlinvi Mattéo,4.8,4.8,5.0,4.8,5.0,4.8,4.8,4.8,4.8,4.8,5.0,4.8,4.8,4.5,4.5,4.8,4.8,4.8,4.8,4.8,3.0,4.5,5.5,4.8,5.5,5.0,4.5,4.8,4.8,4.8,4.8,4.8,5.0,4.8,4.8,4.8,5.0,5.0,5.0,4.8,5.1026063,MD,Ligue 2,M
Sidibe Kalidou,5.33,5.15,5.33,5.33,5.5,5.5,5.0,5.33,5.0,6.0,4.0,5.5,5.5,4.0,6.0,5.0,5.0,6.0,7.0,5.33,5.33,5.33,5.33,5.5,4.0,5.0,5.5,4.5,5.0,5.0,5.5,4.0,6.0,5.33,4.0,6.0,5.0,4.0,5.5,5.0,5.100596,MD,Ligue 2,M
Sylvestre Eddy,5.24,4.98,5.0,4.5,4.5,3.0,4.5,4.5,5.24,5.24,6.0,5.0,5.0,8.0,6.5,4.5,6.0,5.0,6.5,5.5,4.5,5.24,5.24,5.24,5.0,4.5,4.5,5.5,4.5,5.24,5.0,5.5,4.0,3.0,5.24,5.24,5.24,5.24,4.5,5.0,5.0898643,MO,Ligue 2,M
Benet Jessy,4.97,4.98,3.5,6.0,5.5,5.0,4.97,4.0,6.0,4.0,4.97,5.0,6.0,4.0,5.0,5.0,4.5,5.0,6.0,4.97,4.5,5.0,5.0,4.5,4.5,4.0,6.0,5.0,6.0,3.0,5.0,5.5,5.0,5.5,5.5,5.5,5.0,5.5,4.97,4.97,5.0784454,MO,Ligue 2,M
Lachuer Mathis,5.1,4.98,4.0,5.1,5.0,5.0,5.0,5.1,6.5,5.5,4.5,5.0,5.0,5.5,5.1,5.1,5.1,5.1,5.1,5.1,5.0,5.0,5.0,5.0,5.0,5.1,5.0,4.0,5.0,5.0,4.5,5.0,5.1,5.1,5.1,6.0,5.0,4.5,4.5,5.1,5.071026,MD,Ligue 2,M
Nguyen Quang Hai,5.05,5.05,5.5,5.0,5.0,4.5,5.0,5.0,5.05,5.05,5.0,5.05,6.5,4.5,4.5,5.05,5.05,5.05,5.05,5.05,5.05,5.05,5.05,5.05,5.05,5.05,5.05,5.05,5.05,5.05,5.05,5.05,5.05,5.05,5.05,5.05,5.05,5.05,5.05,5.05,5.0643644,MO,Ligue 2,M
Phliponeau Alexandre,5.06,5.06,4.0,5.5,4.5,5.0,5.5,5.5,5.0,5.5,5.06,5.06,5.06,5.06,5.06,5.06,5.06,5.06,5.06,5.06,5.06,5.06,5.06,5.06,5.06,5.06,5.06,5.06,5.06,5.06,5.06,5.06,5.06,5.06,5.06,5.06,5.06,5.06,5.06,5.06,5.0599847,MD,Ligue 2,M
Bangré Mamady,5.36,5.33,5.5,5.5,5.0,5.5,5.0,4.0,5.0,5.5,5.0,5.36,5.0,4.5,6.5,5.0,5.0,7.0,7.0,5.5,5.36,5.36,5.36,5.36,5.36,5.36,5.36,5.36,5.36,7.0,5.36,5.36,5.36,5.36,5.36,5.36,4.0,5.36,4.5,5.0,5.0500884,MO,Ligue 2,M
Kebbal Ilan,5.28,5.04,5.28,5.28,5.28,5.28,5.28,5.28,5.0,7.0,4.5,6.5,4.5,5.28,5.0,5.28,5.0,5.28,5.28,5.0,5.28,5.0,5.28,5.28,5.28,4.0,5.5,5.0,5.5,4.5,5.28,5.0,5.0,5.0,5.0,5.0,5.5,5.0,5.28,5.0,5.043904,MO,Ligue 2,M
Kaboré Charles,5.0,5.0,5.5,5.0,5.0,5.0,3.5,4.5,4.0,5.0,5.5,5.5,5.5,4.0,5.0,6.0,5.5,5.0,5.5,5.0,5.0,5.0,5.0,5.0,5.0,5.0,5.0,5.0,5.0,5.0,5.0,5.0,5.0,5.0,5.0,5.0,5.0,5.0,5.0,5.0,5.039486,MD,Ligue 2,M
Alvero Skelly,5.0,5.0,5.0,5.0,6.0,5.0,5.0,5.0,5.0,5.0,5.0,5.0,5.0,5.0,5.0,5.5,4.5,5.0,5.0,4.0,5.0,5.0,5.0,5.0,5.0,5.0,5.0,5.0,5.0,5.0,5.0,5.0,5.0,5.0,5.0,5.0,5.0,5.0,5.0,5.0,5.038438,MD,Ligue 2,M
Roncaglia Anthony,5.05,5.11,5.05,5.0,5.0,4.5,5.05,5.0,6.0,5.0,5.0,5.05,4.5,5.05,5.5,5.05,5.05,5.05,5.0,5.05,6.0,4.0,5.05,5.05,5.0,5.0,5.05,5.05,6.0,5.5,5.0,5.5,5.0,5.0,5.05,5.0,5.05,5.0,5.05,5.0,5.028533,MD,Ligue 2,M
Deaux Lucas,5.06,5.17,5.06,5.06,5.06,5.06,5.06,5.06,5.0,5.0,5.5,5.5,5.0,5.0,5.0,4.5,5.06,5.0,5.06,5.06,5.06,6.0,6.0,3.5,5.06,5.06,5.0,6.0,5.0,5.5,5.0,5.5,5.06,5.06,5.06,5.06,5.06,5.06,5.06,5.06,5.0256124,MD,Ligue 2,M
Younoussa Wilitty,5.22,4.97,5.22,5.22,5.22,5.22,5.22,5.22,5.0,5.22,6.0,5.0,5.0,5.0,5.22,5.22,5.22,5.0,5.0,6.0,4.5,5.5,6.0,4.0,4.0,5.22,5.22,5.0,5.22,5.22,5.22,5.22,5.22,5.22,3.5,5.22,5.22,5.22,5.22,5.0,5.0212555,MD,Ligue 2,M
Boli Charles,4.96,4.96,4.96,5.5,5.0,4.5,5.0,5.0,4.5,4.96,4.96,5.0,4.96,4.96,4.96,5.0,4.96,5.0,5.0,5.0,4.96,4.96,4.96,4.96,4.96,4.96,4.96,4.96,4.96,4.96,4.96,4.96,4.96,4.96,4.96,4.96,4.96,4.96,4.96,5.0,5.0060596,MO,Ligue 2,M
Soumaré Bryan,5.34,5.34,8.0,5.5,7.0,5.0,6.0,4.0,4.5,4.0,5.0,5.5,5.0,5.0,5.0,5.0,6.0,8.0,4.0,4.0,5.34,5.34,5.34,5.34,5.34,5.34,5.34,5.34,5.34,5.34,5.34,5.34,5.34,5.34,5.34,5.34,5.34,5.34,5.34,5.0,5.003979,MO,Ligue 2,M
Touré Madou,5.0,5.0,5.0,5.0,5.0,5.0,5.0,5.0,5.0,5.0,5.0,5.0,5.0,5.0,5.0,5.0,5.0,5.0,5.0,5.0,5.0,5.0,5.0,5.0,5.0,5.0,5.0,5.0,5.0,5.0,5.0,5.0,5.0,5.0,5.0,5.0,5.0,5.0,5.0,5.0,5.003771,MD,Ligue 2,M
Zampa Marius,5.0,5.0,5.0,5.0,5.0,5.0,5.0,5.0,5.0,5.0,5.0,5.0,5.0,5.0,5.0,5.0,5.0,5.0,5.0,5.0,5.0,5.0,5.0,5.0,5.0,5.0,5.0,5.0,5.0,5.0,5.0,5.0,5.0,5.0,5.0,5.0,5.0,5.0,5.0,5.0,5.003771,MD,Ligue 2,M
Gauthier Antoine,5.0,5.0,5.0,5.0,5.0,5.0,5.0,5.0,5.0,5.0,5.0,5.0,5.0,5.0,5.0,5.0,5.0,5.0,5.0,5.0,5.0,5.0,5.0,5.0,5.0,5.0,5.0,5.0,5.0,5.0,5.0,5.0,5.0,5.0,5.0,5.0,5.0,5.0,5.0,5.0,5.003771,MD,Ligue 2,M
Boudaché Ilian,5.0,5.0,5.0,5.0,5.0,5.0,5.0,5.0,5.0,5.0,5.0,5.0,5.0,5.0,5.0,5.0,5.0,5.0,5.0,5.0,5.0,5.0,5.0,5.0,5.0,5.0,5.0,5.0,5.0,5.0,5.0,5.0,5.0,5.0,5.0,5.0,5.0,5.0,5.0,5.0,5.003771,MO,Ligue 2,M
Martin Florian,5.11,5.1,5.11,5.5,4.5,5.0,5.11,5.11,5.11,5.11,5.11,5.11,5.11,5.5,5.0,5.0,5.5,5.11,5.11,5.0,5.11,5.11,5.11,5.11,5.0,5.11,5.11,5.11,5.11,5.11,5.11,5.11,5.11,5.11,5.11,5.11,5.11,5.11,5.11,5.0,5.001407,MO,Ligue 2,M
Rocchi Jean-Jacques,4.91,4.91,5.0,4.5,5.0,5.0,4.91,5.0,4.91,5.0,5.0,4.5,4.91,5.0,4.91,4.91,4.91,5.0,4.91,4.91,4.91,4.91,4.91,4.91,4.91,4.91,4.91,4.91,4.91,4.91,4.91,4.91,4.91,4.91,4.91,4.91,4.91,4.91,4.91,5.0,4.994275,MO,Ligue 2,M
Tapoko Kevin,4.86,4.86,3.5,4.86,4.5,4.86,4.86,4.86,4.86,4.86,4.86,4.86,5.0,4.86,4.86,4.86,5.0,4.86,6.0,5.0,4.86,4.86,4.86,4.86,4.86,4.86,4.86,4.86,4.86,4.86,4.86,4.86,4.86,4.86,4.86,4.86,4.86,4.86,4.86,5.0,4.990278,MD,Ligue 2,M
Renel Samuel,5.31,5.03,5.31,5.31,5.31,5.31,5.31,5.31,5.31,4.5,5.0,5.0,5.31,5.31,4.5,5.31,5.31,5.5,7.0,6.0,5.31,5.31,4.5,4.5,5.31,5.0,5.31,5.0,5.31,4.5,5.31,5.31,5.31,5.31,5.0,4.5,5.31,5.31,5.31,5.0,4.9896755,MO,Ligue 2,M
Gene Owen,4.94,4.78,5.0,5.5,4.94,5.0,4.5,5.0,4.94,4.94,5.0,4.94,4.94,4.94,4.94,5.0,4.94,4.94,4.94,4.5,4.5,4.5,5.0,4.5,4.5,4.5,5.0,4.0,4.94,5.0,5.0,7.0,4.5,4.0,4.94,4.94,5.0,4.0,4.0,5.0,4.9853816,MD,Ligue 2,M
Boutoutaou Aymen,5.68,5.32,4.5,4.5,5.0,6.5,6.0,6.0,5.68,5.68,5.68,5.68,5.68,5.68,5.68,5.0,5.68,6.5,5.5,8.0,5.68,5.68,5.68,5.68,5.68,5.0,5.5,5.68,5.0,5.68,5.5,5.5,4.5,4.0,4.5,5.0,5.68,5.0,5.0,5.0,4.9590425,MO,Ligue 2,M
Abzi Diyaeddine,4.68,4.68,3.0,5.0,5.0,3.5,5.0,5.0,5.0,4.68,4.5,5.0,4.68,5.0,4.68,5.0,4.68,5.0,4.68,4.5,4.68,4.68,4.68,4.68,4.68,4.68,4.68,4.68,4.68,4.68,4.68,4.68,4.68,4.68,4.68,4.68,4.68,4.68,4.68,5.0,4.952865,MO,Ligue 2,M
Yatabaré Sambou,4.75,4.68,4.75,4.75,4.75,4.75,4.75,4.75,4.75,4.75,4.75,4.75,4.75,4.75,4.75,4.75,4.75,5.0,4.5,4.75,3.0,4.75,7.5,4.75,4.0,4.0,4.5,4.75,5.0,4.5,5.0,4.75,4.5,4.0,5.0,4.75,4.75,5.0,4.75,4.75,4.951034,MD,Ligue 2,M
Mahmoud Elies,4.75,4.68,4.75,5.0,5.0,4.5,4.5,5.0,4.0,4.5,5.0,4.0,7.0,5.0,4.0,5.0,4.5,4.0,4.5,5.0,4.5,4.5,4.75,4.75,4.75,4.75,4.75,4.75,4.75,4.75,4.75,4.75,4.75,4.75,4.5,4.0,4.75,4.75,4.75,5.0,4.950669,MO,Ligue 2,M
Benezet Nicolas,4.75,4.75,5.0,4.75,4.75,4.5,4.75,4.75,4.75,4.75,4.75,4.75,4.75,4.75,4.75,4.75,4.75,4.0,5.0,5.0,4.75,4.75,4.75,4.75,4.75,4.75,4.75,4.75,4.75,4.75,4.75,4.75,4.75,4.75,4.75,4.75,4.75,4.75,4.75,5.0,4.9482694,MO,Ligue 2,M
Kaba Mohamed,5.6,5.65,5.5,6.0,4.5,6.0,4.5,6.0,7.0,6.0,5.5,5.5,6.0,5.6,5.6,5.6,5.6,6.0,5.5,5.0,6.0,7.0,5.0,5.0,5.0,6.0,6.0,5.5,6.0,6.0,5.5,5.6,5.5,5.5,4.0,5.5,5.5,8.0,5.5,5.0,4.9432874,MD,Ligue 2,M
D'Almeida Sessi,4.82,4.82,3.5,4.5,5.0,4.0,5.0,5.0,5.0,5.0,4.5,4.82,4.5,4.5,5.5,5.0,5.0,5.0,4.82,6.0,4.82,4.82,4.82,4.82,4.82,4.82,4.82,4.82,4.82,4.82,4.82,4.82,4.82,4.82,4.82,4.82,4.82,4.82,4.82,5.0,4.935549,MD,Ligue 2,M
Camara Mamadou,4.92,4.92,4.92,4.92,4.92,4.92,4.92,4.92,4.92,4.92,5.0,5.5,5.0,5.0,4.92,5.0,4.0,4.92,4.92,4.92,4.92,4.92,4.92,4.92,4.92,4.92,4.92,4.92,4.92,4.92,4.92,4.92,4.92,4.92,4.92,4.92,4.92,4.92,4.92,5.0,4.9327364,MD,Ligue 2,M
Camara Mamadou,4.92,4.92,4.92,4.92,4.92,4.92,4.92,4.92,4.92,4.92,5.0,5.5,5.0,5.0,4.92,5.0,4.0,4.92,4.92,4.92,4.92,4.92,4.92,4.92,4.92,4.92,4.92,4.92,4.92,4.92,4.92,4.92,4.92,4.92,4.92,4.92,4.92,4.92,4.92,4.92,4.9327364,MD,Ligue 2,M
Ouammou Nassim,4.78,4.81,5.0,5.0,4.5,4.5,4.5,3.0,6.5,4.0,5.0,5.0,6.5,4.5,5.0,5.0,4.5,4.0,4.5,5.0,3.0,4.0,4.78,5.0,4.78,4.5,4.0,5.0,6.0,6.5,4.0,6.0,4.0,4.5,5.0,4.5,5.5,5.5,5.5,4.78,4.932511,MO,Ligue 2,M
Boutobba Bilal,5.61,5.53,7.0,6.0,5.0,8.0,4.5,5.0,7.5,5.0,5.61,5.5,4.5,4.0,6.5,4.5,5.0,5.5,6.0,7.0,5.0,5.61,5.0,5.0,4.5,5.0,4.5,5.61,5.61,5.0,7.0,5.5,5.5,7.5,5.5,4.0,5.0,7.0,6.0,4.5,4.9187727,MO,Ligue 2,M
N'Duquidi Joseph,4.7,4.7,5.0,4.7,4.7,4.7,4.7,4.7,4.7,4.7,4.0,4.7,4.7,4.7,4.5,4.7,4.7,4.7,4.7,5.0,4.7,4.7,4.7,4.7,4.7,4.7,4.7,4.7,4.7,4.7,4.7,4.7,4.7,4.7,4.7,4.7,4.7,4.7,4.7,5.0,4.9165597,MD,Ligue 2,M
Camara Mamadou,5.0,4.94,4.5,4.5,5.0,4.5,5.0,4.5,5.0,4.0,4.5,7.0,5.5,5.5,6.0,4.5,6.5,5.0,4.0,4.5,5.0,5.0,5.0,5.0,5.0,5.0,5.0,5.0,5.0,5.0,5.0,5.0,5.0,5.0,4.0,5.0,5.0,5.0,5.0,4.92,4.912873,MD,Ligue 2,M
Camara Mamadou,5.0,4.94,4.5,4.5,5.0,4.5,5.0,4.5,5.0,4.0,4.5,7.0,5.5,5.5,6.0,4.5,6.5,5.0,4.0,4.5,5.0,5.0,5.0,5.0,5.0,5.0,5.0,5.0,5.0,5.0,5.0,5.0,5.0,5.0,4.0,5.0,5.0,5.0,5.0,5.0,4.912873,MD,Ligue 2,M
Depussay Emeric,4.88,4.88,5.0,5.0,4.88,5.5,4.5,5.0,4.5,4.88,4.5,5.0,5.0,5.0,4.5,5.0,4.88,4.88,4.88,4.88,4.88,4.88,4.88,4.88,4.88,4.88,4.88,4.88,4.88,4.88,4.88,4.88,4.88,4.88,4.88,4.88,4.88,4.88,4.88,4.88,4.9080405,MO,Ligue 2,M
Cassubie Yohan,5.0,5.19,5.0,5.0,5.0,5.0,5.0,5.0,5.0,5.0,5.0,5.0,5.0,5.0,5.0,5.0,5.0,5.0,5.0,5.0,7.0,5.0,5.0,5.5,3.0,5.0,5.0,5.0,5.0,5.5,6.5,4.5,5.5,7.0,5.0,4.5,4.0,4.5,5.0,5.0,4.900253,MD,Ligue 2,M
Benchamma Samy,4.72,4.86,5.0,3.0,6.0,5.0,4.5,4.5,4.5,4.0,3.0,5.0,4.72,5.0,5.0,4.5,5.0,5.5,5.0,5.5,5.0,4.72,6.0,5.0,5.0,5.0,5.0,5.5,4.72,4.5,5.0,4.72,4.72,4.72,5.0,4.72,4.72,4.72,4.72,5.0,4.894514,MD,Ligue 2,M
Isola Baptiste,4.88,4.88,4.88,4.88,4.88,4.88,4.88,4.5,4.88,4.88,4.88,5.0,5.0,5.0,4.88,4.88,4.88,4.88,4.88,4.88,4.88,4.88,4.88,4.88,4.88,4.88,4.88,4.88,4.88,4.88,4.88,4.88,4.88,4.88,4.88,4.88,4.88,4.88,4.88,4.88,4.8849216,MO,Ligue 2,M
Bonnet Alexandre,5.07,5.03,5.5,3.0,5.5,5.0,6.0,5.0,7.0,5.0,4.5,5.0,5.0,5.07,5.07,5.07,5.07,5.0,5.0,5.0,4.0,5.0,4.0,5.0,5.0,3.0,5.07,5.07,5.0,5.0,4.5,5.0,7.0,5.5,6.0,5.5,4.5,6.0,5.0,4.5,4.884761,MO,Ligue 2,M
Gueye Lamine,5.5,5.52,8.0,5.5,6.5,6.0,6.5,5.5,6.0,4.5,4.5,5.5,4.5,6.0,5.0,4.0,6.5,5.5,5.5,4.5,4.0,5.5,5.5,5.0,6.5,5.5,7.0,5.5,5.5,5.5,5.5,5.5,5.5,5.5,5.5,5.5,5.5,5.5,5.5,4.5,4.8799725,MO,Ligue 2,M
Nomel Landry,4.61,4.61,4.61,4.61,4.61,4.61,4.61,4.61,4.61,4.5,4.5,4.5,4.5,4.61,4.0,4.61,4.61,5.0,4.5,5.0,4.61,4.61,4.61,4.61,4.61,4.61,4.61,4.61,4.61,4.61,4.61,4.61,4.61,4.61,4.61,4.61,4.61,4.61,4.61,5.0,4.8774686,MO,Ligue 2,M
Bassi Amine,4.88,5.08,4.88,4.88,4.88,4.88,4.88,4.88,4.88,4.88,5.0,5.0,4.5,4.88,5.0,4.88,4.88,4.88,4.88,4.88,5.0,6.0,4.88,4.88,4.88,4.88,4.88,4.88,4.88,4.88,4.88,4.88,4.88,4.88,4.88,4.88,4.88,4.88,4.88,4.88,4.8757873,MO,Ligue 2,M
Ferhaoui Ryan,4.88,4.88,4.88,5.0,4.88,6.0,5.0,5.0,3.5,4.5,5.0,5.0,4.88,4.88,4.88,4.88,4.88,4.88,4.88,4.88,4.88,4.88,4.88,4.88,4.88,4.88,4.88,4.88,4.88,4.88,4.88,4.88,4.88,4.88,4.88,4.88,4.88,4.88,4.88,4.88,4.875486,MD,Ligue 2,M
Schur Kévin,4.38,4.67,4.5,4.38,4.5,4.5,4.5,3.0,4.38,4.0,4.38,4.38,4.38,4.38,4.38,4.5,5.0,4.0,4.0,5.0,4.5,4.5,5.0,5.0,7.0,4.38,4.38,4.38,5.0,4.38,4.38,5.0,4.5,5.0,5.0,5.0,3.5,4.5,5.5,5.0,4.874195,MO,Ligue 2,M
Rajot Lorenzo,5.1,5.0,5.1,5.1,5.0,5.0,5.0,5.1,5.1,5.0,5.5,4.0,5.0,4.5,4.5,5.0,6.0,5.0,5.5,7.0,3.0,5.1,5.5,5.1,5.1,5.0,5.1,5.5,4.5,5.1,4.0,5.0,5.0,4.0,6.0,5.0,5.0,5.0,6.0,4.5,4.8672,MO,Ligue 2,M
Aiki Ayman,4.86,4.86,6.0,5.0,4.5,4.86,4.5,4.5,4.86,4.86,4.5,5.0,4.86,4.86,4.86,4.86,4.86,4.86,4.86,4.86,4.86,4.86,4.86,4.86,4.86,4.86,4.86,4.86,4.86,4.86,4.86,4.86,4.86,4.86,4.86,4.86,4.86,4.86,4.86,4.86,4.862477,MO,Ligue 2,M
Diani Djibril,5.44,5.21,6.5,7.5,4.5,6.5,5.0,4.5,5.0,5.0,6.0,4.5,6.5,4.5,6.5,5.0,5.5,5.44,5.0,5.0,5.44,5.44,6.5,4.5,6.0,4.5,5.0,5.0,5.5,4.5,5.0,5.0,5.5,5.0,5.0,5.0,6.0,6.5,5.44,5.0,4.860056,MD,Ligue 2,M
Delpech Leon,4.91,4.94,4.91,5.0,4.91,4.5,5.0,5.5,5.0,5.5,5.0,5.0,4.91,5.0,5.0,4.91,3.5,4.91,4.91,4.91,5.5,5.0,5.5,4.91,5.0,5.5,4.91,5.0,4.91,4.91,4.5,4.91,4.91,4.5,4.5,4.5,5.0,5.0,5.0,4.91,4.8563,MD,Ligue 2,M
Pereira De Sa Roli,5.0,5.0,5.0,5.0,5.0,5.5,5.0,5.0,5.0,5.0,5.0,4.5,5.0,5.0,5.0,5.0,5.0,5.0,5.0,5.0,6.0,5.5,5.0,4.5,5.0,5.0,4.5,5.5,5.0,5.0,5.0,5.0,5.0,5.0,5.0,4.5,5.0,5.0,5.0,5.0,4.8351393,MO,Ligue 2,M
Benrahou Yassine,4.67,5.15,4.5,5.0,4.5,4.67,4.5,4.5,4.67,4.67,4.67,4.67,4.67,4.67,4.67,4.67,4.5,4.67,6.0,3.5,4.67,7.0,7.5,4.67,5.0,4.67,4.67,6.0,6.5,6.5,4.5,5.0,5.0,3.5,5.0,5.0,4.67,6.0,4.0,5.0,4.8311477,MO,Ligue 2,M
Gomis Iron,5.29,5.31,4.5,7.0,6.0,5.29,4.5,6.5,5.0,4.5,6.0,6.0,5.29,5.0,4.5,6.0,5.0,4.5,5.5,5.0,4.5,4.5,5.0,5.29,5.29,5.29,7.0,6.0,7.0,5.0,5.29,6.0,5.0,3.5,5.29,5.29,5.29,5.29,5.29,4.5,4.82873,MD,Ligue 2,M
Savignac Noa,4.83,4.83,5.0,4.5,5.0,4.83,4.83,4.83,4.83,4.83,4.83,4.83,4.83,4.83,4.83,4.83,4.83,4.83,4.83,4.83,4.83,4.83,4.83,4.83,4.83,4.83,4.83,4.83,4.83,4.83,4.83,4.83,4.83,4.83,4.83,4.83,4.83,4.83,4.83,4.83,4.8282437,MO,Ligue 2,M
Olaitan Junior,4.69,4.75,4.0,5.5,5.5,4.0,4.0,4.5,4.5,5.0,5.0,4.5,5.0,4.5,4.5,3.5,4.69,5.0,5.5,5.0,4.69,4.69,4.69,4.69,4.69,4.69,4.69,4.69,4.69,4.69,4.5,5.0,4.69,5.0,4.69,5.0,5.5,4.69,4.5,5.0,4.8188157,MO,Ligue 2,M
Livolant Jérémy,5.66,5.76,7.0,6.5,5.0,6.0,6.5,7.0,6.5,8.5,7.0,5.0,3.5,4.5,6.0,4.5,4.0,6.5,4.5,4.5,6.0,5.5,3.5,5.5,7.0,5.66,6.0,5.0,4.5,6.0,7.0,7.5,4.5,6.0,5.0,5.0,7.0,7.5,7.0,4.5,4.815241,MO,Ligue 2,M
Beusnard Steeve,5.34,5.34,3.0,5.0,6.5,3.5,4.0,6.0,5.0,7.0,6.0,5.5,5.0,5.5,7.0,6.5,7.0,4.5,5.0,5.0,5.34,5.34,5.34,5.34,5.34,5.34,5.34,5.34,5.34,5.34,5.34,5.34,5.34,5.34,5.34,5.34,5.34,5.34,5.34,4.5,4.8128448,MO,Ligue 2,M
Confais Alois,4.83,4.83,4.83,4.83,4.83,4.83,4.83,4.83,4.5,5.0,5.0,5.0,4.83,5.0,4.83,4.83,4.83,4.83,4.5,4.83,4.83,4.83,4.83,4.83,4.83,4.83,4.83,4.83,4.83,4.83,4.83,4.83,4.83,4.83,4.83,4.83,4.83,4.83,4.83,4.83,4.806667,MD,Ligue 2,M
Lacoux Tom,5.44,5.06,5.5,6.0,6.0,5.5,4.5,6.5,5.5,5.0,5.5,5.44,5.5,5.5,6.0,5.0,5.5,5.44,5.0,5.44,5.0,4.5,4.0,5.44,5.44,5.0,4.0,5.44,5.44,5.44,6.0,5.0,3.0,4.5,5.44,3.5,5.44,5.44,5.44,4.5,4.7969513,MD,Ligue 2,M
Linguet Allan,4.97,5.0,5.5,6.5,4.0,5.0,4.0,6.0,5.0,4.97,4.97,4.97,5.0,5.0,4.5,5.0,5.0,5.0,5.0,4.5,4.97,4.0,7.0,5.0,3.5,5.5,6.0,5.0,5.0,4.97,7.0,4.0,4.5,4.5,5.0,4.5,4.97,5.0,5.0,4.5,4.7839246,MD,Ligue 2,M
Delaurier Logan,4.82,4.82,3.5,6.0,7.0,5.0,4.0,6.5,5.0,4.0,4.82,4.5,4.82,4.82,5.0,4.5,4.5,4.5,3.5,4.82,4.82,4.82,4.82,4.82,4.82,4.82,4.82,4.82,4.82,4.82,4.82,4.82,4.82,4.82,4.82,4.82,4.82,4.82,4.82,4.82,4.7713313,MO,Ligue 2,M
Muyumba Tristan,5.11,5.15,7.0,5.0,5.5,4.0,6.0,4.5,5.0,6.0,5.5,5.5,4.0,5.0,5.5,6.0,4.5,5.0,4.5,4.0,5.11,5.0,3.5,6.0,5.0,5.11,5.0,5.0,4.5,6.0,5.11,5.11,5.0,5.0,5.0,7.0,6.0,5.0,5.0,4.5,4.7576427,MD,Ligue 2,M
Talal Amine,4.85,5.13,4.5,5.0,5.0,4.0,4.0,5.5,4.85,5.0,4.85,4.85,4.85,4.85,6.0,4.5,4.85,4.85,5.0,4.85,6.0,5.0,4.85,4.85,4.85,4.85,5.0,4.85,5.5,7.0,6.0,5.0,5.5,6.0,4.0,5.0,4.0,5.0,5.5,4.85,4.7456937,MO,Ligue 2,M
Louiserre Dylan,5.39,5.31,6.0,6.5,7.0,4.0,6.0,4.0,5.5,7.0,5.5,4.5,4.5,5.39,6.0,4.5,5.0,6.0,5.0,5.5,5.5,5.39,4.5,5.5,5.5,4.5,5.5,5.39,5.39,5.39,5.39,5.5,5.5,5.5,5.39,5.0,4.5,5.5,5.0,4.5,4.7413445,MD,Ligue 2,M
Vincent Christophe,5.03,5.12,5.0,8.0,6.0,5.03,4.5,2.5,6.0,4.5,5.03,6.5,4.0,5.0,5.5,4.5,5.03,4.0,5.0,4.5,7.0,4.5,5.5,5.5,8.0,4.5,4.5,3.5,5.03,4.5,5.5,5.0,5.5,5.5,5.0,5.5,4.5,4.5,5.0,5.0,4.735282,MD,Ligue 2,M
Mohamed Iyad,4.67,4.8,5.0,4.67,4.67,4.67,4.5,4.67,4.5,4.67,4.67,4.67,4.67,4.67,4.67,4.67,4.67,4.67,4.67,4.67,4.67,4.67,4.67,4.67,4.67,4.67,4.67,4.67,4.67,4.67,4.67,4.67,4.67,5.0,5.0,4.67,4.67,4.67,4.67,4.67,4.734708,MD,Ligue 2,M
Diakité Check-Oumar,5.13,5.17,5.13,5.13,5.13,5.13,5.13,5.13,5.13,5.13,5.13,5.5,5.0,5.0,5.0,5.5,5.5,5.13,5.13,5.0,5.13,5.5,5.13,5.13,5.13,5.13,5.13,5.13,5.13,5.13,5.13,5.13,5.13,5.13,5.13,5.13,5.13,5.13,5.13,4.5,4.6920176,MD,Ligue 2,M
Sow Noé,5.04,5.04,5.0,5.04,5.04,5.04,4.5,4.5,5.0,6.0,5.5,6.0,3.5,6.0,5.5,5.04,5.0,4.5,5.04,5.0,5.04,5.04,5.04,5.04,5.04,5.04,5.04,5.04,5.04,5.04,5.04,5.04,5.04,5.04,5.04,5.04,5.04,5.04,5.04,4.5,4.686855,MD,Ligue 2,M
Thioune Ousseynou,4.81,5.08,5.0,4.81,4.5,5.5,4.5,4.5,4.0,5.0,4.81,4.5,5.5,4.81,5.0,5.0,4.81,5.0,4.81,4.5,6.0,5.0,4.0,5.5,6.0,4.5,5.0,4.5,4.81,5.0,5.5,5.5,5.5,7.5,5.0,5.5,5.0,4.81,5.0,4.81,4.676629,MD,Ligue 2,M
Merghem Mehdi,5.14,5.21,8.0,5.14,5.0,5.14,5.14,5.14,5.14,5.14,5.14,5.14,5.14,5.0,5.0,5.14,5.14,5.14,3.5,5.0,5.14,5.14,4.5,5.0,6.0,5.14,5.0,4.0,5.14,3.0,5.14,5.0,5.5,5.0,5.0,6.0,7.0,5.5,7.0,4.5,4.6535254,MO,Ligue 2,M
Barthelmé Maxime,5.0,5.07,5.0,6.5,4.5,5.0,6.5,5.0,5.5,6.0,5.0,4.0,4.0,4.0,4.5,5.0,5.5,5.0,5.0,4.5,5.5,5.0,5.0,5.0,5.0,5.0,5.0,5.0,5.0,5.0,5.0,5.0,5.0,5.0,7.0,5.0,5.0,5.0,4.5,4.5,4.6526017,MO,Ligue 2,M
David Florian,4.5,4.88,4.5,4.5,4.5,4.5,4.5,4.5,4.5,4.5,4.5,4.5,4.5,4.5,4.5,4.5,4.5,4.5,4.5,4.5,4.5,5.5,5.0,5.0,4.5,4.5,4.5,4.5,4.5,4.0,5.0,4.5,5.0,5.0,6.0,4.5,4.5,4.5,4.5,4.5,4.626023,MO,Ligue 2,M
Michel Florian,4.69,4.87,4.69,5.5,4.5,4.0,4.5,4.5,5.0,4.5,5.0,4.69,4.69,4.69,4.69,4.69,4.69,4.69,4.69,4.69,5.5,4.69,5.0,4.69,4.69,4.69,4.69,4.69,5.0,4.69,4.5,5.0,4.5,5.5,5.5,6.0,5.0,3.5,4.69,4.69,4.604626,MO,Ligue 2,M
Sangaré Gustavo,5.39,5.18,6.0,5.0,5.5,4.5,6.0,5.5,5.5,5.0,5.5,4.5,5.0,5.39,5.0,5.5,5.5,7.0,5.5,6.0,5.39,5.39,5.39,5.39,5.0,5.0,4.0,3.0,5.5,5.0,3.5,5.39,5.39,5.5,4.5,5.5,5.0,5.0,7.0,4.5,4.595624,MD,Ligue 2,M
Testud Kévin,4.92,4.92,4.0,5.0,4.0,6.5,5.5,6.0,5.5,5.0,4.0,4.0,6.5,4.0,4.0,5.5,4.5,5.0,4.5,5.5,4.92,4.92,4.92,4.92,4.92,4.92,4.92,4.92,4.92,4.92,4.92,4.92,4.92,4.92,4.92,4.92,4.92,4.92,4.92,4.5,4.592363,MO,Ligue 2,M
Monconduit Thomas,5.22,5.27,5.22,5.22,5.22,5.22,5.22,5.22,4.5,7.0,5.5,6.0,4.5,4.5,6.0,5.22,5.22,5.22,5.22,4.5,5.22,5.5,6.0,5.22,5.5,5.0,6.0,4.5,5.5,6.0,4.0,6.0,5.0,5.22,3.5,5.0,4.5,5.0,6.0,4.5,4.590796,MD,Ligue 2,M
Diarra Souleymane,4.72,4.89,4.72,4.72,4.72,3.5,4.72,4.72,5.5,4.72,5.0,4.72,4.5,5.5,4.72,4.72,4.5,4.5,4.72,5.0,5.0,5.5,4.72,4.72,4.72,4.72,4.72,4.72,4.72,4.5,6.0,6.0,4.0,4.72,6.0,4.0,4.72,5.0,4.5,4.5,4.5373764,MO,Ligue 2,M
Jeno Jekob,4.72,4.6,5.5,5.5,3.0,4.72,4.72,4.72,5.5,4.0,5.0,5.0,4.72,4.72,4.72,4.72,4.72,4.5,4.5,4.72,4.72,4.5,6.0,4.72,4.72,3.5,4.72,4.72,5.5,4.72,4.0,4.5,5.0,7.0,5.0,4.5,4.72,4.72,4.72,4.72,4.505184,MD,Ligue 2,M
Ibrahim Fofana,4.5,4.5,4.5,4.5,4.5,4.5,4.5,4.5,4.5,4.5,4.5,4.5,4.5,4.5,4.5,4.5,4.5,4.5,4.5,4.5,4.5,4.5,4.5,4.5,4.5,4.5,4.5,4.5,4.5,4.5,4.5,4.5,4.5,4.5,4.5,4.5,4.5,4.5,4.5,4.5,4.490743,MD,Ligue 2,M
Yaméogo Bachirou,4.5,4.5,4.5,4.5,4.5,4.5,4.5,4.5,4.5,4.5,4.5,4.5,4.5,4.5,4.5,4.5,4.5,4.5,4.5,4.5,4.5,4.5,4.5,4.5,4.5,4.5,4.5,4.5,4.5,4.5,4.5,4.5,4.5,4.5,4.5,4.5,4.5,4.5,4.5,4.5,4.490743,MO,Ligue 2,M
Meddah Daylam,4.5,4.5,4.5,4.5,4.5,4.5,4.5,4.5,4.5,4.5,4.5,4.5,4.5,4.5,4.5,4.5,4.5,4.5,4.5,4.5,4.5,4.5,4.5,4.5,4.5,4.5,4.5,4.5,4.5,4.5,4.5,4.5,4.5,4.5,4.5,4.5,4.5,4.5,4.5,4.5,4.490743,MD,Ligue 2,M
Sidibé Abdoulaye,4.5,4.5,4.5,4.5,4.5,4.5,4.5,4.5,4.5,4.5,4.5,4.5,4.5,4.5,4.5,4.5,4.5,4.5,4.5,4.5,4.5,4.5,4.5,4.5,4.5,4.5,4.5,4.5,4.5,4.5,4.5,4.5,4.5,4.5,4.5,4.5,4.5,4.5,4.5,4.5,4.490743,MO,Ligue 2,M
Kanouté Franck,5.78,5.78,5.78,5.78,6.0,7.0,6.5,5.0,6.5,6.0,6.0,4.5,6.5,6.0,5.0,5.78,5.5,7.0,6.5,4.5,5.78,5.78,5.78,5.78,5.78,5.78,5.78,5.78,5.78,5.78,5.78,5.78,5.78,5.78,5.78,5.78,5.78,5.78,5.78,4.0,4.437079,MD,Ligue 2,M
Kakuta Gaël,5.13,4.87,5.13,5.13,5.13,5.13,5.13,5.13,5.13,5.13,5.13,5.13,7.0,3.0,4.0,5.13,5.0,7.0,6.5,4.5,5.0,4.5,5.0,5.13,6.0,4.0,4.0,4.0,5.0,5.0,4.5,5.13,4.5,5.13,5.13,5.0,4.5,5.13,5.13,4.0,4.30362,MO,Ligue 2,M
Diliberto Noah,5.4,5.26,5.4,5.4,5.4,5.4,5.0,5.0,5.0,5.0,5.0,7.0,7.0,7.0,5.5,5.0,5.5,5.5,4.5,5.0,5.0,5.0,6.0,5.0,5.0,5.0,5.4,5.4,5.4,5.4,5.4,5.0,5.4,5.0,4.5,5.4,5.4,5.4,5.0,4.0,4.29589,MD,Ligue 2,M
Boé-Kane Yann,5.0,4.85,6.0,4.5,6.0,5.0,4.5,5.0,5.0,5.0,5.0,5.0,5.0,5.0,4.5,5.0,5.5,5.0,5.0,5.0,5.0,5.0,4.5,5.5,3.0,4.0,4.5,4.0,4.5,4.5,5.0,5.0,6.5,5.0,5.0,5.0,5.0,5.0,5.0,4.0,4.2793922,MD,Ligue 2,M
Cissé Sidi,4.25,4.33,4.25,4.0,4.25,4.25,4.5,4.25,4.25,4.25,4.25,4.25,4.25,4.25,4.25,4.25,4.25,4.25,4.25,4.25,4.25,4.25,4.25,4.25,4.25,4.25,4.25,4.25,4.25,4.25,4.25,4.25,4.25,4.25,4.25,4.25,4.5,4.25,4.25,4.25,4.274548,MO,Ligue 2,M
Nisic Jovan,4.75,5.25,4.75,4.75,4.75,4.75,4.75,4.75,4.75,4.75,4.75,5.0,5.0,4.75,4.75,4.75,4.75,4.5,4.5,5.0,7.5,6.0,4.75,4.75,4.75,4.75,4.75,4.75,4.75,4.75,4.75,4.75,4.75,4.75,4.75,4.75,4.75,4.75,4.75,4.5,4.2725496,MD,Ligue 2,M
El Jaouhari Madyen,4.3,4.3,4.0,5.0,4.0,4.3,4.0,4.3,4.3,4.3,4.3,4.3,4.3,4.3,4.5,4.3,4.3,4.3,4.3,4.3,4.3,4.3,4.3,4.3,4.3,4.3,4.3,4.3,4.3,4.3,4.3,4.3,4.3,4.3,4.3,4.3,4.3,4.3,4.3,4.3,4.2701764,MO,Ligue 2,M
Davitashvili Zuriko,5.09,5.09,5.09,5.09,5.09,5.09,5.09,5.09,5.09,5.09,6.0,6.0,5.0,5.5,4.5,4.0,4.5,5.0,7.0,4.5,5.09,5.09,5.09,5.09,5.09,5.09,5.09,5.09,5.09,5.09,5.09,5.09,5.09,5.09,5.09,5.09,5.09,5.09,5.09,4.0,4.259483,MD,Ligue 2,M
Chergui Samir,5.03,5.09,6.0,5.5,5.5,4.0,4.5,5.0,3.5,6.0,5.03,5.03,5.5,6.0,5.0,6.5,3.0,5.03,5.03,5.5,6.0,4.5,5.0,5.0,5.03,5.03,5.0,5.5,5.03,5.03,6.0,4.0,5.03,5.0,6.0,3.5,4.0,7.0,5.5,4.0,4.2541094,MO,Ligue 2,M
Chahiri Mehdi,5.03,5.05,5.03,6.0,5.0,4.5,4.5,5.0,5.0,6.0,5.5,5.03,5.0,6.5,4.0,5.0,5.0,5.0,4.5,5.0,5.03,5.03,5.03,5.03,5.03,5.03,5.03,5.03,5.03,5.03,5.03,5.03,5.03,5.03,5.03,5.03,5.03,6.0,4.5,4.0,4.237425,MO,Ligue 2,M
Ruiz Jean,5.03,5.03,4.5,5.03,5.03,5.0,4.0,5.5,4.5,5.5,6.0,5.0,4.0,6.0,6.0,5.0,5.5,5.0,4.0,6.0,5.03,5.03,5.03,5.03,5.03,5.03,5.03,5.03,5.03,5.03,5.03,5.03,5.03,5.03,5.03,5.03,5.03,5.03,5.03,4.0,4.2289634,MD,Ligue 2,M
Mandouki Cyril,4.89,5.09,3.5,4.89,4.89,5.5,4.89,5.5,4.0,5.0,3.5,5.0,6.0,7.0,5.5,5.5,3.5,4.89,4.89,5.0,4.89,4.89,4.89,4.89,4.89,4.89,4.89,4.89,4.89,4.89,5.5,5.5,5.0,6.0,5.5,4.5,4.5,6.0,6.0,4.0,4.1923876,MD,Ligue 2,M
Goncalves Bryan,4.75,4.75,4.75,4.75,4.75,4.75,4.75,4.75,3.0,4.5,5.5,4.5,4.0,7.0,5.5,5.5,4.0,4.75,4.75,4.75,4.75,4.75,4.75,4.75,4.75,4.75,4.75,4.75,4.75,4.75,4.75,4.75,4.75,4.75,4.75,4.75,4.75,4.75,4.75,4.0,4.1293325,MD,Ligue 2,M
El Hassani Nacim,4.67,3.5,4.5,4.5,5.0,4.67,4.67,4.67,4.67,4.67,4.67,4.67,4.67,4.67,4.67,4.67,4.67,4.67,4.67,4.67,4.67,4.67,4.67,4.67,4.67,4.67,4.67,4.67,4.67,4.67,4.67,4.67,4.67,4.67,4.67,4.67,4.67,4.67,4.67,4.67,4.025549,MD,Ligue 2,M
Bernauer Maxime,5.15,5.03,5.5,7.0,6.0,4.5,5.0,5.5,3.5,5.15,5.0,5.5,4.5,5.15,5.0,5.0,5.0,6.0,5.5,5.5,4.0,5.0,5.15,5.0,5.15,5.15,5.0,5.0,5.15,5.15,5.0,3.5,4.0,5.0,5.15,5.0,5.0,5.0,7.0,3.5,3.9998412,MD,Ligue 2,M
Buadés Lucas,3.0,4.47,3.0,3.0,3.0,3.0,3.0,3.0,3.0,3.0,3.0,3.0,3.0,3.0,3.0,3.0,3.0,3.0,3.0,3.0,3.0,3.0,5.5,6.0,3.0,5.5,4.5,4.0,4.5,6.0,4.0,3.0,4.5,4.5,5.0,4.0,3.0,3.0,3.0,3.0,3.5202882,MO,Ligue 2,M
Riou Matthis,4.95,5.0,4.95,4.95,4.95,4.95,6.5,4.0,5.0,5.0,5.5,6.0,4.95,4.95,4.5,4.95,4.95,4.95,5.0,5.0,4.5,4.95,3.5,4.95,4.95,4.95,6.0,6.0,4.5,3.5,5.0,6.0,3.0,5.5,6.0,5.0,5.0,6.0,6.0,3.0,3.5001602,MD,Ligue 2,M
