Joueur,Note,Note 1 an,j1,j2,j3,j4,j5,j6,j7,j8,j9,j10,j11,j12,j13,j14,j15,j16,j17,j18,j20,j21,j22,j23,j24,j25,j26,j27,j28,j29,j30,j31,j32,j33,j34,j35,j36,j37,j38,j19,prediction_label,Poste,Championnat
Cornette Quentin,5.47,5.45,5.0,5.47,5.47,5.0,5.0,6.5,5.0,5.0,6.5,5.0,7.5,5.5,5.0,5.47,5.0,3.0,5.47,5.0,4.5,6.5,5.5,5.5,5.0,5.47,7.0,7.5,5.5,4.0,7.5,4.5,5.47,6.0,5.5,4.5,5.0,4.5,4.0,8.0,7.7109303,MO,Ligue 2
Jallow Ablie,5.83,5.83,7.0,5.0,7.5,5.5,5.0,5.0,5.0,7.0,5.0,6.5,5.0,5.5,4.5,6.5,5.5,5.0,5.83,7.0,5.83,5.83,5.83,5.83,5.83,5.83,5.83,5.83,5.83,5.83,5.83,5.83,5.83,5.83,5.83,5.83,5.83,5.83,5.83,7.5,7.13187,MO,Ligue 2
Brahimi Bilal,5.24,5.23,5.24,5.5,5.0,5.5,5.5,5.0,5.0,6.0,5.5,5.0,4.5,4.0,5.0,5.24,4.5,5.5,5.0,5.0,5.0,5.24,6.0,5.24,5.24,5.24,6.5,5.0,6.0,5.0,5.0,5.5,4.5,3.0,4.5,5.5,6.0,5.0,6.0,7.5,6.986536,MO,Ligue 2
Doumbia Moussa,5.81,5.59,5.0,4.0,5.0,7.5,6.5,6.5,7.0,8.0,5.5,4.5,7.0,5.5,4.5,6.0,5.81,5.5,5.5,4.0,5.81,5.81,5.81,5.81,5.81,5.81,5.0,5.81,5.81,5.0,5.81,3.5,5.0,5.81,5.81,5.81,5.81,5.81,5.81,7.0,6.8699737,MO,Ligue 2
Berthomier Jason,5.41,5.08,5.41,5.41,5.41,5.41,5.41,5.41,5.41,6.0,5.5,5.5,5.0,5.5,5.0,6.0,4.0,5.41,4.5,5.5,5.41,3.5,5.5,5.0,5.5,6.0,5.0,4.5,4.5,4.0,5.0,3.5,5.41,5.41,5.41,5.41,5.41,5.41,5.41,7.0,6.7915606,MO,Ligue 2
Bobichon Antonin,6.0,5.22,6.0,6.0,6.0,6.0,6.0,6.0,6.0,6.0,6.0,6.0,6.0,6.0,6.0,6.0,6.0,6.0,6.0,5.0,6.0,6.0,5.5,5.5,6.0,6.0,5.0,5.5,4.5,6.0,6.0,5.0,4.5,5.0,6.5,4.5,5.0,7.0,6.0,7.0,6.468521,MO,Ligue 2
Fransérgio,5.44,5.02,5.44,7.0,5.0,6.0,5.0,6.0,6.0,5.0,5.0,6.0,7.0,4.0,5.0,4.0,4.5,5.44,5.0,5.5,4.5,5.0,6.0,3.5,4.0,5.44,5.44,4.0,5.44,4.0,5.44,5.44,4.5,5.44,5.44,5.0,3.0,5.0,5.44,6.5,6.32666,MO,Ligue 2
Mauricio Tony,5.71,5.83,5.0,5.0,5.5,6.0,5.0,6.0,8.0,6.0,7.0,6.0,6.0,5.0,6.0,5.0,5.0,5.5,5.5,4.5,5.5,7.0,5.0,5.71,7.5,5.0,6.0,7.0,6.0,5.0,6.5,7.5,5.0,7.0,5.0,6.0,5.71,4.5,6.0,6.5,6.305466,MO,Ligue 2
Jacob Valentin,5.54,5.38,5.54,5.54,5.54,6.0,5.5,5.5,4.5,6.0,5.5,5.5,5.0,5.5,5.54,4.5,5.0,6.5,6.0,5.54,4.5,6.5,5.5,4.0,5.54,5.54,5.54,5.54,5.0,6.0,4.5,6.0,6.0,3.5,4.5,6.0,6.0,6.0,4.5,6.5,6.276568,MO,Ligue 2
Camara Idrissa,4.69,4.69,5.5,5.0,4.0,4.5,4.5,4.5,4.0,4.5,4.5,4.5,4.0,4.0,4.69,5.0,5.0,4.69,4.69,5.0,4.69,4.69,4.69,4.69,4.69,4.69,4.69,4.69,4.69,4.69,4.69,4.69,4.69,4.69,4.69,4.69,4.69,4.69,4.69,6.5,6.0960565,MO,Ligue 2
Deminguet Jessy,5.56,5.69,5.56,5.56,5.56,5.56,5.56,5.56,5.56,7.5,6.5,6.0,5.5,5.56,5.0,5.0,5.5,4.5,5.56,4.5,4.5,5.5,8.0,4.5,5.5,5.0,7.0,5.56,7.0,4.0,8.5,6.0,5.5,6.0,5.5,6.5,4.0,5.56,5.0,5.56,6.0475082,MO,Ligue 2
Saivet Henri,5.81,5.81,5.81,5.0,5.0,5.0,6.0,7.0,8.0,6.0,5.5,4.5,6.5,6.5,5.5,6.5,6.0,5.5,4.5,5.81,5.81,5.81,5.81,5.81,5.81,5.81,5.81,5.81,5.81,5.81,5.81,5.81,5.81,5.81,5.81,5.81,5.81,5.81,5.81,5.81,5.842113,MO,Ligue 2
Nassi Walid,5.25,5.25,5.5,5.0,5.0,5.25,5.25,5.25,5.25,5.0,5.5,5.25,5.0,5.25,5.25,5.25,5.0,5.0,5.25,5.5,5.25,5.25,5.25,5.25,5.25,5.25,5.25,5.25,5.25,5.25,5.25,5.25,5.25,5.25,5.25,5.25,5.25,5.25,5.25,6.0,5.824657,MO,Ligue 2
Valério Antoine,5.11,5.0,5.0,4.5,5.5,6.0,6.0,5.11,5.0,5.0,4.5,4.5,4.5,5.11,5.0,5.11,5.0,5.11,5.11,5.0,5.0,5.0,5.5,5.11,4.5,4.5,4.5,5.11,5.0,5.5,5.11,5.11,5.11,4.0,5.11,5.0,5.11,5.11,5.11,6.0,5.8130417,MO,Ligue 2
Gaudin Jules,5.23,5.23,8.0,5.23,5.23,5.23,5.23,5.23,4.5,5.0,6.0,5.0,3.0,6.0,5.0,5.0,4.5,5.23,5.0,5.0,5.23,5.23,5.23,5.23,5.23,5.23,5.23,5.23,5.23,5.23,5.23,5.23,5.23,5.23,5.23,5.23,5.23,5.23,5.23,6.0,5.802701,MO,Ligue 2
Cafaro Mathieu,5.09,5.09,4.0,5.5,6.0,2.5,5.09,6.5,4.5,4.5,5.0,5.0,5.0,5.0,5.09,5.5,4.5,5.09,5.5,6.5,5.09,5.09,5.09,5.09,5.09,5.09,5.09,5.09,5.09,5.09,5.09,5.09,5.09,5.09,5.09,5.09,5.09,5.09,5.09,6.0,5.7806287,MO,Ligue 2
Maziz Youssef,6.18,6.18,6.0,6.18,6.18,6.18,7.0,8.0,5.5,6.0,5.5,6.18,6.18,6.18,6.18,6.18,7.0,5.0,5.5,7.0,6.18,6.18,6.18,6.18,6.18,6.18,6.18,6.18,6.18,6.18,6.18,6.18,6.18,6.18,6.18,6.18,6.18,6.18,6.18,5.5,5.7001266,MO,Ligue 2
Sbaï Amine,4.4,4.4,4.0,4.4,4.0,4.0,4.5,4.4,4.4,4.0,4.4,4.4,4.4,4.5,4.0,4.4,4.0,4.4,4.4,5.0,4.4,4.4,4.4,4.4,4.4,4.4,4.4,4.4,4.4,4.4,4.4,4.4,4.4,4.4,4.4,4.4,4.4,4.4,4.4,6.0,5.5778484,MO,Ligue 2
Roye Jimmy,5.17,5.17,6.5,4.5,6.0,5.0,4.5,6.0,4.0,5.17,5.5,4.5,3.0,6.5,5.5,7.0,7.0,3.5,4.0,4.5,5.17,5.17,5.17,5.17,5.17,5.17,5.17,5.17,5.17,5.17,5.17,5.17,5.17,5.17,5.17,5.17,5.17,5.17,5.17,5.5,5.5449123,MO,Ligue 2
Court Yoann,5.0,5.24,6.0,5.0,5.0,5.0,5.0,5.0,5.0,5.0,5.0,5.0,5.0,5.0,5.0,5.0,4.5,4.5,5.0,5.0,2.5,5.0,5.0,5.0,5.0,5.0,5.5,5.0,8.0,4.0,5.5,7.0,6.5,4.5,5.0,5.5,6.5,4.5,5.0,5.0,5.528851,MO,Ligue 2
Zemzemi Moataz,5.25,5.24,6.0,3.5,4.5,6.5,4.5,4.5,5.0,5.25,5.0,6.0,5.5,4.0,6.0,5.5,7.0,5.0,5.5,5.0,6.0,5.25,4.5,5.0,4.5,4.5,5.0,4.5,5.25,4.0,6.5,5.5,5.0,5.5,5.5,5.0,5.25,7.5,5.0,5.5,5.4525547,MO,Ligue 2
Chambost Dylan,5.42,5.25,5.42,5.42,5.42,5.42,5.5,7.0,4.5,6.0,4.5,7.0,5.0,4.5,5.5,5.5,5.42,5.5,5.5,4.5,5.42,5.0,5.42,4.5,4.5,5.42,5.42,5.0,5.42,5.42,5.42,5.42,5.0,5.42,5.42,5.42,5.42,5.42,5.42,5.42,5.436565,MO,Ligue 2
Sissokho Issouf,5.33,5.25,5.0,4.5,5.0,5.0,5.5,7.0,5.33,5.33,5.0,6.0,6.0,4.5,5.0,5.5,5.33,5.33,5.33,5.33,6.0,3.5,5.33,5.33,5.33,5.33,5.33,5.33,5.33,5.33,5.33,5.33,5.33,5.33,5.33,5.33,5.33,5.33,5.33,5.33,5.4147143,MO,Ligue 2
de Lima Marvin,5.4,5.4,5.4,6.5,5.4,5.4,5.0,5.5,5.4,5.0,5.0,5.4,5.4,5.4,5.4,5.4,5.4,5.4,5.4,5.4,5.4,5.4,5.4,5.4,5.4,5.4,5.4,5.4,5.4,5.4,5.4,5.4,5.4,5.4,5.4,5.4,5.4,5.4,5.4,5.4,5.38456,MO,Ligue 2
Billemaz Clément,4.59,4.59,5.0,5.0,4.5,4.59,4.5,5.5,4.5,4.5,3.0,4.0,5.0,4.0,4.5,4.5,4.59,4.5,4.0,5.5,4.59,4.59,4.59,4.59,4.59,4.59,4.59,4.59,4.59,4.59,4.59,4.59,4.59,4.59,4.59,4.59,4.59,4.59,4.59,5.5,5.283794,MO,Ligue 2
Gbellé Garland,5.28,5.21,4.5,5.0,5.5,6.0,5.0,4.5,6.0,5.0,4.5,5.5,6.5,5.0,5.28,5.0,6.0,5.0,4.5,6.5,4.0,6.0,4.0,5.5,4.5,5.0,4.0,5.28,5.0,5.0,4.5,5.0,8.0,5.5,5.5,5.28,5.0,4.5,6.5,5.0,5.2720165,MO,Ligue 2
Richardson Amir,5.74,5.38,6.0,5.0,5.5,5.5,5.5,7.0,5.74,6.0,6.0,5.74,6.0,4.5,5.5,6.5,6.0,6.5,5.0,6.0,5.74,5.74,5.5,5.5,4.5,4.5,6.0,6.5,5.74,4.5,4.0,4.0,5.0,4.5,5.0,5.74,5.0,4.5,5.5,5.0,5.2218184,MO,Ligue 2
Weissbeck Gaétan,5.76,5.85,6.5,4.5,5.5,7.5,7.0,5.0,7.5,7.0,5.76,4.5,6.0,5.5,5.0,5.5,5.0,5.0,6.0,5.76,6.0,7.0,6.0,6.0,7.5,6.0,4.0,6.5,5.0,4.5,7.0,5.76,5.5,5.76,5.5,5.5,5.0,6.0,8.0,5.0,5.2188163,MO,Ligue 2
Salles-Lamonge Sébastien,5.26,5.46,5.5,7.0,7.0,5.0,4.0,2.5,4.5,5.0,7.0,6.0,3.5,5.5,6.5,5.0,4.5,5.5,5.5,5.0,6.0,5.0,5.0,5.5,6.0,5.5,7.0,6.0,5.26,5.26,5.26,5.26,5.0,6.0,5.5,6.0,5.5,5.0,6.5,5.5,5.208048,MO,Ligue 2
Sagna Amadou,5.33,5.33,5.33,5.0,5.0,6.0,5.0,5.0,6.5,6.0,4.0,5.0,4.0,3.5,6.5,6.5,5.5,5.0,7.0,5.5,5.33,5.33,5.33,5.33,5.33,5.33,5.33,5.33,5.33,5.33,5.33,5.33,5.33,5.33,5.33,5.33,5.33,5.33,5.33,5.0,5.180352,MO,Ligue 2
Ngando Axel,5.25,5.19,6.0,5.25,5.25,5.25,5.5,5.5,4.5,4.5,6.0,4.5,6.0,6.5,5.0,5.25,5.25,4.5,4.5,5.25,5.25,5.25,5.25,5.5,5.0,5.25,5.25,5.25,5.25,5.25,5.25,4.5,5.0,5.25,5.25,5.25,5.25,5.25,5.25,5.25,5.1712823,MO,Ligue 2
Buni Jorge Plamedi,5.33,5.0,5.33,5.33,5.0,5.33,7.0,4.0,5.33,5.33,5.33,5.33,5.33,5.33,5.33,5.33,5.33,5.33,5.33,5.33,5.33,5.33,5.33,5.33,5.33,5.33,5.33,5.33,5.33,5.33,5.33,5.33,5.33,4.0,5.33,5.33,5.33,5.33,5.33,5.33,5.165939,MO,Ligue 2
Iglesias Jonathan,5.64,5.44,5.5,5.0,5.0,5.64,4.5,7.0,5.0,6.0,5.0,6.5,5.0,6.0,6.0,5.5,5.0,6.0,6.0,7.5,5.5,5.0,5.5,5.5,6.0,5.64,5.0,5.0,5.64,5.64,4.5,5.0,4.5,5.64,6.0,4.5,5.0,6.0,5.0,5.0,5.16342,MO,Ligue 2
López Julien,4.94,5.28,3.5,4.94,4.5,4.5,6.5,5.0,6.0,4.5,4.5,5.0,5.0,4.94,5.0,5.0,6.0,4.5,4.5,5.0,5.0,5.0,7.5,5.5,6.0,4.94,4.5,6.0,4.94,4.94,5.0,7.0,7.5,5.5,5.0,4.5,4.0,4.94,7.0,5.0,5.1323714,MO,Ligue 2
Elis Alberth,4.75,4.71,4.75,4.75,4.0,4.0,4.5,5.5,5.0,4.5,4.75,6.0,4.5,4.5,5.0,4.0,5.0,4.5,4.0,6.0,4.0,4.0,7.0,3.5,5.5,4.75,4.75,4.0,3.5,3.5,4.5,4.75,4.75,4.75,4.75,4.75,4.75,4.75,4.75,5.0,5.105788,MO,Ligue 2
Sylvestre Eddy,5.24,4.98,5.0,4.5,4.5,3.0,4.5,4.5,5.24,5.24,6.0,5.0,5.0,8.0,6.5,4.5,6.0,5.0,6.5,5.5,4.5,5.24,5.24,5.24,5.0,4.5,4.5,5.5,4.5,5.24,5.0,5.5,4.0,3.0,5.24,5.24,5.24,5.24,4.5,5.0,5.0898643,MO,Ligue 2
Benet Jessy,4.97,4.98,3.5,6.0,5.5,5.0,4.97,4.0,6.0,4.0,4.97,5.0,6.0,4.0,5.0,5.0,4.5,5.0,6.0,4.97,4.5,5.0,5.0,4.5,4.5,4.0,6.0,5.0,6.0,3.0,5.0,5.5,5.0,5.5,5.5,5.5,5.0,5.5,4.97,4.97,5.0784454,MO,Ligue 2
Nguyen Quang Hai,5.05,5.05,5.5,5.0,5.0,4.5,5.0,5.0,5.05,5.05,5.0,5.05,6.5,4.5,4.5,5.05,5.05,5.05,5.05,5.05,5.05,5.05,5.05,5.05,5.05,5.05,5.05,5.05,5.05,5.05,5.05,5.05,5.05,5.05,5.05,5.05,5.05,5.05,5.05,5.05,5.0643644,MO,Ligue 2
Bangré Mamady,5.36,5.33,5.5,5.5,5.0,5.5,5.0,4.0,5.0,5.5,5.0,5.36,5.0,4.5,6.5,5.0,5.0,7.0,7.0,5.5,5.36,5.36,5.36,5.36,5.36,5.36,5.36,5.36,5.36,7.0,5.36,5.36,5.36,5.36,5.36,5.36,4.0,5.36,4.5,5.0,5.0500884,MO,Ligue 2
Kebbal Ilan,5.28,5.04,5.28,5.28,5.28,5.28,5.28,5.28,5.0,7.0,4.5,6.5,4.5,5.28,5.0,5.28,5.0,5.28,5.28,5.0,5.28,5.0,5.28,5.28,5.28,4.0,5.5,5.0,5.5,4.5,5.28,5.0,5.0,5.0,5.0,5.0,5.5,5.0,5.28,5.0,5.043904,MO,Ligue 2
Boli Charles,4.96,4.96,4.96,5.5,5.0,4.5,5.0,5.0,4.5,4.96,4.96,5.0,4.96,4.96,4.96,5.0,4.96,5.0,5.0,5.0,4.96,4.96,4.96,4.96,4.96,4.96,4.96,4.96,4.96,4.96,4.96,4.96,4.96,4.96,4.96,4.96,4.96,4.96,4.96,5.0,5.0060596,MO,Ligue 2
Soumaré Bryan,5.34,5.34,8.0,5.5,7.0,5.0,6.0,4.0,4.5,4.0,5.0,5.5,5.0,5.0,5.0,5.0,6.0,8.0,4.0,4.0,5.34,5.34,5.34,5.34,5.34,5.34,5.34,5.34,5.34,5.34,5.34,5.34,5.34,5.34,5.34,5.34,5.34,5.34,5.34,5.0,5.003979,MO,Ligue 2
Boudaché Ilian,5.0,5.0,5.0,5.0,5.0,5.0,5.0,5.0,5.0,5.0,5.0,5.0,5.0,5.0,5.0,5.0,5.0,5.0,5.0,5.0,5.0,5.0,5.0,5.0,5.0,5.0,5.0,5.0,5.0,5.0,5.0,5.0,5.0,5.0,5.0,5.0,5.0,5.0,5.0,5.0,5.003771,MO,Ligue 2
Martin Florian,5.11,5.1,5.11,5.5,4.5,5.0,5.11,5.11,5.11,5.11,5.11,5.11,5.11,5.5,5.0,5.0,5.5,5.11,5.11,5.0,5.11,5.11,5.11,5.11,5.0,5.11,5.11,5.11,5.11,5.11,5.11,5.11,5.11,5.11,5.11,5.11,5.11,5.11,5.11,5.0,5.001407,MO,Ligue 2
Rocchi Jean-Jacques,4.91,4.91,5.0,4.5,5.0,5.0,4.91,5.0,4.91,5.0,5.0,4.5,4.91,5.0,4.91,4.91,4.91,5.0,4.91,4.91,4.91,4.91,4.91,4.91,4.91,4.91,4.91,4.91,4.91,4.91,4.91,4.91,4.91,4.91,4.91,4.91,4.91,4.91,4.91,5.0,4.994275,MO,Ligue 2
Renel Samuel,5.31,5.03,5.31,5.31,5.31,5.31,5.31,5.31,5.31,4.5,5.0,5.0,5.31,5.31,4.5,5.31,5.31,5.5,7.0,6.0,5.31,5.31,4.5,4.5,5.31,5.0,5.31,5.0,5.31,4.5,5.31,5.31,5.31,5.31,5.0,4.5,5.31,5.31,5.31,5.0,4.9896755,MO,Ligue 2
Boutoutaou Aymen,5.68,5.32,4.5,4.5,5.0,6.5,6.0,6.0,5.68,5.68,5.68,5.68,5.68,5.68,5.68,5.0,5.68,6.5,5.5,8.0,5.68,5.68,5.68,5.68,5.68,5.0,5.5,5.68,5.0,5.68,5.5,5.5,4.5,4.0,4.5,5.0,5.68,5.0,5.0,5.0,4.9590425,MO,Ligue 2
Abzi Diyaeddine,4.68,4.68,3.0,5.0,5.0,3.5,5.0,5.0,5.0,4.68,4.5,5.0,4.68,5.0,4.68,5.0,4.68,5.0,4.68,4.5,4.68,4.68,4.68,4.68,4.68,4.68,4.68,4.68,4.68,4.68,4.68,4.68,4.68,4.68,4.68,4.68,4.68,4.68,4.68,5.0,4.952865,MO,Ligue 2
Mahmoud Elies,4.75,4.68,4.75,5.0,5.0,4.5,4.5,5.0,4.0,4.5,5.0,4.0,7.0,5.0,4.0,5.0,4.5,4.0,4.5,5.0,4.5,4.5,4.75,4.75,4.75,4.75,4.75,4.75,4.75,4.75,4.75,4.75,4.75,4.75,4.5,4.0,4.75,4.75,4.75,5.0,4.950669,MO,Ligue 2
Benezet Nicolas,4.75,4.75,5.0,4.75,4.75,4.5,4.75,4.75,4.75,4.75,4.75,4.75,4.75,4.75,4.75,4.75,4.75,4.0,5.0,5.0,4.75,4.75,4.75,4.75,4.75,4.75,4.75,4.75,4.75,4.75,4.75,4.75,4.75,4.75,4.75,4.75,4.75,4.75,4.75,5.0,4.9482694,MO,Ligue 2
Ouammou Nassim,4.78,4.81,5.0,5.0,4.5,4.5,4.5,3.0,6.5,4.0,5.0,5.0,6.5,4.5,5.0,5.0,4.5,4.0,4.5,5.0,3.0,4.0,4.78,5.0,4.78,4.5,4.0,5.0,6.0,6.5,4.0,6.0,4.0,4.5,5.0,4.5,5.5,5.5,5.5,4.78,4.932511,MO,Ligue 2
Boutobba Bilal,5.61,5.53,7.0,6.0,5.0,8.0,4.5,5.0,7.5,5.0,5.61,5.5,4.5,4.0,6.5,4.5,5.0,5.5,6.0,7.0,5.0,5.61,5.0,5.0,4.5,5.0,4.5,5.61,5.61,5.0,7.0,5.5,5.5,7.5,5.5,4.0,5.0,7.0,6.0,4.5,4.9187727,MO,Ligue 2
Depussay Emeric,4.88,4.88,5.0,5.0,4.88,5.5,4.5,5.0,4.5,4.88,4.5,5.0,5.0,5.0,4.5,5.0,4.88,4.88,4.88,4.88,4.88,4.88,4.88,4.88,4.88,4.88,4.88,4.88,4.88,4.88,4.88,4.88,4.88,4.88,4.88,4.88,4.88,4.88,4.88,4.88,4.9080405,MO,Ligue 2
Isola Baptiste,4.88,4.88,4.88,4.88,4.88,4.88,4.88,4.5,4.88,4.88,4.88,5.0,5.0,5.0,4.88,4.88,4.88,4.88,4.88,4.88,4.88,4.88,4.88,4.88,4.88,4.88,4.88,4.88,4.88,4.88,4.88,4.88,4.88,4.88,4.88,4.88,4.88,4.88,4.88,4.88,4.8849216,MO,Ligue 2
Bonnet Alexandre,5.07,5.03,5.5,3.0,5.5,5.0,6.0,5.0,7.0,5.0,4.5,5.0,5.0,5.07,5.07,5.07,5.07,5.0,5.0,5.0,4.0,5.0,4.0,5.0,5.0,3.0,5.07,5.07,5.0,5.0,4.5,5.0,7.0,5.5,6.0,5.5,4.5,6.0,5.0,4.5,4.884761,MO,Ligue 2
Gueye Lamine,5.5,5.52,8.0,5.5,6.5,6.0,6.5,5.5,6.0,4.5,4.5,5.5,4.5,6.0,5.0,4.0,6.5,5.5,5.5,4.5,4.0,5.5,5.5,5.0,6.5,5.5,7.0,5.5,5.5,5.5,5.5,5.5,5.5,5.5,5.5,5.5,5.5,5.5,5.5,4.5,4.8799725,MO,Ligue 2
Nomel Landry,4.61,4.61,4.61,4.61,4.61,4.61,4.61,4.61,4.61,4.5,4.5,4.5,4.5,4.61,4.0,4.61,4.61,5.0,4.5,5.0,4.61,4.61,4.61,4.61,4.61,4.61,4.61,4.61,4.61,4.61,4.61,4.61,4.61,4.61,4.61,4.61,4.61,4.61,4.61,5.0,4.8774686,MO,Ligue 2
Bassi Amine,4.88,5.08,4.88,4.88,4.88,4.88,4.88,4.88,4.88,4.88,5.0,5.0,4.5,4.88,5.0,4.88,4.88,4.88,4.88,4.88,5.0,6.0,4.88,4.88,4.88,4.88,4.88,4.88,4.88,4.88,4.88,4.88,4.88,4.88,4.88,4.88,4.88,4.88,4.88,4.88,4.8757873,MO,Ligue 2
Schur Kévin,4.38,4.67,4.5,4.38,4.5,4.5,4.5,3.0,4.38,4.0,4.38,4.38,4.38,4.38,4.38,4.5,5.0,4.0,4.0,5.0,4.5,4.5,5.0,5.0,7.0,4.38,4.38,4.38,5.0,4.38,4.38,5.0,4.5,5.0,5.0,5.0,3.5,4.5,5.5,5.0,4.874195,MO,Ligue 2
Rajot Lorenzo,5.1,5.0,5.1,5.1,5.0,5.0,5.0,5.1,5.1,5.0,5.5,4.0,5.0,4.5,4.5,5.0,6.0,5.0,5.5,7.0,3.0,5.1,5.5,5.1,5.1,5.0,5.1,5.5,4.5,5.1,4.0,5.0,5.0,4.0,6.0,5.0,5.0,5.0,6.0,4.5,4.8672,MO,Ligue 2
Aiki Ayman,4.86,4.86,6.0,5.0,4.5,4.86,4.5,4.5,4.86,4.86,4.5,5.0,4.86,4.86,4.86,4.86,4.86,4.86,4.86,4.86,4.86,4.86,4.86,4.86,4.86,4.86,4.86,4.86,4.86,4.86,4.86,4.86,4.86,4.86,4.86,4.86,4.86,4.86,4.86,4.86,4.862477,MO,Ligue 2
Pereira De Sa Roli,5.0,5.0,5.0,5.0,5.0,5.5,5.0,5.0,5.0,5.0,5.0,4.5,5.0,5.0,5.0,5.0,5.0,5.0,5.0,5.0,6.0,5.5,5.0,4.5,5.0,5.0,4.5,5.5,5.0,5.0,5.0,5.0,5.0,5.0,5.0,4.5,5.0,5.0,5.0,5.0,4.8351393,MO,Ligue 2
Benrahou Yassine,4.67,5.15,4.5,5.0,4.5,4.67,4.5,4.5,4.67,4.67,4.67,4.67,4.67,4.67,4.67,4.67,4.5,4.67,6.0,3.5,4.67,7.0,7.5,4.67,5.0,4.67,4.67,6.0,6.5,6.5,4.5,5.0,5.0,3.5,5.0,5.0,4.67,6.0,4.0,5.0,4.8311477,MO,Ligue 2
Savignac Noa,4.83,4.83,5.0,4.5,5.0,4.83,4.83,4.83,4.83,4.83,4.83,4.83,4.83,4.83,4.83,4.83,4.83,4.83,4.83,4.83,4.83,4.83,4.83,4.83,4.83,4.83,4.83,4.83,4.83,4.83,4.83,4.83,4.83,4.83,4.83,4.83,4.83,4.83,4.83,4.83,4.8282437,MO,Ligue 2
Olaitan Junior,4.69,4.75,4.0,5.5,5.5,4.0,4.0,4.5,4.5,5.0,5.0,4.5,5.0,4.5,4.5,3.5,4.69,5.0,5.5,5.0,4.69,4.69,4.69,4.69,4.69,4.69,4.69,4.69,4.69,4.69,4.5,5.0,4.69,5.0,4.69,5.0,5.5,4.69,4.5,5.0,4.8188157,MO,Ligue 2
Livolant Jérémy,5.66,5.76,7.0,6.5,5.0,6.0,6.5,7.0,6.5,8.5,7.0,5.0,3.5,4.5,6.0,4.5,4.0,6.5,4.5,4.5,6.0,5.5,3.5,5.5,7.0,5.66,6.0,5.0,4.5,6.0,7.0,7.5,4.5,6.0,5.0,5.0,7.0,7.5,7.0,4.5,4.815241,MO,Ligue 2
Beusnard Steeve,5.34,5.34,3.0,5.0,6.5,3.5,4.0,6.0,5.0,7.0,6.0,5.5,5.0,5.5,7.0,6.5,7.0,4.5,5.0,5.0,5.34,5.34,5.34,5.34,5.34,5.34,5.34,5.34,5.34,5.34,5.34,5.34,5.34,5.34,5.34,5.34,5.34,5.34,5.34,4.5,4.8128448,MO,Ligue 2
Delaurier Logan,4.82,4.82,3.5,6.0,7.0,5.0,4.0,6.5,5.0,4.0,4.82,4.5,4.82,4.82,5.0,4.5,4.5,4.5,3.5,4.82,4.82,4.82,4.82,4.82,4.82,4.82,4.82,4.82,4.82,4.82,4.82,4.82,4.82,4.82,4.82,4.82,4.82,4.82,4.82,4.82,4.7713313,MO,Ligue 2
Talal Amine,4.85,5.13,4.5,5.0,5.0,4.0,4.0,5.5,4.85,5.0,4.85,4.85,4.85,4.85,6.0,4.5,4.85,4.85,5.0,4.85,6.0,5.0,4.85,4.85,4.85,4.85,5.0,4.85,5.5,7.0,6.0,5.0,5.5,6.0,4.0,5.0,4.0,5.0,5.5,4.85,4.7456937,MO,Ligue 2
Merghem Mehdi,5.14,5.21,8.0,5.14,5.0,5.14,5.14,5.14,5.14,5.14,5.14,5.14,5.14,5.0,5.0,5.14,5.14,5.14,3.5,5.0,5.14,5.14,4.5,5.0,6.0,5.14,5.0,4.0,5.14,3.0,5.14,5.0,5.5,5.0,5.0,6.0,7.0,5.5,7.0,4.5,4.6535254,MO,Ligue 2
Barthelmé Maxime,5.0,5.07,5.0,6.5,4.5,5.0,6.5,5.0,5.5,6.0,5.0,4.0,4.0,4.0,4.5,5.0,5.5,5.0,5.0,4.5,5.5,5.0,5.0,5.0,5.0,5.0,5.0,5.0,5.0,5.0,5.0,5.0,5.0,5.0,7.0,5.0,5.0,5.0,4.5,4.5,4.6526017,MO,Ligue 2
David Florian,4.5,4.88,4.5,4.5,4.5,4.5,4.5,4.5,4.5,4.5,4.5,4.5,4.5,4.5,4.5,4.5,4.5,4.5,4.5,4.5,4.5,5.5,5.0,5.0,4.5,4.5,4.5,4.5,4.5,4.0,5.0,4.5,5.0,5.0,6.0,4.5,4.5,4.5,4.5,4.5,4.626023,MO,Ligue 2
Michel Florian,4.69,4.87,4.69,5.5,4.5,4.0,4.5,4.5,5.0,4.5,5.0,4.69,4.69,4.69,4.69,4.69,4.69,4.69,4.69,4.69,5.5,4.69,5.0,4.69,4.69,4.69,4.69,4.69,5.0,4.69,4.5,5.0,4.5,5.5,5.5,6.0,5.0,3.5,4.69,4.69,4.604626,MO,Ligue 2
Testud Kévin,4.92,4.92,4.0,5.0,4.0,6.5,5.5,6.0,5.5,5.0,4.0,4.0,6.5,4.0,4.0,5.5,4.5,5.0,4.5,5.5,4.92,4.92,4.92,4.92,4.92,4.92,4.92,4.92,4.92,4.92,4.92,4.92,4.92,4.92,4.92,4.92,4.92,4.92,4.92,4.5,4.592363,MO,Ligue 2
Diarra Souleymane,4.72,4.89,4.72,4.72,4.72,3.5,4.72,4.72,5.5,4.72,5.0,4.72,4.5,5.5,4.72,4.72,4.5,4.5,4.72,5.0,5.0,5.5,4.72,4.72,4.72,4.72,4.72,4.72,4.72,4.5,6.0,6.0,4.0,4.72,6.0,4.0,4.72,5.0,4.5,4.5,4.5373764,MO,Ligue 2
Yaméogo Bachirou,4.5,4.5,4.5,4.5,4.5,4.5,4.5,4.5,4.5,4.5,4.5,4.5,4.5,4.5,4.5,4.5,4.5,4.5,4.5,4.5,4.5,4.5,4.5,4.5,4.5,4.5,4.5,4.5,4.5,4.5,4.5,4.5,4.5,4.5,4.5,4.5,4.5,4.5,4.5,4.5,4.490743,MO,Ligue 2
Sidibé Abdoulaye,4.5,4.5,4.5,4.5,4.5,4.5,4.5,4.5,4.5,4.5,4.5,4.5,4.5,4.5,4.5,4.5,4.5,4.5,4.5,4.5,4.5,4.5,4.5,4.5,4.5,4.5,4.5,4.5,4.5,4.5,4.5,4.5,4.5,4.5,4.5,4.5,4.5,4.5,4.5,4.5,4.490743,MO,Ligue 2
Kakuta Gaël,5.13,4.87,5.13,5.13,5.13,5.13,5.13,5.13,5.13,5.13,5.13,5.13,7.0,3.0,4.0,5.13,5.0,7.0,6.5,4.5,5.0,4.5,5.0,5.13,6.0,4.0,4.0,4.0,5.0,5.0,4.5,5.13,4.5,5.13,5.13,5.0,4.5,5.13,5.13,4.0,4.30362,MO,Ligue 2
Cissé Sidi,4.25,4.33,4.25,4.0,4.25,4.25,4.5,4.25,4.25,4.25,4.25,4.25,4.25,4.25,4.25,4.25,4.25,4.25,4.25,4.25,4.25,4.25,4.25,4.25,4.25,4.25,4.25,4.25,4.25,4.25,4.25,4.25,4.25,4.25,4.25,4.25,4.5,4.25,4.25,4.25,4.274548,MO,Ligue 2
El Jaouhari Madyen,4.3,4.3,4.0,5.0,4.0,4.3,4.0,4.3,4.3,4.3,4.3,4.3,4.3,4.3,4.5,4.3,4.3,4.3,4.3,4.3,4.3,4.3,4.3,4.3,4.3,4.3,4.3,4.3,4.3,4.3,4.3,4.3,4.3,4.3,4.3,4.3,4.3,4.3,4.3,4.3,4.2701764,MO,Ligue 2
Chergui Samir,5.03,5.09,6.0,5.5,5.5,4.0,4.5,5.0,3.5,6.0,5.03,5.03,5.5,6.0,5.0,6.5,3.0,5.03,5.03,5.5,6.0,4.5,5.0,5.0,5.03,5.03,5.0,5.5,5.03,5.03,6.0,4.0,5.03,5.0,6.0,3.5,4.0,7.0,5.5,4.0,4.2541094,MO,Ligue 2
Chahiri Mehdi,5.03,5.05,5.03,6.0,5.0,4.5,4.5,5.0,5.0,6.0,5.5,5.03,5.0,6.5,4.0,5.0,5.0,5.0,4.5,5.0,5.03,5.03,5.03,5.03,5.03,5.03,5.03,5.03,5.03,5.03,5.03,5.03,5.03,5.03,5.03,5.03,5.03,6.0,4.5,4.0,4.237425,MO,Ligue 2
Buadés Lucas,3.0,4.47,3.0,3.0,3.0,3.0,3.0,3.0,3.0,3.0,3.0,3.0,3.0,3.0,3.0,3.0,3.0,3.0,3.0,3.0,3.0,3.0,5.5,6.0,3.0,5.5,4.5,4.0,4.5,6.0,4.0,3.0,4.5,4.5,5.0,4.0,3.0,3.0,3.0,3.0,3.5202882,MO,Ligue 2
