Joueur,Note,Note 1 an,j1,j2,j3,j4,j5,j6,j7,j8,j9,j10,j11,j12,j13,j14,j15,j16,j17,j18,j20,j21,j22,j23,j24,j25,j26,j27,j28,j29,j30,j31,j32,j33,j34,j35,j36,j37,j38,j19,prediction_label,Poste,Championnat
Kashi Ahmed,5.47,5.47,6.0,5.0,5.0,5.0,5.0,6.0,5.5,5.47,5.47,4.5,8.0,5.0,5.0,5.0,5.0,5.0,5.0,5.5,5.47,5.47,5.47,5.47,5.47,5.47,5.47,5.47,5.47,5.47,5.47,5.47,5.47,5.47,5.47,5.47,5.47,5.47,5.47,7.5,7.002533,MD,Ligue 2
Lekhal Victor,6.17,5.85,5.0,6.0,5.0,8.0,6.0,6.0,7.0,7.0,6.0,6.17,7.0,5.5,6.0,6.0,6.5,5.5,6.0,6.5,5.0,4.5,6.17,6.17,5.5,4.0,7.0,6.17,4.5,4.5,6.17,6.17,6.0,5.5,7.5,5.5,5.0,6.17,6.17,6.0,6.3758607,MD,Ligue 2
Bambock Franck-Yves,5.31,5.36,5.0,5.0,5.0,5.5,5.5,6.0,5.31,4.5,5.5,4.5,5.5,4.5,6.0,6.5,5.0,4.0,5.5,5.5,5.0,5.5,5.5,6.0,4.5,4.5,5.31,6.0,5.0,5.31,5.5,5.0,4.5,7.0,6.0,6.0,4.5,6.0,5.5,6.5,6.3390613,MD,Ligue 2
M'Bock Hianga'a,5.63,5.36,5.63,5.63,5.63,5.63,5.63,5.63,5.0,6.0,5.63,5.63,5.63,5.63,5.63,6.5,5.5,5.0,4.5,6.0,5.63,5.0,4.5,5.0,5.63,5.63,5.63,5.63,5.63,5.63,5.63,5.63,5.63,5.63,5.5,5.63,5.63,5.63,5.63,6.5,6.297894,MD,Ligue 2
Maggiotti Julien,6.33,6.33,4.5,7.0,6.5,6.0,5.5,4.5,7.0,5.0,8.0,7.0,6.5,8.0,5.5,7.0,7.0,6.33,6.33,6.33,6.33,6.33,6.33,6.33,6.33,6.33,6.33,6.33,6.33,6.33,6.33,6.33,6.33,6.33,6.33,6.33,6.33,6.33,6.33,6.33,6.2329745,MD,Ligue 2
Jean Jacques Danley,5.5,5.5,7.0,5.0,5.5,5.5,5.0,6.5,7.0,3.5,5.5,5.5,5.5,5.5,5.0,4.5,4.5,5.0,5.5,6.5,5.5,5.5,5.5,5.5,5.5,5.5,5.5,5.5,5.5,5.5,5.5,5.5,5.5,5.5,5.5,5.5,5.5,5.5,5.5,6.5,6.2119317,MD,Ligue 2
Daubin Quentin,5.38,5.32,6.5,6.0,5.5,6.5,4.5,5.0,5.5,5.5,5.38,4.0,6.0,2.5,6.0,5.0,5.5,5.38,5.5,5.38,7.0,6.0,3.5,5.5,6.0,5.0,4.0,5.38,5.0,5.38,5.0,7.0,4.0,4.5,4.5,6.5,5.0,5.5,5.5,6.5,6.000448,MD,Ligue 2
Kechta Yassine,5.53,5.53,5.0,4.5,6.5,7.0,5.5,5.5,4.5,5.5,5.0,5.5,6.0,5.0,5.5,5.53,5.5,5.5,6.0,5.5,5.53,5.53,5.53,5.53,5.53,5.53,5.53,5.53,5.53,5.53,5.53,5.53,5.53,5.53,5.53,5.53,5.53,5.53,5.53,6.0,5.940086,MD,Ligue 2
Maïga Habib,5.8,5.74,5.8,5.5,6.5,7.0,5.0,7.0,5.8,4.0,4.5,6.5,5.0,6.0,5.8,6.0,5.5,5.8,6.5,6.0,5.8,5.8,5.8,5.5,6.0,5.0,5.8,5.8,5.8,5.8,5.8,5.8,5.8,5.8,5.8,5.8,5.8,5.8,5.8,6.0,5.890467,MD,Ligue 2
Bouchouari Benjamin,5.0,5.0,5.0,5.0,5.0,4.0,5.5,6.5,4.5,6.0,4.5,5.0,5.0,4.0,5.0,5.5,4.5,3.5,5.5,5.0,5.0,5.0,5.0,5.0,5.0,5.0,5.0,5.0,5.0,5.0,5.0,5.0,5.0,5.0,5.0,5.0,5.0,5.0,5.0,6.0,5.887594,MD,Ligue 2
Pajot Vincent,5.36,5.32,5.36,5.36,5.36,6.0,5.0,7.0,5.0,5.5,4.0,5.0,7.0,4.5,5.36,4.0,5.0,6.0,5.0,5.36,4.5,6.0,4.0,6.0,4.5,5.5,5.5,5.36,5.36,5.36,5.36,5.0,5.5,5.5,4.5,6.0,7.5,5.36,4.0,6.0,5.883015,MD,Ligue 2
Ducrocq Tom,5.41,5.36,5.41,7.0,7.0,5.0,4.5,3.0,5.0,5.5,7.0,6.0,4.0,6.0,5.41,5.0,5.5,5.41,5.5,4.5,5.41,5.41,5.41,4.5,5.5,5.41,5.41,5.41,5.41,5.41,5.41,5.41,5.41,5.41,5.41,5.41,5.41,5.41,5.41,6.0,5.851917,MD,Ligue 2
Sanna Sam,5.35,5.12,5.0,5.5,6.0,5.35,5.35,5.35,5.35,5.35,5.35,5.0,5.0,8.0,5.0,5.0,6.5,3.0,4.0,5.5,5.0,5.35,5.35,5.0,5.0,5.0,5.35,4.5,4.5,4.5,5.35,5.35,5.35,5.35,5.35,5.35,5.35,5.35,4.5,6.0,5.8171782,MD,Ligue 2
Moueffek Aïmen,5.17,4.94,5.17,5.0,5.17,5.17,5.17,5.17,5.17,5.17,5.17,5.17,4.5,4.5,5.0,5.17,5.5,4.5,5.5,6.0,5.17,5.17,4.5,4.5,5.17,5.17,5.0,5.0,4.5,5.0,5.17,5.17,5.17,5.17,5.17,5.17,4.5,5.17,5.17,6.0,5.7979326,MD,Ligue 2
Masson Julien,5.43,5.17,7.0,5.0,5.0,5.5,5.43,6.0,5.0,4.5,5.43,5.43,5.43,5.43,5.43,5.43,5.43,5.43,5.43,5.43,5.0,3.0,5.0,5.43,5.5,5.0,5.0,5.5,4.5,4.0,7.0,5.43,5.0,4.5,5.5,5.0,5.5,6.0,5.0,5.43,5.7960024,MD,Ligue 2
Pi Jessy,5.38,5.15,5.38,4.5,5.38,5.38,5.0,4.5,5.38,5.38,5.38,5.38,5.38,5.38,5.38,5.38,6.0,7.0,4.5,5.5,5.38,5.38,5.38,4.5,5.0,5.5,5.0,6.0,5.0,6.5,5.38,5.5,4.5,4.0,5.0,4.5,6.0,3.5,5.0,6.0,5.7542195,MD,Ligue 2
Fomba Lamine,5.19,5.21,4.0,5.5,6.0,3.5,6.0,5.0,6.5,5.0,4.5,5.0,4.5,7.5,4.5,5.5,6.5,5.0,5.19,3.0,6.5,7.5,5.19,5.19,3.5,6.0,3.5,5.0,6.5,5.5,6.0,4.0,5.5,4.0,6.0,4.5,5.19,5.0,4.5,6.0,5.544539,MD,Ligue 2
Lobry Victor,5.35,5.19,4.5,6.0,6.5,3.5,5.0,5.35,5.35,5.0,6.0,7.0,6.0,4.5,6.0,4.5,4.0,4.5,7.0,5.0,8.0,5.5,5.0,4.5,5.35,6.0,5.0,5.5,4.5,5.35,5.0,5.0,5.0,4.0,4.5,5.0,4.0,5.0,4.0,6.0,5.520067,MD,Ligue 2
Thomasen Jens,5.58,5.58,5.5,7.0,5.5,5.58,5.58,5.58,5.58,5.58,5.0,5.5,3.5,8.0,5.0,6.0,5.0,5.5,5.5,5.58,5.58,5.58,5.58,5.58,5.58,5.58,5.58,5.58,5.58,5.58,5.58,5.58,5.58,5.58,5.58,5.58,5.58,5.58,5.58,5.58,5.506611,MD,Ligue 2
Ignatenko Danylo,5.78,5.62,5.0,7.5,6.0,6.0,5.0,5.78,6.0,5.0,6.0,6.0,6.0,7.0,6.0,6.0,5.0,4.5,5.5,6.0,5.78,5.78,5.78,3.5,5.78,5.0,4.5,5.78,5.0,5.5,5.5,5.5,5.78,5.5,5.5,5.78,5.78,6.0,7.5,5.5,5.491195,MD,Ligue 2
Pierret Balthazar,5.5,5.5,5.5,6.5,5.0,6.0,6.0,4.5,5.5,5.0,5.0,5.0,5.5,5.5,6.0,5.5,6.0,7.0,6.0,3.5,5.5,5.5,5.5,5.5,5.5,5.5,5.5,5.5,5.5,5.5,5.5,5.5,5.5,5.5,5.5,5.5,5.5,5.5,5.5,5.5,5.4877543,MD,Ligue 2
Ndong Didier,5.45,5.45,5.5,7.0,6.5,5.0,5.0,4.5,6.0,4.0,5.5,6.5,5.5,5.5,5.0,5.5,6.0,6.5,4.0,4.5,5.45,5.45,5.45,5.45,5.45,5.45,5.45,5.45,5.45,5.45,5.45,5.45,5.45,5.45,5.45,5.45,5.45,5.45,5.45,5.5,5.4587502,MD,Ligue 2
Lasne Paul,5.25,5.26,5.0,5.0,4.5,5.25,5.0,5.25,4.5,6.0,5.25,5.25,5.25,5.25,5.25,5.25,5.0,6.0,6.0,5.5,4.0,5.0,5.25,5.25,6.0,4.5,5.0,5.0,5.25,5.25,5.5,5.0,5.25,6.0,5.25,6.5,5.5,6.0,4.5,5.25,5.4513264,MD,Ligue 2
Touray Saikou,5.07,5.07,5.07,5.0,4.5,5.0,4.5,5.07,4.5,5.07,7.0,5.5,5.0,5.07,5.0,7.0,4.5,4.0,4.0,5.07,5.07,5.07,5.07,5.07,5.07,5.07,5.07,5.07,5.07,5.07,5.07,5.07,5.07,5.07,5.07,5.07,5.07,5.07,5.07,5.5,5.429323,MD,Ligue 2
Gonçalves Anthony,4.79,4.8,5.0,5.5,5.0,4.0,4.0,4.0,4.79,5.0,5.5,4.79,4.5,5.0,5.0,6.0,6.5,3.0,3.0,5.0,4.0,4.5,5.0,4.79,5.5,4.79,4.79,4.79,4.79,4.79,4.79,5.0,4.5,5.0,4.79,4.79,4.79,5.0,4.79,5.5,5.411323,MD,Ligue 2
Mbemba Nolan,5.14,4.91,5.0,5.14,5.14,5.14,5.14,5.0,6.0,5.0,5.5,4.5,4.5,5.0,5.0,5.5,5.14,5.0,5.5,5.0,5.14,5.14,5.14,5.0,5.14,3.0,5.0,5.0,5.0,4.0,5.14,5.0,5.14,5.14,5.14,5.14,5.14,5.14,4.0,5.5,5.355251,MD,Ligue 2
Mamadou Fofana II Mamadou,5.08,5.02,3.5,4.0,6.0,7.0,5.0,4.5,5.0,4.0,7.0,5.0,5.0,5.08,5.5,5.0,4.5,5.0,5.5,4.5,5.08,5.08,5.08,5.08,5.08,5.08,5.0,4.5,5.08,4.5,5.08,5.0,5.0,5.08,5.08,5.0,5.5,4.5,5.0,5.5,5.3252344,MD,Ligue 2
Phiri Lebogang,5.33,5.33,5.0,5.33,5.33,5.33,5.33,5.33,5.33,5.33,5.33,5.0,5.0,6.0,5.0,6.0,4.5,6.0,5.5,5.33,5.33,5.33,5.33,5.33,5.33,5.33,5.33,5.33,5.33,5.33,5.33,5.33,5.33,5.33,5.33,5.33,5.33,5.33,5.33,5.33,5.3174124,MD,Ligue 2
Perez Manuel,5.4,5.15,5.5,5.4,5.4,5.0,4.5,5.4,5.4,5.4,5.4,5.4,5.4,6.0,6.0,5.4,5.4,5.4,5.4,5.4,5.4,5.0,4.5,4.5,4.0,5.0,5.4,7.0,5.4,5.4,4.5,5.5,5.4,5.4,5.4,5.4,5.4,5.4,5.4,5.4,5.3169127,MD,Ligue 2
Boissier Rémy,5.07,5.13,5.0,4.0,5.0,6.0,5.07,4.0,5.0,5.0,5.07,5.0,5.0,4.5,5.0,5.5,6.0,5.0,6.0,5.07,4.0,4.5,5.07,6.0,5.07,4.0,4.5,6.5,6.0,5.0,4.5,6.5,4.0,5.0,5.07,5.5,5.0,5.5,6.5,5.07,5.26501,MD,Ligue 2
Ndiaye Rassoul,5.5,5.61,7.0,5.0,5.5,6.0,5.5,6.0,5.5,6.0,5.5,6.0,6.0,5.5,5.5,5.5,5.5,5.0,4.0,4.5,6.0,5.0,5.0,7.0,6.0,5.5,5.0,5.5,5.0,6.0,7.0,6.0,6.5,6.0,6.5,4.5,5.5,5.0,5.5,5.0,5.2624087,MD,Ligue 2
Kouassi Xavier,5.0,5.04,3.0,5.5,5.0,3.0,3.0,5.5,4.0,6.0,5.0,4.0,6.0,6.5,6.0,6.0,5.5,6.0,3.5,6.0,6.0,5.5,5.0,5.0,6.0,6.0,4.5,5.5,5.5,5.0,6.0,5.5,4.0,3.0,5.0,5.0,5.0,4.5,4.5,5.5,5.260166,MD,Ligue 2
Mouton Louis,5.18,5.18,4.5,4.5,5.0,5.5,6.0,6.5,6.5,5.0,5.0,5.0,5.18,5.5,4.5,5.18,4.0,5.0,5.18,5.18,5.18,5.18,5.18,5.18,5.18,5.18,5.18,5.18,5.18,5.18,5.18,5.18,5.18,5.18,5.18,5.18,5.18,5.18,5.18,5.18,5.2268186,MD,Ligue 2
Demoncy Yohan,5.13,5.05,5.13,5.13,5.13,5.13,5.13,5.13,5.13,5.13,5.13,4.0,7.0,4.5,4.5,5.13,5.0,6.0,5.0,5.0,5.0,4.5,5.13,5.13,5.0,5.13,5.13,5.13,5.13,5.13,5.13,5.13,5.13,5.13,5.13,5.13,5.13,5.13,5.13,5.13,5.2038083,MD,Ligue 2
Picouleau Mathis,5.25,5.16,5.0,5.0,5.25,5.25,5.0,5.0,5.0,6.0,5.0,5.5,5.5,5.25,5.0,6.0,4.5,7.0,4.5,5.0,4.5,5.0,5.25,5.25,5.25,5.25,5.25,5.25,5.25,5.25,5.25,4.5,5.25,5.25,5.25,5.25,5.25,5.25,5.25,5.0,5.1808805,MD,Ligue 2
N'guessan Jean,5.33,5.33,5.0,5.5,5.5,5.5,7.0,5.0,5.0,6.0,5.5,4.0,4.5,5.0,5.33,7.0,5.5,5.5,5.5,4.0,5.33,5.33,5.33,5.33,5.33,5.33,5.33,5.33,5.33,5.33,5.33,5.33,5.33,5.33,5.33,5.33,5.33,5.33,5.33,5.0,5.156147,MD,Ligue 2
Pirringuel Lenny,5.13,5.13,5.13,5.13,5.13,5.13,5.0,5.0,4.5,5.13,5.13,5.13,5.13,5.13,5.13,5.13,6.0,5.13,5.13,5.13,5.13,5.13,5.13,5.13,5.13,5.13,5.13,5.13,5.13,5.13,5.13,5.13,5.13,5.13,5.13,5.13,5.13,5.13,5.13,5.13,5.146831,MD,Ligue 2
Kyeremeh Godson,5.11,5.11,6.0,5.0,6.0,5.0,4.5,4.5,5.5,4.5,4.5,4.5,6.0,3.5,6.5,4.5,5.0,4.5,6.0,6.0,5.11,5.11,5.11,5.11,5.11,5.11,5.11,5.11,5.11,5.11,5.11,5.11,5.11,5.11,5.11,5.11,5.11,5.11,5.11,5.0,5.1130977,MD,Ligue 2
N'Doram Kévin,5.0,4.83,5.0,5.0,4.5,4.5,4.5,5.0,5.0,4.5,5.0,5.5,5.5,5.0,4.5,6.5,5.5,4.5,5.0,5.0,5.0,5.0,5.0,5.0,5.0,5.0,5.0,4.5,5.5,2.5,6.0,4.0,4.5,5.0,3.5,5.0,5.5,5.0,5.0,5.0,5.1060886,MD,Ligue 2
Marié Jordan,5.1,5.05,6.0,5.0,5.0,6.0,6.0,5.0,4.5,4.5,5.5,5.0,4.5,5.5,5.1,5.0,5.1,5.1,4.5,4.5,5.1,5.1,5.1,5.1,5.1,5.1,5.1,5.1,5.0,5.0,5.5,5.1,5.1,4.5,5.1,5.1,4.5,5.1,5.1,5.1,5.102964,MD,Ligue 2
Ahlinvi Mattéo,4.8,4.8,5.0,4.8,5.0,4.8,4.8,4.8,4.8,4.8,5.0,4.8,4.8,4.5,4.5,4.8,4.8,4.8,4.8,4.8,3.0,4.5,5.5,4.8,5.5,5.0,4.5,4.8,4.8,4.8,4.8,4.8,5.0,4.8,4.8,4.8,5.0,5.0,5.0,4.8,5.1026063,MD,Ligue 2
Sidibe Kalidou,5.33,5.15,5.33,5.33,5.5,5.5,5.0,5.33,5.0,6.0,4.0,5.5,5.5,4.0,6.0,5.0,5.0,6.0,7.0,5.33,5.33,5.33,5.33,5.5,4.0,5.0,5.5,4.5,5.0,5.0,5.5,4.0,6.0,5.33,4.0,6.0,5.0,4.0,5.5,5.0,5.100596,MD,Ligue 2
Lachuer Mathis,5.1,4.98,4.0,5.1,5.0,5.0,5.0,5.1,6.5,5.5,4.5,5.0,5.0,5.5,5.1,5.1,5.1,5.1,5.1,5.1,5.0,5.0,5.0,5.0,5.0,5.1,5.0,4.0,5.0,5.0,4.5,5.0,5.1,5.1,5.1,6.0,5.0,4.5,4.5,5.1,5.071026,MD,Ligue 2
Phliponeau Alexandre,5.06,5.06,4.0,5.5,4.5,5.0,5.5,5.5,5.0,5.5,5.06,5.06,5.06,5.06,5.06,5.06,5.06,5.06,5.06,5.06,5.06,5.06,5.06,5.06,5.06,5.06,5.06,5.06,5.06,5.06,5.06,5.06,5.06,5.06,5.06,5.06,5.06,5.06,5.06,5.06,5.0599847,MD,Ligue 2
Kaboré Charles,5.0,5.0,5.5,5.0,5.0,5.0,3.5,4.5,4.0,5.0,5.5,5.5,5.5,4.0,5.0,6.0,5.5,5.0,5.5,5.0,5.0,5.0,5.0,5.0,5.0,5.0,5.0,5.0,5.0,5.0,5.0,5.0,5.0,5.0,5.0,5.0,5.0,5.0,5.0,5.0,5.039486,MD,Ligue 2
Alvero Skelly,5.0,5.0,5.0,5.0,6.0,5.0,5.0,5.0,5.0,5.0,5.0,5.0,5.0,5.0,5.0,5.5,4.5,5.0,5.0,4.0,5.0,5.0,5.0,5.0,5.0,5.0,5.0,5.0,5.0,5.0,5.0,5.0,5.0,5.0,5.0,5.0,5.0,5.0,5.0,5.0,5.038438,MD,Ligue 2
Roncaglia Anthony,5.05,5.11,5.05,5.0,5.0,4.5,5.05,5.0,6.0,5.0,5.0,5.05,4.5,5.05,5.5,5.05,5.05,5.05,5.0,5.05,6.0,4.0,5.05,5.05,5.0,5.0,5.05,5.05,6.0,5.5,5.0,5.5,5.0,5.0,5.05,5.0,5.05,5.0,5.05,5.0,5.028533,MD,Ligue 2
Deaux Lucas,5.06,5.17,5.06,5.06,5.06,5.06,5.06,5.06,5.0,5.0,5.5,5.5,5.0,5.0,5.0,4.5,5.06,5.0,5.06,5.06,5.06,6.0,6.0,3.5,5.06,5.06,5.0,6.0,5.0,5.5,5.0,5.5,5.06,5.06,5.06,5.06,5.06,5.06,5.06,5.06,5.0256124,MD,Ligue 2
Younoussa Wilitty,5.22,4.97,5.22,5.22,5.22,5.22,5.22,5.22,5.0,5.22,6.0,5.0,5.0,5.0,5.22,5.22,5.22,5.0,5.0,6.0,4.5,5.5,6.0,4.0,4.0,5.22,5.22,5.0,5.22,5.22,5.22,5.22,5.22,5.22,3.5,5.22,5.22,5.22,5.22,5.0,5.0212555,MD,Ligue 2
Touré Madou,5.0,5.0,5.0,5.0,5.0,5.0,5.0,5.0,5.0,5.0,5.0,5.0,5.0,5.0,5.0,5.0,5.0,5.0,5.0,5.0,5.0,5.0,5.0,5.0,5.0,5.0,5.0,5.0,5.0,5.0,5.0,5.0,5.0,5.0,5.0,5.0,5.0,5.0,5.0,5.0,5.003771,MD,Ligue 2
Zampa Marius,5.0,5.0,5.0,5.0,5.0,5.0,5.0,5.0,5.0,5.0,5.0,5.0,5.0,5.0,5.0,5.0,5.0,5.0,5.0,5.0,5.0,5.0,5.0,5.0,5.0,5.0,5.0,5.0,5.0,5.0,5.0,5.0,5.0,5.0,5.0,5.0,5.0,5.0,5.0,5.0,5.003771,MD,Ligue 2
Gauthier Antoine,5.0,5.0,5.0,5.0,5.0,5.0,5.0,5.0,5.0,5.0,5.0,5.0,5.0,5.0,5.0,5.0,5.0,5.0,5.0,5.0,5.0,5.0,5.0,5.0,5.0,5.0,5.0,5.0,5.0,5.0,5.0,5.0,5.0,5.0,5.0,5.0,5.0,5.0,5.0,5.0,5.003771,MD,Ligue 2
Tapoko Kevin,4.86,4.86,3.5,4.86,4.5,4.86,4.86,4.86,4.86,4.86,4.86,4.86,5.0,4.86,4.86,4.86,5.0,4.86,6.0,5.0,4.86,4.86,4.86,4.86,4.86,4.86,4.86,4.86,4.86,4.86,4.86,4.86,4.86,4.86,4.86,4.86,4.86,4.86,4.86,5.0,4.990278,MD,Ligue 2
Gene Owen,4.94,4.78,5.0,5.5,4.94,5.0,4.5,5.0,4.94,4.94,5.0,4.94,4.94,4.94,4.94,5.0,4.94,4.94,4.94,4.5,4.5,4.5,5.0,4.5,4.5,4.5,5.0,4.0,4.94,5.0,5.0,7.0,4.5,4.0,4.94,4.94,5.0,4.0,4.0,5.0,4.9853816,MD,Ligue 2
Yatabaré Sambou,4.75,4.68,4.75,4.75,4.75,4.75,4.75,4.75,4.75,4.75,4.75,4.75,4.75,4.75,4.75,4.75,4.75,5.0,4.5,4.75,3.0,4.75,7.5,4.75,4.0,4.0,4.5,4.75,5.0,4.5,5.0,4.75,4.5,4.0,5.0,4.75,4.75,5.0,4.75,4.75,4.951034,MD,Ligue 2
Kaba Mohamed,5.6,5.65,5.5,6.0,4.5,6.0,4.5,6.0,7.0,6.0,5.5,5.5,6.0,5.6,5.6,5.6,5.6,6.0,5.5,5.0,6.0,7.0,5.0,5.0,5.0,6.0,6.0,5.5,6.0,6.0,5.5,5.6,5.5,5.5,4.0,5.5,5.5,8.0,5.5,5.0,4.9432874,MD,Ligue 2
D'Almeida Sessi,4.82,4.82,3.5,4.5,5.0,4.0,5.0,5.0,5.0,5.0,4.5,4.82,4.5,4.5,5.5,5.0,5.0,5.0,4.82,6.0,4.82,4.82,4.82,4.82,4.82,4.82,4.82,4.82,4.82,4.82,4.82,4.82,4.82,4.82,4.82,4.82,4.82,4.82,4.82,5.0,4.935549,MD,Ligue 2
Camara Mamadou,4.92,4.92,4.92,4.92,4.92,4.92,4.92,4.92,4.92,4.92,5.0,5.5,5.0,5.0,4.92,5.0,4.0,4.92,4.92,4.92,4.92,4.92,4.92,4.92,4.92,4.92,4.92,4.92,4.92,4.92,4.92,4.92,4.92,4.92,4.92,4.92,4.92,4.92,4.92,5.0,4.9327364,MD,Ligue 2
Camara Mamadou,4.92,4.92,4.92,4.92,4.92,4.92,4.92,4.92,4.92,4.92,5.0,5.5,5.0,5.0,4.92,5.0,4.0,4.92,4.92,4.92,4.92,4.92,4.92,4.92,4.92,4.92,4.92,4.92,4.92,4.92,4.92,4.92,4.92,4.92,4.92,4.92,4.92,4.92,4.92,4.92,4.9327364,MD,Ligue 2
N'Duquidi Joseph,4.7,4.7,5.0,4.7,4.7,4.7,4.7,4.7,4.7,4.7,4.0,4.7,4.7,4.7,4.5,4.7,4.7,4.7,4.7,5.0,4.7,4.7,4.7,4.7,4.7,4.7,4.7,4.7,4.7,4.7,4.7,4.7,4.7,4.7,4.7,4.7,4.7,4.7,4.7,5.0,4.9165597,MD,Ligue 2
Camara Mamadou,5.0,4.94,4.5,4.5,5.0,4.5,5.0,4.5,5.0,4.0,4.5,7.0,5.5,5.5,6.0,4.5,6.5,5.0,4.0,4.5,5.0,5.0,5.0,5.0,5.0,5.0,5.0,5.0,5.0,5.0,5.0,5.0,5.0,5.0,4.0,5.0,5.0,5.0,5.0,4.92,4.912873,MD,Ligue 2
Camara Mamadou,5.0,4.94,4.5,4.5,5.0,4.5,5.0,4.5,5.0,4.0,4.5,7.0,5.5,5.5,6.0,4.5,6.5,5.0,4.0,4.5,5.0,5.0,5.0,5.0,5.0,5.0,5.0,5.0,5.0,5.0,5.0,5.0,5.0,5.0,4.0,5.0,5.0,5.0,5.0,5.0,4.912873,MD,Ligue 2
Cassubie Yohan,5.0,5.19,5.0,5.0,5.0,5.0,5.0,5.0,5.0,5.0,5.0,5.0,5.0,5.0,5.0,5.0,5.0,5.0,5.0,5.0,7.0,5.0,5.0,5.5,3.0,5.0,5.0,5.0,5.0,5.5,6.5,4.5,5.5,7.0,5.0,4.5,4.0,4.5,5.0,5.0,4.900253,MD,Ligue 2
Benchamma Samy,4.72,4.86,5.0,3.0,6.0,5.0,4.5,4.5,4.5,4.0,3.0,5.0,4.72,5.0,5.0,4.5,5.0,5.5,5.0,5.5,5.0,4.72,6.0,5.0,5.0,5.0,5.0,5.5,4.72,4.5,5.0,4.72,4.72,4.72,5.0,4.72,4.72,4.72,4.72,5.0,4.894514,MD,Ligue 2
Ferhaoui Ryan,4.88,4.88,4.88,5.0,4.88,6.0,5.0,5.0,3.5,4.5,5.0,5.0,4.88,4.88,4.88,4.88,4.88,4.88,4.88,4.88,4.88,4.88,4.88,4.88,4.88,4.88,4.88,4.88,4.88,4.88,4.88,4.88,4.88,4.88,4.88,4.88,4.88,4.88,4.88,4.88,4.875486,MD,Ligue 2
Diani Djibril,5.44,5.21,6.5,7.5,4.5,6.5,5.0,4.5,5.0,5.0,6.0,4.5,6.5,4.5,6.5,5.0,5.5,5.44,5.0,5.0,5.44,5.44,6.5,4.5,6.0,4.5,5.0,5.0,5.5,4.5,5.0,5.0,5.5,5.0,5.0,5.0,6.0,6.5,5.44,5.0,4.860056,MD,Ligue 2
Delpech Leon,4.91,4.94,4.91,5.0,4.91,4.5,5.0,5.5,5.0,5.5,5.0,5.0,4.91,5.0,5.0,4.91,3.5,4.91,4.91,4.91,5.5,5.0,5.5,4.91,5.0,5.5,4.91,5.0,4.91,4.91,4.5,4.91,4.91,4.5,4.5,4.5,5.0,5.0,5.0,4.91,4.8563,MD,Ligue 2
Gomis Iron,5.29,5.31,4.5,7.0,6.0,5.29,4.5,6.5,5.0,4.5,6.0,6.0,5.29,5.0,4.5,6.0,5.0,4.5,5.5,5.0,4.5,4.5,5.0,5.29,5.29,5.29,7.0,6.0,7.0,5.0,5.29,6.0,5.0,3.5,5.29,5.29,5.29,5.29,5.29,4.5,4.82873,MD,Ligue 2
Confais Alois,4.83,4.83,4.83,4.83,4.83,4.83,4.83,4.83,4.5,5.0,5.0,5.0,4.83,5.0,4.83,4.83,4.83,4.83,4.5,4.83,4.83,4.83,4.83,4.83,4.83,4.83,4.83,4.83,4.83,4.83,4.83,4.83,4.83,4.83,4.83,4.83,4.83,4.83,4.83,4.83,4.806667,MD,Ligue 2
Lacoux Tom,5.44,5.06,5.5,6.0,6.0,5.5,4.5,6.5,5.5,5.0,5.5,5.44,5.5,5.5,6.0,5.0,5.5,5.44,5.0,5.44,5.0,4.5,4.0,5.44,5.44,5.0,4.0,5.44,5.44,5.44,6.0,5.0,3.0,4.5,5.44,3.5,5.44,5.44,5.44,4.5,4.7969513,MD,Ligue 2
Linguet Allan,4.97,5.0,5.5,6.5,4.0,5.0,4.0,6.0,5.0,4.97,4.97,4.97,5.0,5.0,4.5,5.0,5.0,5.0,5.0,4.5,4.97,4.0,7.0,5.0,3.5,5.5,6.0,5.0,5.0,4.97,7.0,4.0,4.5,4.5,5.0,4.5,4.97,5.0,5.0,4.5,4.7839246,MD,Ligue 2
Muyumba Tristan,5.11,5.15,7.0,5.0,5.5,4.0,6.0,4.5,5.0,6.0,5.5,5.5,4.0,5.0,5.5,6.0,4.5,5.0,4.5,4.0,5.11,5.0,3.5,6.0,5.0,5.11,5.0,5.0,4.5,6.0,5.11,5.11,5.0,5.0,5.0,7.0,6.0,5.0,5.0,4.5,4.7576427,MD,Ligue 2
Louiserre Dylan,5.39,5.31,6.0,6.5,7.0,4.0,6.0,4.0,5.5,7.0,5.5,4.5,4.5,5.39,6.0,4.5,5.0,6.0,5.0,5.5,5.5,5.39,4.5,5.5,5.5,4.5,5.5,5.39,5.39,5.39,5.39,5.5,5.5,5.5,5.39,5.0,4.5,5.5,5.0,4.5,4.7413445,MD,Ligue 2
Vincent Christophe,5.03,5.12,5.0,8.0,6.0,5.03,4.5,2.5,6.0,4.5,5.03,6.5,4.0,5.0,5.5,4.5,5.03,4.0,5.0,4.5,7.0,4.5,5.5,5.5,8.0,4.5,4.5,3.5,5.03,4.5,5.5,5.0,5.5,5.5,5.0,5.5,4.5,4.5,5.0,5.0,4.735282,MD,Ligue 2
Mohamed Iyad,4.67,4.8,5.0,4.67,4.67,4.67,4.5,4.67,4.5,4.67,4.67,4.67,4.67,4.67,4.67,4.67,4.67,4.67,4.67,4.67,4.67,4.67,4.67,4.67,4.67,4.67,4.67,4.67,4.67,4.67,4.67,4.67,4.67,5.0,5.0,4.67,4.67,4.67,4.67,4.67,4.734708,MD,Ligue 2
Diakité Check-Oumar,5.13,5.17,5.13,5.13,5.13,5.13,5.13,5.13,5.13,5.13,5.13,5.5,5.0,5.0,5.0,5.5,5.5,5.13,5.13,5.0,5.13,5.5,5.13,5.13,5.13,5.13,5.13,5.13,5.13,5.13,5.13,5.13,5.13,5.13,5.13,5.13,5.13,5.13,5.13,4.5,4.6920176,MD,Ligue 2
Sow Noé,5.04,5.04,5.0,5.04,5.04,5.04,4.5,4.5,5.0,6.0,5.5,6.0,3.5,6.0,5.5,5.04,5.0,4.5,5.04,5.0,5.04,5.04,5.04,5.04,5.04,5.04,5.04,5.04,5.04,5.04,5.04,5.04,5.04,5.04,5.04,5.04,5.04,5.04,5.04,4.5,4.686855,MD,Ligue 2
Thioune Ousseynou,4.81,5.08,5.0,4.81,4.5,5.5,4.5,4.5,4.0,5.0,4.81,4.5,5.5,4.81,5.0,5.0,4.81,5.0,4.81,4.5,6.0,5.0,4.0,5.5,6.0,4.5,5.0,4.5,4.81,5.0,5.5,5.5,5.5,7.5,5.0,5.5,5.0,4.81,5.0,4.81,4.676629,MD,Ligue 2
Sangaré Gustavo,5.39,5.18,6.0,5.0,5.5,4.5,6.0,5.5,5.5,5.0,5.5,4.5,5.0,5.39,5.0,5.5,5.5,7.0,5.5,6.0,5.39,5.39,5.39,5.39,5.0,5.0,4.0,3.0,5.5,5.0,3.5,5.39,5.39,5.5,4.5,5.5,5.0,5.0,7.0,4.5,4.595624,MD,Ligue 2
Monconduit Thomas,5.22,5.27,5.22,5.22,5.22,5.22,5.22,5.22,4.5,7.0,5.5,6.0,4.5,4.5,6.0,5.22,5.22,5.22,5.22,4.5,5.22,5.5,6.0,5.22,5.5,5.0,6.0,4.5,5.5,6.0,4.0,6.0,5.0,5.22,3.5,5.0,4.5,5.0,6.0,4.5,4.590796,MD,Ligue 2
Jeno Jekob,4.72,4.6,5.5,5.5,3.0,4.72,4.72,4.72,5.5,4.0,5.0,5.0,4.72,4.72,4.72,4.72,4.72,4.5,4.5,4.72,4.72,4.5,6.0,4.72,4.72,3.5,4.72,4.72,5.5,4.72,4.0,4.5,5.0,7.0,5.0,4.5,4.72,4.72,4.72,4.72,4.505184,MD,Ligue 2
Ibrahim Fofana,4.5,4.5,4.5,4.5,4.5,4.5,4.5,4.5,4.5,4.5,4.5,4.5,4.5,4.5,4.5,4.5,4.5,4.5,4.5,4.5,4.5,4.5,4.5,4.5,4.5,4.5,4.5,4.5,4.5,4.5,4.5,4.5,4.5,4.5,4.5,4.5,4.5,4.5,4.5,4.5,4.490743,MD,Ligue 2
Meddah Daylam,4.5,4.5,4.5,4.5,4.5,4.5,4.5,4.5,4.5,4.5,4.5,4.5,4.5,4.5,4.5,4.5,4.5,4.5,4.5,4.5,4.5,4.5,4.5,4.5,4.5,4.5,4.5,4.5,4.5,4.5,4.5,4.5,4.5,4.5,4.5,4.5,4.5,4.5,4.5,4.5,4.490743,MD,Ligue 2
Kanouté Franck,5.78,5.78,5.78,5.78,6.0,7.0,6.5,5.0,6.5,6.0,6.0,4.5,6.5,6.0,5.0,5.78,5.5,7.0,6.5,4.5,5.78,5.78,5.78,5.78,5.78,5.78,5.78,5.78,5.78,5.78,5.78,5.78,5.78,5.78,5.78,5.78,5.78,5.78,5.78,4.0,4.437079,MD,Ligue 2
Diliberto Noah,5.4,5.26,5.4,5.4,5.4,5.4,5.0,5.0,5.0,5.0,5.0,7.0,7.0,7.0,5.5,5.0,5.5,5.5,4.5,5.0,5.0,5.0,6.0,5.0,5.0,5.0,5.4,5.4,5.4,5.4,5.4,5.0,5.4,5.0,4.5,5.4,5.4,5.4,5.0,4.0,4.29589,MD,Ligue 2
Boé-Kane Yann,5.0,4.85,6.0,4.5,6.0,5.0,4.5,5.0,5.0,5.0,5.0,5.0,5.0,5.0,4.5,5.0,5.5,5.0,5.0,5.0,5.0,5.0,4.5,5.5,3.0,4.0,4.5,4.0,4.5,4.5,5.0,5.0,6.5,5.0,5.0,5.0,5.0,5.0,5.0,4.0,4.2793922,MD,Ligue 2
Nisic Jovan,4.75,5.25,4.75,4.75,4.75,4.75,4.75,4.75,4.75,4.75,4.75,5.0,5.0,4.75,4.75,4.75,4.75,4.5,4.5,5.0,7.5,6.0,4.75,4.75,4.75,4.75,4.75,4.75,4.75,4.75,4.75,4.75,4.75,4.75,4.75,4.75,4.75,4.75,4.75,4.5,4.2725496,MD,Ligue 2
Davitashvili Zuriko,5.09,5.09,5.09,5.09,5.09,5.09,5.09,5.09,5.09,5.09,6.0,6.0,5.0,5.5,4.5,4.0,4.5,5.0,7.0,4.5,5.09,5.09,5.09,5.09,5.09,5.09,5.09,5.09,5.09,5.09,5.09,5.09,5.09,5.09,5.09,5.09,5.09,5.09,5.09,4.0,4.259483,MD,Ligue 2
Ruiz Jean,5.03,5.03,4.5,5.03,5.03,5.0,4.0,5.5,4.5,5.5,6.0,5.0,4.0,6.0,6.0,5.0,5.5,5.0,4.0,6.0,5.03,5.03,5.03,5.03,5.03,5.03,5.03,5.03,5.03,5.03,5.03,5.03,5.03,5.03,5.03,5.03,5.03,5.03,5.03,4.0,4.2289634,MD,Ligue 2
Mandouki Cyril,4.89,5.09,3.5,4.89,4.89,5.5,4.89,5.5,4.0,5.0,3.5,5.0,6.0,7.0,5.5,5.5,3.5,4.89,4.89,5.0,4.89,4.89,4.89,4.89,4.89,4.89,4.89,4.89,4.89,4.89,5.5,5.5,5.0,6.0,5.5,4.5,4.5,6.0,6.0,4.0,4.1923876,MD,Ligue 2
Goncalves Bryan,4.75,4.75,4.75,4.75,4.75,4.75,4.75,4.75,3.0,4.5,5.5,4.5,4.0,7.0,5.5,5.5,4.0,4.75,4.75,4.75,4.75,4.75,4.75,4.75,4.75,4.75,4.75,4.75,4.75,4.75,4.75,4.75,4.75,4.75,4.75,4.75,4.75,4.75,4.75,4.0,4.1293325,MD,Ligue 2
El Hassani Nacim,4.67,3.5,4.5,4.5,5.0,4.67,4.67,4.67,4.67,4.67,4.67,4.67,4.67,4.67,4.67,4.67,4.67,4.67,4.67,4.67,4.67,4.67,4.67,4.67,4.67,4.67,4.67,4.67,4.67,4.67,4.67,4.67,4.67,4.67,4.67,4.67,4.67,4.67,4.67,4.67,4.025549,MD,Ligue 2
Bernauer Maxime,5.15,5.03,5.5,7.0,6.0,4.5,5.0,5.5,3.5,5.15,5.0,5.5,4.5,5.15,5.0,5.0,5.0,6.0,5.5,5.5,4.0,5.0,5.15,5.0,5.15,5.15,5.0,5.0,5.15,5.15,5.0,3.5,4.0,5.0,5.15,5.0,5.0,5.0,7.0,3.5,3.9998412,MD,Ligue 2
Riou Matthis,4.95,5.0,4.95,4.95,4.95,4.95,6.5,4.0,5.0,5.0,5.5,6.0,4.95,4.95,4.5,4.95,4.95,4.95,5.0,5.0,4.5,4.95,3.5,4.95,4.95,4.95,6.0,6.0,4.5,3.5,5.0,6.0,3.0,5.5,6.0,5.0,5.0,6.0,6.0,3.0,3.5001602,MD,Ligue 2
