Joueur,Note,Note 1 an,j1,j2,j3,j4,j5,j6,j7,j8,j9,j10,j11,j12,j13,j14,j15,j16,j17,j18,j20,j21,j22,j23,j24,j25,j26,j27,j28,j29,j30,j31,j32,j33,j34,j35,j36,j37,j38,j19,prediction_label,Poste,Championnat,Terrain
Larsonneur Gautier,6.03,6.03,6.0,6.0,4.0,7.0,5.5,7.0,7.0,6.0,6.0,6.5,7.0,7.0,5.5,4.5,5.0,5.0,6.0,6.0,6.03,6.03,6.03,6.03,6.03,6.03,6.03,6.03,6.03,6.03,6.03,6.03,6.03,6.03,6.03,6.03,6.03,6.03,6.03,7.5,7.136309,G,Ligue 2,G
Callens Thomas,7.0,7.0,7.0,7.0,7.0,7.0,7.0,7.0,7.0,7.0,7.0,7.0,7.0,7.0,7.0,7.0,7.0,7.0,7.0,7.0,7.0,7.0,7.0,7.0,7.0,7.0,7.0,7.0,7.0,7.0,7.0,7.0,7.0,7.0,7.0,7.0,7.0,7.0,7.0,7.0,7.055981,G,Ligue 2,G
Escales Florian,5.53,5.53,4.0,5.0,3.5,6.0,6.0,7.0,6.5,6.0,4.0,4.0,6.0,4.0,7.0,5.53,5.53,6.5,6.0,5.5,5.53,5.53,5.53,5.53,5.53,5.53,5.53,5.53,5.53,5.53,5.53,5.53,5.53,5.53,5.53,5.53,5.53,5.53,5.53,7.0,6.731766,G,Ligue 2,G
Allagbé Saturnin,6.5,6.0,6.5,6.5,6.5,6.5,6.5,6.5,6.5,6.5,6.5,6.5,6.5,6.5,6.5,6.5,6.5,6.5,6.5,6.5,5.5,6.5,6.5,6.5,6.5,6.5,6.5,6.5,6.5,6.5,6.5,6.5,6.5,6.5,6.5,6.5,6.5,6.5,6.5,6.5,6.4193244,G,Ligue 2,G
Boucher Zacharie,6.75,5.75,6.75,6.75,6.75,6.75,6.75,6.75,6.75,6.5,7.0,6.75,6.75,6.75,6.75,6.75,6.75,6.75,6.75,6.75,6.75,6.75,6.75,6.75,6.75,6.75,6.75,6.75,6.75,6.75,6.75,6.75,6.75,6.75,5.0,6.5,4.5,5.0,6.75,6.75,6.3770866,G,Ligue 2,G
Placide Johny,5.18,5.2,6.0,5.0,6.5,3.5,4.5,2.5,6.5,5.18,5.18,6.0,2.5,3.5,5.5,6.0,5.5,6.5,6.5,5.5,6.0,4.0,6.5,4.0,4.0,6.0,4.0,4.5,6.0,6.0,6.0,4.5,7.0,4.5,5.5,5.18,5.18,5.18,5.18,6.0,6.0965385,G,Ligue 2,G
Hautbois Maxime,6.0,6.0,7.0,4.0,6.0,6.0,6.0,6.0,6.0,6.0,6.0,6.0,6.0,6.0,6.0,6.0,7.0,6.0,6.0,6.0,6.0,6.0,6.0,6.0,6.0,6.0,6.0,6.0,6.0,6.0,6.0,6.0,6.0,6.0,6.0,6.0,6.0,6.0,6.0,6.0,6.063369,G,Ligue 2,G
Gurtner Régis,5.45,5.43,3.0,7.0,7.0,6.0,6.0,5.5,6.5,4.0,5.5,6.0,6.0,4.0,4.5,6.0,4.0,6.0,6.0,4.5,5.0,5.0,6.0,7.0,6.0,5.5,6.5,4.0,6.0,3.0,5.0,5.5,6.0,6.0,4.0,6.0,5.0,5.5,6.0,6.0,6.0592937,G,Ligue 2,G
Michel Mathieu,5.11,5.22,6.0,4.5,5.0,6.0,3.5,6.0,4.0,5.0,4.0,6.0,5.5,4.0,5.5,5.0,4.0,6.0,5.0,6.0,5.11,5.11,5.11,5.11,5.11,5.11,6.0,5.0,5.11,5.0,6.5,4.5,5.5,7.0,5.11,5.5,6.0,4.0,4.5,6.0,5.9026213,G,Ligue 2,G
Olliero Alexandre,5.63,5.66,3.0,7.0,6.0,3.5,6.0,5.0,4.0,6.0,6.5,4.5,4.0,6.0,7.0,7.0,7.5,6.0,6.0,6.0,6.0,6.0,5.5,5.63,5.63,5.63,5.63,5.63,5.63,5.63,5.63,5.63,5.63,5.63,5.63,5.63,5.63,5.63,5.63,6.0,5.885975,G,Ligue 2,G
Oukidja Alexandre,5.2,5.18,7.0,5.0,6.0,3.5,5.2,5.2,5.2,2.5,5.2,6.0,4.0,6.0,4.0,5.0,5.0,6.0,6.0,6.0,5.2,5.2,5.2,6.0,5.2,5.2,5.2,5.2,5.2,5.2,5.2,5.2,5.5,5.5,3.5,5.2,5.2,5.2,5.2,6.0,5.747668,G,Ligue 2,G
Dias Lucas,5.5,5.78,5.5,6.0,6.5,5.5,5.5,5.5,4.0,5.5,5.5,5.5,5.5,5.5,5.5,5.5,5.5,5.5,5.5,5.5,5.5,5.5,5.5,5.5,5.5,5.5,5.5,5.5,5.5,5.0,7.0,5.5,5.5,5.5,5.5,5.5,8.0,6.0,4.0,5.5,5.6906013,G,Ligue 2,G
Sauvage Alexis,4.75,4.75,4.75,4.75,6.0,4.0,5.5,4.0,3.5,5.0,6.0,5.0,5.0,6.0,6.0,4.0,4.75,2.5,3.0,4.5,4.75,4.75,4.75,4.75,4.75,4.75,4.75,4.75,4.75,4.75,4.75,4.75,4.75,4.75,4.75,4.75,4.75,4.75,4.75,6.0,5.6493874,G,Ligue 2,G
Desmas Arthur,5.72,5.5,6.5,5.0,4.5,6.0,5.5,5.0,4.5,6.0,5.5,5.5,6.5,4.5,6.0,6.5,6.0,6.0,7.0,6.5,5.72,5.72,5.72,5.72,5.72,5.72,5.72,5.72,5.72,5.72,5.72,3.0,4.0,5.72,5.72,5.72,5.72,5.72,5.72,5.72,5.6208572,G,Ligue 2,G
Mandréa Anthony,5.39,5.48,6.0,7.5,4.5,6.0,7.0,5.0,4.0,6.5,4.5,5.0,6.0,3.5,5.5,4.0,6.0,5.0,5.0,6.0,5.39,5.39,5.39,5.39,5.39,5.39,5.39,5.39,5.39,6.5,4.5,5.0,7.5,4.0,5.5,7.0,6.0,4.5,6.0,5.5,5.38383,G,Ligue 2,G
Poussin Gaëtan,5.39,5.19,5.5,6.0,7.0,5.5,4.5,5.5,4.0,5.0,6.0,5.5,6.5,5.5,6.0,4.5,4.5,4.0,6.0,5.5,5.39,5.39,5.0,3.0,6.0,5.5,5.0,3.5,4.0,5.39,8.0,5.0,2.0,4.0,5.39,5.39,5.39,6.0,6.5,5.5,5.3006783,G,Ligue 2,G
Filipovic Ivan,5.11,5.2,5.5,6.0,6.0,3.0,5.5,4.5,4.0,6.0,4.0,6.5,4.0,4.0,5.11,6.5,6.0,5.11,5.11,5.11,5.11,5.11,5.11,5.11,5.11,5.11,5.11,5.11,5.11,5.11,5.11,5.11,5.11,5.11,5.11,5.11,5.11,5.11,6.5,5.11,5.2665772,G,Ligue 2,G
Thuram-Ulien Yohann,5.13,5.3,5.13,6.0,5.13,5.13,5.13,5.13,5.5,5.5,3.5,5.13,5.13,5.13,5.13,5.13,5.13,5.13,5.13,5.13,5.13,5.13,5.13,5.13,5.13,5.13,5.13,5.13,5.13,5.13,5.13,6.0,5.13,5.13,5.13,5.13,5.13,5.13,5.13,5.13,5.2273974,G,Ligue 2,G
Maubleu Brice,6.0,5.95,6.0,8.0,4.0,5.5,7.0,5.5,7.0,6.0,7.0,6.5,7.0,6.0,6.0,6.0,6.5,4.5,4.5,6.0,5.5,6.0,6.0,6.0,6.0,5.0,6.0,7.0,6.0,6.0,5.0,6.0,4.0,6.0,7.0,7.0,4.5,7.5,6.0,5.0,5.167557,G,Ligue 2,G
Lemaître Nicolas,5.56,5.45,6.5,5.56,5.5,6.5,5.0,2.5,3.0,5.56,5.56,6.5,6.0,6.0,4.5,4.0,8.0,7.0,6.5,6.5,4.0,6.0,6.0,7.0,5.56,5.56,5.0,4.0,5.0,6.0,4.0,5.56,8.0,5.5,5.5,6.0,4.0,4.0,5.5,5.0,5.163386,G,Ligue 2,G
Fall Boubacar,5.0,5.0,5.0,5.0,5.0,5.0,5.0,5.0,5.0,5.0,5.0,5.0,5.0,5.0,5.0,5.0,5.0,5.0,5.0,5.0,5.0,5.0,5.0,5.0,5.0,5.0,5.0,5.0,5.0,5.0,5.0,5.0,5.0,5.0,5.0,5.0,5.0,5.0,5.0,5.0,5.003771,G,Ligue 2,G
Ba Ousmane,5.0,5.0,5.0,5.0,5.0,5.0,5.0,5.0,5.0,4.0,6.0,5.0,5.0,5.0,5.0,5.0,5.0,5.0,5.0,5.0,5.0,5.0,5.0,5.0,5.0,5.0,5.0,5.0,5.0,5.0,5.0,5.0,5.0,5.0,5.0,5.0,5.0,5.0,5.0,5.0,4.9810047,G,Ligue 2,G
Cibois Sébastien,4.83,4.83,6.0,3.5,6.0,3.5,7.0,3.0,4.83,4.83,4.83,4.83,4.83,4.83,4.83,4.83,4.83,4.83,4.83,4.83,4.83,4.83,4.83,4.83,4.83,4.83,4.83,4.83,4.83,4.83,4.83,4.83,4.83,4.83,4.83,4.83,4.83,4.83,4.83,4.83,4.8541455,G,Ligue 2,G
Dreyer Matthieu,5.06,5.02,5.06,5.06,5.06,5.06,4.5,6.0,4.0,7.0,5.5,5.06,5.06,5.06,6.0,4.0,4.0,4.5,5.06,5.06,5.06,5.06,5.06,5.06,7.0,5.5,6.0,3.0,6.0,7.0,2.5,5.0,4.5,7.0,2.5,4.0,4.0,6.0,5.0,5.06,4.8107457,G,Ligue 2,G
Reynet Baptiste,5.39,5.32,6.0,6.0,5.0,6.0,7.0,3.0,6.0,4.5,6.0,6.0,4.5,6.0,6.0,5.0,5.39,6.0,4.0,5.5,5.0,6.0,6.0,2.5,5.5,6.0,4.0,6.5,6.0,6.5,5.5,5.5,4.0,3.5,6.0,5.0,6.0,4.0,6.5,4.5,4.609213,G,Ligue 2,G
Gorgelin Mathieu,4.5,4.8,4.5,4.5,4.5,4.5,4.5,4.5,4.5,4.5,4.5,4.5,4.5,4.5,4.5,4.5,4.5,4.5,4.5,4.5,4.5,4.5,4.5,4.5,4.5,4.5,4.5,4.5,4.5,4.5,3.0,4.5,4.5,4.5,6.0,4.5,4.5,4.5,6.0,4.5,4.53922,G,Ligue 2,G
Demarconnay Vincent,5.67,5.81,5.67,5.67,5.67,5.67,5.67,5.67,5.67,5.67,5.67,5.67,5.67,5.0,6.5,5.67,5.67,7.0,6.0,5.5,5.0,5.5,6.0,7.5,6.0,5.67,6.0,7.0,5.67,5.67,4.5,5.5,4.0,6.5,8.0,3.5,6.5,6.5,5.67,4.0,4.4830036,G,Ligue 2,G
Caillard Marc-Aurèle,4.25,5.03,4.25,4.25,4.25,4.0,4.5,4.25,4.25,4.25,4.25,4.25,4.25,4.25,4.25,4.25,4.25,4.25,4.25,4.25,5.0,6.0,5.0,4.25,5.0,5.5,6.0,6.0,6.0,2.5,4.0,3.0,4.25,4.25,5.0,5.5,5.5,7.0,4.0,4.25,4.2863493,G,Ligue 2,G
Green Etienne,4.13,4.13,5.0,4.5,5.5,2.0,4.13,4.13,3.0,4.13,4.13,4.0,5.5,3.5,4.13,4.13,4.13,4.13,4.13,4.13,4.13,4.13,4.13,4.13,4.13,4.13,4.13,4.13,4.13,4.13,4.13,4.13,4.13,4.13,4.13,4.13,4.13,4.13,4.13,4.13,4.1778736,G,Ligue 2,G
M'Pasi Lionel,5.31,5.27,5.31,5.31,5.31,5.31,5.31,5.31,7.0,6.0,4.0,4.0,4.5,6.0,5.5,5.0,6.5,6.0,6.0,5.0,5.31,4.0,6.0,6.0,5.31,6.0,5.0,4.0,5.0,4.5,5.0,5.0,4.0,4.5,6.0,3.0,7.0,7.0,7.0,3.5,4.0097876,G,Ligue 2,G
Raveyre Noah,4.0,4.0,4.0,4.0,4.0,4.0,4.0,4.0,4.0,4.0,4.0,4.0,4.0,4.0,4.0,4.0,4.0,4.0,4.0,4.0,4.0,4.0,4.0,4.0,4.0,4.0,4.0,4.0,4.0,4.0,4.0,4.0,4.0,4.0,4.0,4.0,4.0,4.0,4.0,4.0,3.9776874,G,Ligue 2,G
Maraval Axel,5.27,5.26,5.27,5.27,5.27,4.0,6.5,4.0,5.27,6.5,4.5,6.5,4.0,7.5,6.0,7.0,5.0,5.0,6.0,3.5,5.27,5.27,5.27,5.27,5.27,5.27,5.27,5.27,5.27,5.27,5.27,5.27,5.27,5.27,6.0,5.27,5.27,5.27,4.5,3.0,3.688986,G,Ligue 2,G
Prévot Maxence,5.68,5.64,5.5,6.0,5.5,6.0,6.0,6.0,6.0,6.5,5.5,5.5,6.0,7.5,4.5,5.5,7.5,6.0,4.0,5.5,5.68,5.68,5.68,5.68,5.68,5.68,5.68,5.68,5.68,5.0,6.0,6.5,6.0,7.0,6.0,6.5,4.5,4.0,4.0,3.0,3.666886,G,Ligue 2,G
Konaté Hillel,4.0,4.0,4.0,4.0,4.0,4.0,4.0,4.0,4.0,4.0,4.0,4.0,4.0,4.0,4.0,4.0,4.0,4.0,4.0,5.0,4.0,4.0,4.0,4.0,4.0,4.0,4.0,4.0,4.0,4.0,4.0,4.0,4.0,4.0,4.0,4.0,4.0,4.0,4.0,3.0,3.20805,G,Ligue 2,G
Basilio Enzo,5.08,5.23,7.0,4.0,6.0,4.0,6.5,4.0,5.5,4.0,6.0,6.0,3.5,6.0,5.5,6.0,5.0,5.5,4.0,5.5,4.5,5.08,5.08,5.08,5.08,5.08,6.0,6.0,4.5,7.0,6.0,6.0,3.5,5.5,5.5,4.0,6.0,5.5,6.0,2.5,3.0977736,G,Ligue 2,G
