Joueur,Note,Note 1 an,j1,j2,j3,j4,j5,j6,j7,j8,j9,j10,j11,j12,j13,j14,j15,j16,j17,j18,j20,j21,j22,j23,j24,j25,j26,j27,j28,j29,j30,j31,j32,j33,j34,j35,j36,j37,j38,j19,prediction_label,Poste,Championnat
Udol Matthieu,5.37,5.37,5.0,4.5,6.0,6.0,4.0,7.0,5.5,4.0,5.0,5.5,4.5,6.0,4.0,7.0,5.0,5.0,5.5,5.5,5.37,5.37,5.37,5.37,5.37,5.37,5.37,5.37,5.37,5.37,5.37,5.37,5.37,5.37,5.37,5.37,5.37,5.37,5.37,7.0,6.6624312,DL,Ligue 2
Van Den Kerkhof Kévin,5.37,5.37,4.5,7.0,5.0,4.0,4.0,3.5,7.0,6.0,6.5,6.5,3.0,6.5,4.5,5.0,5.0,6.0,6.5,4.5,5.37,5.37,5.37,5.37,5.37,5.37,5.37,5.37,5.37,5.37,5.37,5.37,5.37,5.37,5.37,5.37,5.37,5.37,5.37,7.0,6.6206317,DL,Ligue 2
Kaïboué Kylian,5.61,5.5,5.5,6.0,5.0,5.61,5.61,5.61,5.5,7.0,5.61,6.0,3.5,5.5,3.5,5.0,6.5,7.0,5.61,6.0,6.5,4.5,6.0,5.61,5.0,5.5,4.5,5.5,6.5,5.5,5.5,6.5,5.0,3.5,5.5,6.0,4.0,5.0,7.0,6.5,6.3392334,DL,Ligue 2
Jean Gaby,5.08,5.08,5.0,4.0,5.5,5.5,5.0,5.5,5.0,5.5,4.5,5.08,5.5,4.0,5.0,4.5,5.5,6.0,5.5,3.5,5.08,5.08,5.08,5.08,5.08,5.08,5.08,5.08,5.08,5.08,5.08,5.08,5.08,5.08,5.08,5.08,5.08,5.08,5.08,6.5,6.170579,DL,Ligue 2
Rocchia Christopher,5.22,5.19,6.0,5.0,4.5,5.0,4.5,5.22,6.0,5.22,5.22,4.5,5.22,5.22,5.22,5.22,5.22,5.22,5.22,5.0,4.5,7.0,5.5,3.5,5.22,5.22,5.22,5.22,5.22,5.22,5.22,5.22,5.22,5.22,5.22,5.22,5.22,5.22,5.22,6.5,6.1174493,DL,Ligue 2
Fali Candé,5.13,4.9,5.5,5.0,6.0,4.5,4.5,5.0,4.5,2.0,5.5,6.0,4.5,5.5,4.0,5.0,5.5,5.5,7.5,5.5,5.13,5.13,5.13,4.5,5.0,5.0,5.0,4.5,6.0,2.5,4.5,3.5,5.13,5.13,5.13,5.13,5.13,6.0,3.0,6.0,5.790151,DL,Ligue 2
Bastian Maxime,5.0,5.0,5.0,4.5,4.5,5.5,5.0,5.0,5.0,5.0,3.5,5.0,5.0,5.0,5.0,5.0,5.0,6.5,5.0,4.5,5.0,5.0,5.0,5.0,5.0,5.0,5.0,5.0,5.0,5.0,5.0,5.0,5.0,5.0,5.0,5.0,5.0,5.0,5.0,6.0,5.742632,DL,Ligue 2
Ekomié Jacques,5.7,5.7,5.5,6.5,5.7,5.7,4.5,6.5,5.5,5.7,5.7,5.7,5.7,5.7,5.7,5.7,5.7,5.7,5.7,5.7,5.7,5.7,5.7,5.7,5.7,5.7,5.7,5.7,5.7,5.7,5.7,5.7,5.7,5.7,5.7,5.7,5.7,5.7,5.7,5.7,5.711391,DL,Ligue 2
Sow Saïdou,4.71,4.5,4.71,4.71,5.0,2.5,3.0,4.71,4.71,4.71,4.71,4.71,4.71,4.71,4.71,4.71,4.71,5.0,6.0,5.5,4.71,4.71,4.71,4.71,4.71,4.71,4.71,4.71,4.71,4.71,4.71,4.71,4.71,4.71,4.71,4.71,3.5,4.0,4.71,6.0,5.6317716,DL,Ligue 2
Cuffaut Joffrey,5.66,5.43,5.5,6.0,4.0,5.5,6.0,5.5,6.0,5.5,5.0,7.0,5.5,7.5,5.0,6.0,5.5,5.0,5.66,5.66,5.0,6.0,7.5,5.5,3.5,6.0,6.5,5.0,5.0,5.0,5.5,3.0,4.5,5.66,3.5,6.0,6.0,5.5,5.0,5.66,5.6314707,DL,Ligue 2
Appiah Dennis,5.5,4.66,5.5,5.5,5.5,5.5,5.5,5.5,5.5,5.5,5.5,5.5,5.5,5.5,5.5,5.5,5.5,5.5,5.5,5.0,5.5,5.5,4.0,5.0,6.0,4.5,4.5,5.0,4.5,5.0,5.5,5.0,5.5,3.5,5.0,5.0,5.5,3.5,5.0,6.0,5.6281176,DL,Ligue 2
Operi Christopher,5.91,5.91,5.91,5.0,5.0,8.0,6.0,5.0,6.0,6.0,6.5,5.5,5.91,5.0,6.5,6.0,5.5,7.0,6.5,5.5,5.91,5.91,5.91,5.91,5.91,5.91,5.91,5.91,5.91,5.91,5.91,5.91,5.91,5.91,5.91,5.91,5.91,5.91,5.91,5.5,5.6040645,DL,Ligue 2
El Hajjam Oualid,5.5,5.45,5.5,4.5,5.0,6.0,5.0,6.5,5.0,5.0,5.5,6.0,5.5,5.0,6.0,5.5,6.5,6.0,5.0,5.5,5.5,5.5,5.5,5.5,5.5,5.5,5.5,5.5,5.0,5.0,5.5,5.5,5.5,5.5,5.5,5.5,5.5,5.5,5.5,5.5,5.522331,DL,Ligue 2
Henry Valentin,4.88,4.92,5.0,4.5,4.5,4.88,4.88,4.88,4.88,4.88,4.88,4.88,4.88,4.88,5.0,3.5,4.88,4.88,5.5,5.0,6.0,5.0,4.5,5.0,5.0,4.5,5.0,4.88,4.0,4.5,5.0,5.5,4.5,5.0,5.0,4.88,6.5,4.5,4.5,6.0,5.5172477,DL,Ligue 2
Xantippe Matthéo,5.03,5.05,5.0,5.0,5.0,6.0,4.5,5.0,5.0,5.0,7.0,5.0,5.5,3.5,5.0,4.0,4.5,5.0,5.0,5.0,5.03,4.5,6.5,5.03,6.0,5.03,5.5,4.0,6.0,5.03,5.03,5.0,4.5,5.0,4.5,5.03,5.03,4.5,5.03,5.5,5.4229045,DL,Ligue 2
Kouao Koffi,5.1,5.1,5.1,5.1,5.1,5.1,5.0,5.0,6.5,3.0,5.0,5.5,3.5,5.0,4.0,6.0,6.0,4.5,5.5,6.5,5.1,5.1,5.1,5.1,5.1,5.1,5.1,5.1,5.1,5.1,5.1,5.1,5.1,5.1,5.1,5.1,5.1,5.1,5.1,5.5,5.3973927,DL,Ligue 2
Vandermersch Hugo,4.91,4.94,5.0,6.0,5.0,5.5,4.91,5.0,4.5,5.0,4.5,4.91,4.5,3.0,5.0,5.0,5.0,5.0,6.0,4.5,3.5,3.5,5.0,4.5,6.5,5.0,5.0,4.5,5.5,6.0,5.5,4.91,4.91,4.91,4.91,5.0,4.0,6.0,4.91,5.0,5.341551,DL,Ligue 2
Ndour Abdallah,5.32,5.12,5.32,5.32,5.32,5.5,6.0,7.0,5.0,5.0,5.0,4.5,6.0,6.0,4.0,5.0,5.5,5.5,4.5,5.32,5.32,5.0,5.0,5.0,5.0,4.0,4.0,6.0,4.0,5.32,5.5,6.0,5.0,5.0,5.0,5.0,5.32,5.0,4.5,5.32,5.3033237,DL,Ligue 2
Faussurier Julien,5.32,5.44,5.32,5.0,5.0,6.5,5.0,4.5,6.0,6.5,5.0,5.0,5.0,5.5,4.5,5.5,6.0,6.5,4.0,5.0,5.5,5.32,5.32,5.32,5.32,5.32,5.32,5.0,5.32,5.5,6.0,5.5,5.5,6.5,6.0,5.32,5.32,5.32,5.32,5.32,5.2964926,DL,Ligue 2
Michelin Clement,5.3,5.3,5.3,5.3,5.3,5.3,5.3,5.3,5.3,4.5,5.5,5.0,6.0,6.0,5.5,4.5,6.5,5.0,5.3,4.5,5.3,5.3,5.3,5.3,5.3,5.3,5.3,5.3,5.3,5.3,5.3,5.3,5.3,5.3,5.3,5.3,5.3,5.3,5.3,5.3,5.2592278,DL,Ligue 2
Labonne Ronny,5.09,5.09,4.5,5.0,5.0,5.0,5.5,5.0,4.5,5.0,5.09,5.0,3.5,7.0,5.0,6.0,5.0,5.0,5.5,5.0,5.09,5.09,5.09,5.09,5.09,5.09,5.09,5.09,5.09,5.09,5.09,5.09,5.09,5.09,5.09,5.09,5.09,5.09,5.09,5.09,5.111089,DL,Ligue 2
Ngouyamsa Ahmad,5.0,5.04,5.5,5.0,5.0,4.5,4.5,5.0,4.5,5.0,5.0,5.0,5.0,5.0,5.0,5.5,5.0,5.5,5.0,5.0,4.5,5.5,6.0,5.0,5.0,6.0,4.5,5.5,5.5,5.0,5.0,5.5,5.0,3.5,4.0,5.0,7.0,4.0,4.5,5.0,5.07435,DL,Ligue 2
Louis-Jean Johaneko,5.25,5.21,5.25,5.25,6.0,6.0,4.5,5.25,5.0,5.25,5.25,5.25,5.25,5.25,5.25,5.25,5.25,5.25,5.0,5.25,5.25,5.25,5.25,5.25,5.25,5.25,5.25,5.25,5.25,5.25,5.25,5.25,5.25,5.25,5.25,5.25,5.25,5.25,5.0,5.0,5.039432,DL,Ligue 2
Hanin Florent,5.24,5.37,5.0,5.5,5.0,4.5,6.5,5.0,5.0,5.0,4.5,5.0,5.5,6.0,5.0,6.5,5.0,5.24,5.24,5.0,5.5,5.24,5.5,6.5,6.0,5.24,6.5,5.0,5.24,5.24,5.24,5.0,4.0,6.0,6.0,5.0,5.0,6.0,5.5,5.0,5.0204616,DL,Ligue 2
Dylan Tavares,5.05,5.05,4.0,7.5,5.5,3.0,3.5,5.0,5.0,5.0,6.0,7.5,3.0,4.5,5.0,4.5,5.0,5.0,7.0,5.0,5.05,5.05,5.05,5.05,5.05,5.05,5.05,5.05,5.05,5.05,5.05,5.05,5.05,5.05,5.05,5.05,5.05,5.05,5.05,5.0,5.0085983,DL,Ligue 2
Innocenti Nassim,5.0,5.0,5.0,5.0,5.0,5.0,5.0,5.0,5.0,5.0,5.0,5.0,5.0,5.0,5.0,5.0,5.0,5.0,5.0,5.0,5.0,5.0,5.0,5.0,5.0,5.0,5.0,5.0,5.0,5.0,5.0,5.0,5.0,5.0,5.0,5.0,5.0,5.0,5.0,5.0,5.003771,DL,Ligue 2
Ouattara Kassoum,5.0,5.0,5.0,5.0,5.0,5.0,5.0,5.0,5.0,5.0,5.0,5.0,5.0,5.0,5.0,5.0,5.0,5.0,5.0,5.0,5.0,5.0,5.0,5.0,5.0,5.0,5.0,5.0,5.0,5.0,5.0,5.0,5.0,5.0,5.0,5.0,5.0,5.0,5.0,5.0,5.003771,DL,Ligue 2
Ruque Jonathan,5.0,5.0,5.0,5.0,5.0,5.0,5.0,5.0,5.0,5.0,5.0,5.0,5.0,5.0,5.0,5.0,5.0,5.0,5.0,5.0,5.0,5.0,5.0,5.0,5.0,5.0,5.0,5.0,5.0,5.0,5.0,5.0,5.0,5.0,5.0,5.0,5.0,5.0,5.0,5.0,5.003771,DL,Ligue 2
Alakouch Sofiane,5.0,5.0,5.0,5.0,5.0,5.0,5.0,5.0,5.0,5.0,5.0,5.0,5.0,5.0,5.0,5.0,5.0,5.0,5.0,5.0,5.0,5.0,5.0,5.0,5.0,5.0,5.0,5.0,5.0,5.0,5.0,5.0,5.0,5.0,5.0,5.0,5.0,5.0,5.0,5.0,5.003771,DL,Ligue 2
Bohnert Florian,5.0,5.0,5.0,5.0,5.0,5.0,5.0,5.0,5.0,5.0,5.0,5.0,5.0,5.0,5.0,5.0,5.0,5.0,5.0,5.0,5.0,5.0,5.0,5.0,5.0,5.0,5.0,5.0,5.0,5.0,5.0,5.0,5.0,5.0,5.0,5.0,5.0,5.0,5.0,5.0,5.003771,DL,Ligue 2
Nasraoui Rayan,5.0,5.0,5.0,5.0,5.0,5.0,5.0,5.0,5.0,5.0,5.0,5.0,5.0,5.0,5.0,5.0,5.0,5.0,5.0,5.0,5.0,5.0,5.0,5.0,5.0,5.0,5.0,5.0,5.0,5.0,5.0,5.0,5.0,5.0,5.0,5.0,5.0,5.0,5.0,5.0,5.003771,DL,Ligue 2
Sadzoute Scotty,5.0,5.0,6.0,5.0,6.0,5.0,6.0,3.5,4.0,5.5,3.5,5.0,5.0,5.0,5.0,5.0,5.5,5.0,5.0,5.0,5.0,5.0,5.0,5.0,5.0,5.0,5.0,4.5,5.0,4.5,5.0,5.0,5.0,5.0,4.5,6.5,5.5,5.0,4.5,5.0,4.9944487,DL,Ligue 2
Gabriel Silva,4.92,4.56,4.92,5.0,4.5,5.0,4.92,4.92,4.92,4.92,4.92,4.92,4.92,4.5,5.5,5.0,4.92,4.92,4.92,4.92,4.92,3.5,5.0,4.92,4.92,4.92,4.92,4.92,4.92,4.92,5.0,4.5,5.0,3.5,4.0,5.0,3.5,4.92,4.92,4.92,4.992011,DL,Ligue 2
Armougom Yoël,4.73,4.71,5.5,4.0,4.0,4.73,4.73,5.0,5.0,5.0,4.73,4.73,4.73,5.0,4.5,4.0,4.73,4.73,4.73,5.0,5.5,3.0,4.73,4.73,5.0,4.73,5.0,4.73,4.73,4.73,5.0,4.73,4.73,4.73,4.73,4.73,4.73,4.5,4.73,5.0,4.9890194,DL,Ligue 2
Sissoko Alpha,5.03,5.1,5.5,4.0,5.0,5.0,5.0,3.5,5.03,5.03,4.5,5.5,5.5,5.0,5.5,5.0,5.5,5.5,5.5,5.0,5.03,5.03,5.03,5.03,5.03,4.5,5.0,5.03,5.03,5.0,5.03,5.03,5.0,5.03,5.0,7.0,5.0,4.0,6.5,5.0,4.974523,DL,Ligue 2
Durivaux Dylan,5.0,5.0,5.0,5.0,5.0,5.0,5.0,5.0,5.0,5.0,5.0,5.0,5.0,5.0,5.5,4.0,5.0,6.0,5.0,4.5,5.0,5.0,5.0,5.0,5.0,5.0,5.0,5.0,5.0,5.0,5.0,5.0,5.0,5.0,5.0,5.0,5.0,5.0,5.0,5.0,4.9725437,DL,Ligue 2
Evans Jean,4.92,4.91,4.5,5.0,4.0,3.0,5.0,4.5,4.5,5.5,5.0,4.92,5.0,6.0,5.0,6.0,5.0,5.0,5.5,5.0,5.0,5.0,4.92,4.92,4.92,4.92,4.92,4.5,4.92,4.92,4.5,5.0,4.92,5.0,4.0,4.92,6.0,5.0,5.0,5.0,4.9716234,DL,Ligue 2
Néry Loris,4.83,5.21,4.83,4.83,4.83,4.83,4.83,5.5,4.83,4.83,5.0,4.0,4.83,4.83,4.83,4.83,4.83,4.83,4.83,4.83,4.83,4.83,6.5,4.83,4.83,4.5,4.83,5.5,5.0,4.83,5.0,4.5,4.5,6.0,5.5,4.83,5.5,6.0,4.83,4.83,4.939565,DL,Ligue 2
Gaspar Jordy,5.09,4.97,6.0,5.5,3.0,5.5,4.5,6.0,4.5,5.09,5.5,4.5,6.5,6.0,5.5,5.0,5.0,3.5,5.09,5.0,5.0,5.0,5.09,4.0,5.0,4.5,5.09,5.0,5.0,5.09,5.09,4.0,3.5,6.0,5.5,5.0,5.0,6.0,4.0,5.09,4.937717,DL,Ligue 2
Seidou Edson,4.63,4.63,6.0,4.0,4.5,4.5,4.5,4.5,4.5,5.0,5.0,3.5,5.0,5.0,5.0,6.0,6.0,3.0,3.0,4.0,4.63,4.63,4.63,4.63,4.63,4.63,4.63,4.63,4.63,4.63,4.63,4.63,4.63,4.63,4.63,4.63,4.63,4.63,4.63,5.0,4.9324765,DL,Ligue 2
Gersbach Alex,4.91,4.85,5.0,6.0,3.0,4.5,5.0,5.0,4.5,3.0,4.91,4.91,5.0,6.0,5.5,7.0,6.0,3.0,4.5,5.5,4.5,5.0,4.91,5.0,4.5,5.0,4.91,4.91,5.0,4.91,4.91,4.91,4.0,5.0,5.0,5.0,5.0,4.5,4.5,5.0,4.930558,DL,Ligue 2
Sivis Maxime,4.92,5.38,4.92,4.92,4.92,5.0,6.0,4.0,4.92,4.5,5.0,5.0,4.92,4.92,4.92,4.92,4.92,4.92,4.92,4.92,5.0,5.0,4.92,5.0,6.0,4.92,5.5,4.92,4.92,5.0,5.0,8.0,3.0,6.5,7.0,6.5,5.5,6.0,4.5,4.92,4.8965735,DL,Ligue 2
Obiang Johann,4.95,4.9,5.0,4.95,4.95,4.95,5.5,5.0,4.0,6.5,4.5,4.5,5.5,4.0,5.0,5.0,4.95,4.95,4.95,4.95,4.95,4.95,4.95,5.5,4.95,5.0,4.5,4.0,5.0,4.95,4.0,5.5,5.0,4.5,5.0,4.0,5.5,5.0,5.5,4.95,4.8956866,DL,Ligue 2
Ring Sebastian,4.73,4.73,3.0,5.0,5.0,4.73,5.0,4.5,4.5,4.0,4.73,5.0,5.0,5.0,5.0,4.73,4.73,5.0,5.0,5.0,4.73,4.73,4.73,4.73,4.73,4.73,4.73,4.73,4.73,4.73,4.73,4.73,4.73,4.73,4.73,4.73,4.73,4.73,4.73,5.0,4.8527856,DL,Ligue 2
Debuchy Mathieu,5.31,4.98,6.0,5.31,5.31,5.31,5.31,5.0,6.0,4.5,3.5,5.31,6.5,6.5,5.31,4.5,6.0,5.5,5.5,5.0,3.0,5.31,5.31,5.31,5.0,4.5,5.5,5.31,6.0,4.5,5.5,4.0,4.0,5.5,2.5,4.5,5.5,5.5,5.31,4.5,4.8471074,DL,Ligue 2
Palun Lloyd,4.7,4.94,4.7,4.7,4.7,4.7,5.0,2.5,4.7,4.7,5.5,5.0,4.7,4.7,4.7,5.5,4.7,4.7,4.7,4.7,4.7,4.7,4.7,6.0,5.5,5.0,3.5,4.5,5.5,5.5,5.0,4.7,5.5,4.5,4.7,5.5,4.5,4.7,4.7,4.7,4.8348503,DL,Ligue 2
Koré Yoan,5.0,4.75,5.0,5.0,5.0,5.0,5.0,5.0,5.0,5.0,5.0,5.0,5.0,5.0,5.0,5.0,5.0,5.5,4.5,5.0,5.0,5.0,5.0,5.0,5.0,5.0,5.0,5.0,5.0,5.0,4.5,4.5,4.0,5.0,5.0,5.0,5.0,5.0,5.0,5.0,4.809087,DL,Ligue 2
Fofana Adama,4.82,4.81,4.82,4.82,4.82,4.82,4.82,5.0,4.82,4.0,5.0,5.0,3.0,6.0,4.0,5.0,5.0,6.0,5.0,4.82,4.82,4.82,4.82,5.0,5.0,6.0,5.0,5.0,5.0,5.5,5.0,5.5,4.5,3.0,3.5,4.82,4.82,4.82,4.5,4.82,4.805641,DL,Ligue 2
Mouali Hamza,4.83,4.83,4.83,4.83,4.83,4.83,4.83,4.83,4.83,4.83,5.0,5.0,5.0,5.0,4.83,4.83,4.83,4.83,4.0,5.0,4.83,4.83,4.83,4.83,4.83,4.83,4.83,4.83,4.83,4.83,4.83,4.83,4.83,4.83,4.83,4.83,4.83,4.83,4.83,4.83,4.792809,DL,Ligue 2
Maçon Yvann,4.63,4.36,3.0,4.63,5.0,3.0,6.5,7.0,4.5,7.0,3.5,4.5,4.5,3.5,4.63,3.5,4.63,4.63,4.63,4.63,4.63,4.0,3.5,5.0,5.0,4.63,4.63,4.63,4.63,4.63,4.63,4.63,4.63,4.63,3.0,4.0,4.0,4.0,4.63,4.63,4.791139,DL,Ligue 2
Vallier Lenny,4.64,4.82,6.0,2.5,5.0,6.0,3.5,4.0,4.5,5.0,3.5,5.0,4.0,4.0,4.64,5.0,5.5,5.0,5.5,4.5,7.0,4.64,4.0,4.64,4.5,4.64,4.5,4.64,4.64,5.0,6.0,4.64,5.5,7.0,5.0,4.0,4.0,4.5,5.0,5.0,4.7686515,DL,Ligue 2
N'Simba Vital,5.54,5.06,5.54,5.54,5.54,5.54,5.54,5.54,5.54,4.5,6.5,5.0,6.5,5.5,7.0,5.0,7.0,5.5,5.5,4.0,5.54,4.0,6.0,5.0,4.5,5.5,5.0,4.0,4.0,5.54,5.0,5.54,5.54,5.54,5.0,4.0,5.0,4.5,4.0,4.5,4.7663913,DL,Ligue 2
Perrot Kévin,4.75,4.75,4.75,4.75,4.75,4.75,4.75,4.75,4.5,4.75,4.75,4.75,4.75,4.75,4.75,4.75,4.75,5.0,4.75,4.75,4.75,4.75,4.75,4.75,4.75,4.75,4.75,4.75,4.75,4.75,4.75,4.75,4.75,4.75,4.75,4.75,4.75,4.75,4.75,4.75,4.7431192,DL,Ligue 2
Duterte Rémy,4.71,4.71,4.71,5.0,5.0,4.71,5.0,5.0,5.0,4.0,4.71,4.71,4.71,4.71,4.71,4.71,4.71,4.0,4.71,4.71,4.71,4.71,4.71,4.71,4.71,4.71,4.71,4.71,4.71,4.71,4.71,4.71,4.71,4.71,4.71,4.71,4.71,4.71,4.71,4.71,4.678662,DL,Ligue 2
Palencia Sergi,4.61,4.61,4.61,4.5,4.0,2.5,5.0,7.0,4.0,5.0,4.61,5.0,4.5,4.61,4.61,4.61,4.61,4.61,4.61,4.61,4.61,4.61,4.61,4.61,4.61,4.61,4.61,4.61,4.61,4.61,4.61,4.61,4.61,4.61,4.61,4.61,4.61,4.61,4.61,4.61,4.6720185,DL,Ligue 2
Pendant Jason,4.69,4.69,5.0,4.0,3.0,5.0,5.0,3.0,5.0,5.0,4.0,5.5,5.5,5.0,5.0,4.5,5.5,5.0,4.69,4.69,4.69,4.69,4.69,4.69,4.69,4.69,4.69,4.69,4.69,4.69,4.69,4.69,4.69,4.69,4.69,4.69,4.69,4.69,4.69,4.69,4.6677346,DL,Ligue 2
Moutachy Joris,4.42,4.54,5.5,3.5,4.5,5.0,3.5,4.5,4.0,5.5,2.0,4.42,4.5,3.5,5.5,4.0,4.5,5.0,5.0,5.0,5.0,4.42,5.0,5.0,3.5,5.0,4.5,5.5,4.42,4.5,5.0,6.0,5.0,4.42,4.5,4.5,3.0,4.5,4.5,4.5,4.596197,DL,Ligue 2
Lecoeuche Quentin,5.11,5.04,5.0,5.0,4.5,5.5,5.0,6.0,6.0,4.0,5.0,5.0,6.5,6.0,5.0,5.0,4.5,5.0,4.5,5.0,5.11,5.0,5.0,5.0,3.5,5.0,5.5,5.0,4.5,5.0,5.0,5.11,4.5,5.0,4.5,5.11,5.0,6.0,6.0,4.5,4.586445,DL,Ligue 2
Sy Lamine,5.0,4.13,5.0,5.0,5.0,5.0,5.0,5.0,5.0,5.0,5.0,5.0,5.0,5.0,5.0,5.0,5.0,5.0,5.0,5.0,5.0,5.0,5.0,5.0,5.0,5.0,5.0,5.0,5.0,5.0,5.0,4.5,5.0,4.5,4.5,5.0,5.0,5.0,4.5,5.0,4.55532,DL,Ligue 2
Vargas Thibaut,4.88,4.88,5.0,6.0,6.5,4.0,5.5,4.5,4.5,4.0,4.88,5.0,4.5,6.0,5.0,4.88,5.0,5.0,5.0,3.0,4.88,4.88,4.88,4.88,4.88,4.88,4.88,4.88,4.88,4.88,4.88,4.88,4.88,4.88,4.88,4.88,4.88,4.88,4.88,4.5,4.544663,DL,Ligue 2
Quemper Stephen,4.88,4.98,4.88,6.0,5.0,3.0,6.0,4.5,4.88,6.5,4.88,4.88,4.88,5.0,5.0,5.0,4.5,5.0,3.5,4.88,4.88,4.0,4.88,5.0,5.0,4.88,5.5,5.5,4.5,6.0,5.0,6.0,3.5,5.0,5.5,4.0,5.5,5.0,6.0,4.5,4.536944,DL,Ligue 2
Hadjam Jaouen,5.23,4.83,5.5,4.5,5.23,6.5,5.0,5.0,5.23,5.23,5.0,5.5,5.23,6.0,5.23,5.23,5.23,5.23,5.5,4.5,5.23,4.5,5.0,5.0,5.0,5.23,5.23,3.0,5.23,5.23,4.0,5.23,5.23,5.23,4.0,3.0,5.23,5.5,5.0,4.5,4.5361233,DL,Ligue 2
Abdi Ali,5.21,5.1,5.21,6.0,5.0,7.0,5.5,5.5,5.21,5.0,5.21,5.21,5.21,4.5,5.0,5.0,5.0,4.0,4.5,6.5,5.21,5.21,5.21,5.0,7.0,4.5,5.0,4.0,6.0,5.0,4.5,5.0,5.0,4.5,4.5,4.5,4.0,7.0,4.5,4.5,4.53402,DL,Ligue 2
Traoré Cheick,4.66,4.69,5.0,5.0,3.5,4.5,5.0,5.0,5.0,4.5,4.0,4.66,4.0,4.5,4.5,4.66,5.0,6.5,4.0,4.5,4.66,6.0,5.0,2.0,6.0,5.5,3.5,5.0,5.0,7.0,4.5,5.5,4.5,3.0,5.0,4.0,4.5,4.0,5.0,4.66,4.5325665,DL,Ligue 2
Ntim Emmanuel,4.83,5.09,4.83,4.83,4.83,6.0,4.83,4.83,4.83,4.83,4.83,4.83,5.0,3.0,6.0,4.5,5.0,5.5,4.5,4.0,7.0,5.0,6.0,5.0,3.5,5.0,5.5,5.0,5.5,6.0,5.5,4.0,5.0,6.0,3.5,6.0,4.5,6.0,4.83,4.83,4.5212083,DL,Ligue 2
Burner Patrick,4.79,4.82,4.79,4.79,5.0,5.0,5.0,4.5,5.0,5.5,3.5,5.0,3.5,7.0,4.5,6.5,5.0,3.0,5.0,4.0,5.0,6.0,5.0,4.79,4.79,4.79,3.0,4.79,4.79,4.5,4.79,4.79,4.79,5.0,5.5,5.0,5.5,5.0,4.0,4.5,4.4918547,DL,Ligue 2
Paquiez Gaëtan,4.58,4.74,4.5,6.0,3.5,4.58,4.58,5.5,5.0,4.5,3.0,4.58,4.0,4.58,4.58,4.5,4.58,4.58,5.0,5.0,5.0,5.5,4.5,4.58,3.5,5.0,4.58,4.5,5.0,5.0,4.5,4.5,6.5,4.0,5.0,4.5,5.5,5.0,5.0,4.5,4.4025717,DL,Ligue 2
Diarra Mamadou,5.45,5.45,5.45,5.45,5.45,5.45,5.45,5.45,5.45,5.45,5.0,4.5,6.0,7.0,5.5,7.0,5.5,5.45,5.5,4.5,5.45,5.45,5.45,5.45,5.45,5.45,5.45,5.45,5.45,5.45,5.45,5.45,5.45,5.45,5.45,5.45,5.45,5.45,5.45,4.0,4.379952,DL,Ligue 2
Senaya Marvin,5.13,5.02,5.13,5.13,5.13,4.5,5.0,5.0,5.0,5.0,6.0,5.0,5.0,5.0,5.13,4.5,6.5,4.5,7.0,5.5,6.0,5.0,5.13,5.0,5.0,5.13,2.5,5.0,5.13,5.0,5.0,5.0,5.13,5.13,5.13,5.5,4.5,5.13,5.0,3.5,3.8620884,DL,Ligue 2
Lefort Jordan,5.15,5.15,5.15,5.15,5.15,5.15,5.15,5.15,5.0,5.5,4.5,6.0,4.0,6.0,6.0,5.5,3.5,6.0,5.5,6.0,5.15,5.15,5.15,5.15,5.15,5.15,5.15,5.15,5.15,5.15,5.15,5.15,5.15,5.15,5.15,5.15,5.15,5.15,5.15,3.5,3.8560596,DL,Ligue 2
Abdallah Akim,4.86,4.92,5.0,4.5,5.0,5.0,6.0,3.5,5.0,6.0,6.5,4.0,5.0,4.0,3.5,4.86,6.0,4.5,6.0,4.5,5.5,5.0,6.0,5.0,4.0,4.86,4.86,6.0,5.0,4.86,5.0,4.5,4.86,4.86,4.86,4.86,5.0,5.0,4.0,3.5,3.8471835,DL,Ligue 2
Manceau Vincent,4.58,4.64,5.0,5.0,5.0,3.0,5.5,3.0,5.0,4.5,4.58,5.5,3.5,4.0,5.0,5.0,4.5,6.0,4.0,5.5,4.58,5.5,4.58,2.5,4.58,5.0,4.58,4.58,5.0,4.58,4.58,4.58,5.0,4.58,4.58,5.5,5.0,5.0,6.0,3.5,3.6174185,DL,Ligue 2
