Joueur,Note,Note 1 an,j1,j2,j3,j4,j5,j6,j7,j8,j9,j10,j11,j12,j13,j14,j15,j16,j17,j18,j20,j21,j22,j23,j24,j25,j26,j27,j28,j29,j30,j31,j32,j33,j34,j35,j36,j37,j38,j19,prediction_label,Poste,Championnat,Terrain
Mendy Bissenty,5.43,5.43,5.5,5.0,5.0,4.0,5.43,7.0,6.0,5.43,5.43,4.0,6.0,5.5,5.0,5.5,5.5,5.43,6.0,4.5,5.43,5.43,5.43,5.43,5.43,5.43,5.43,5.43,5.43,5.43,5.43,5.43,5.43,5.43,5.43,5.43,5.43,5.43,5.43,7.0,6.6671915,DC,Ligue 2,D
Udol Matthieu,5.37,5.37,5.0,4.5,6.0,6.0,4.0,7.0,5.5,4.0,5.0,5.5,4.5,6.0,4.0,7.0,5.0,5.0,5.5,5.5,5.37,5.37,5.37,5.37,5.37,5.37,5.37,5.37,5.37,5.37,5.37,5.37,5.37,5.37,5.37,5.37,5.37,5.37,5.37,7.0,6.6624312,DL,Ligue 2,D
Van Den Kerkhof Kévin,5.37,5.37,4.5,7.0,5.0,4.0,4.0,3.5,7.0,6.0,6.5,6.5,3.0,6.5,4.5,5.0,5.0,6.0,6.5,4.5,5.37,5.37,5.37,5.37,5.37,5.37,5.37,5.37,5.37,5.37,5.37,5.37,5.37,5.37,5.37,5.37,5.37,5.37,5.37,7.0,6.6206317,DL,Ligue 2,D
Baudry Marvin,4.91,4.91,7.0,4.0,6.0,6.0,4.0,3.5,5.0,4.0,6.0,4.5,3.0,4.91,4.91,5.0,8.0,2.5,3.0,4.91,4.91,4.91,4.91,4.91,4.91,4.91,4.91,4.91,4.91,4.91,4.91,4.91,4.91,4.91,4.91,4.91,4.91,4.91,4.91,7.0,6.5198355,DC,Ligue 2,D
Mendy Formose,5.74,5.52,5.74,6.5,6.0,6.0,5.0,5.5,6.0,4.5,6.5,7.0,5.5,5.0,4.5,7.0,5.5,5.0,5.74,6.0,4.5,5.5,6.0,5.5,6.0,5.5,6.0,5.74,6.5,2.0,6.0,6.0,5.0,5.74,5.0,5.0,5.0,5.0,5.74,6.0,6.355744,DC,Ligue 2,D
Kaïboué Kylian,5.61,5.5,5.5,6.0,5.0,5.61,5.61,5.61,5.5,7.0,5.61,6.0,3.5,5.5,3.5,5.0,6.5,7.0,5.61,6.0,6.5,4.5,6.0,5.61,5.0,5.5,4.5,5.5,6.5,5.5,5.5,6.5,5.0,3.5,5.5,6.0,4.0,5.0,7.0,6.5,6.3392334,DL,Ligue 2,D
Mwanga Junior,5.43,5.41,6.0,6.0,6.0,4.0,5.43,5.5,6.0,5.5,5.43,5.0,5.43,5.43,5.5,5.0,5.0,4.5,6.0,5.0,5.43,5.43,5.43,5.43,5.43,5.43,5.43,5.43,5.43,5.43,5.43,5.43,5.43,5.43,5.43,5.43,5.43,5.43,5.0,6.5,6.2557116,DC,Ligue 2,D
Dramé Issiar,6.38,6.38,6.38,6.38,6.38,6.38,6.38,6.38,6.38,6.38,6.38,6.38,6.38,6.38,6.38,6.38,6.38,6.0,7.5,6.0,6.38,6.38,6.38,6.38,6.38,6.38,6.38,6.38,6.38,6.38,6.38,6.38,6.38,6.38,6.38,6.38,6.38,6.38,6.38,6.0,6.1737976,DC,Ligue 2,D
Jean Gaby,5.08,5.08,5.0,4.0,5.5,5.5,5.0,5.5,5.0,5.5,4.5,5.08,5.5,4.0,5.0,4.5,5.5,6.0,5.5,3.5,5.08,5.08,5.08,5.08,5.08,5.08,5.08,5.08,5.08,5.08,5.08,5.08,5.08,5.08,5.08,5.08,5.08,5.08,5.08,6.5,6.170579,DL,Ligue 2,D
Rocchia Christopher,5.22,5.19,6.0,5.0,4.5,5.0,4.5,5.22,6.0,5.22,5.22,4.5,5.22,5.22,5.22,5.22,5.22,5.22,5.22,5.0,4.5,7.0,5.5,3.5,5.22,5.22,5.22,5.22,5.22,5.22,5.22,5.22,5.22,5.22,5.22,5.22,5.22,5.22,5.22,6.5,6.1174493,DL,Ligue 2,D
Sangante Arouna,5.55,5.26,5.5,5.0,4.5,7.5,5.5,5.5,5.5,5.5,5.0,5.5,6.0,4.5,6.0,5.5,7.0,5.0,5.0,5.5,5.0,4.5,5.0,5.55,5.55,3.0,5.0,5.0,6.0,3.5,4.0,4.5,5.5,5.5,7.5,5.5,5.55,4.5,4.5,6.0,5.973742,DC,Ligue 2,D
Kouyaté Boubakar,5.5,5.29,7.0,4.5,5.5,5.5,5.5,6.0,6.5,4.0,5.5,5.5,5.5,5.5,4.0,5.0,7.0,5.5,5.0,5.5,5.5,5.5,5.5,6.0,5.0,5.5,5.5,5.5,6.0,3.0,5.5,3.5,6.0,5.0,5.0,4.0,7.0,7.0,3.0,6.0,5.9688134,DC,Ligue 2,D
Barbet Yoann,5.38,5.38,5.38,5.38,5.38,5.38,5.38,5.38,5.38,4.0,5.0,6.0,6.0,5.0,6.0,4.5,6.5,4.5,5.0,6.0,5.38,5.38,5.38,5.38,5.38,5.38,5.38,5.38,5.38,5.38,5.38,5.38,5.38,5.38,5.38,5.38,5.38,5.38,5.38,6.0,5.8453,DC,Ligue 2,D
Lajugie Francois,5.22,5.22,5.22,5.5,5.5,5.5,5.5,5.0,6.0,5.5,4.0,4.0,7.0,4.5,4.5,5.0,5.5,5.0,5.0,5.0,5.22,5.22,5.22,5.22,5.22,5.22,5.22,5.22,5.22,5.22,5.22,5.22,5.22,5.22,5.22,5.22,5.22,5.22,5.22,6.0,5.7917,DC,Ligue 2,D
Fali Candé,5.13,4.9,5.5,5.0,6.0,4.5,4.5,5.0,4.5,2.0,5.5,6.0,4.5,5.5,4.0,5.0,5.5,5.5,7.5,5.5,5.13,5.13,5.13,4.5,5.0,5.0,5.0,4.5,6.0,2.5,4.5,3.5,5.13,5.13,5.13,5.13,5.13,6.0,3.0,6.0,5.790151,DL,Ligue 2,D
Yohan Tavares,5.1,5.1,6.0,4.5,5.5,5.0,5.0,4.0,3.5,5.0,5.1,5.5,5.0,6.0,5.5,6.0,4.0,5.1,5.1,5.1,5.1,5.1,5.1,5.1,5.1,5.1,5.1,5.1,5.1,5.1,5.1,5.1,5.1,5.1,5.1,5.1,5.1,5.1,5.1,6.0,5.7685504,DC,Ligue 2,D
Gregersen Stian,5.44,5.11,5.5,5.5,6.0,6.0,4.5,6.0,6.0,5.44,5.5,6.0,5.5,5.5,5.44,5.0,5.0,4.5,6.0,4.5,5.0,2.5,5.0,5.44,5.44,5.0,6.5,4.0,3.0,4.5,6.0,5.0,5.44,4.0,5.44,5.44,5.44,5.44,5.44,5.5,5.7515225,DC,Ligue 2,D
Temanfo Arnold,4.97,4.97,5.0,4.5,4.0,5.5,5.0,5.0,4.97,5.0,4.5,5.0,5.0,5.0,4.5,5.5,4.5,6.0,4.97,4.5,4.97,4.97,4.97,4.97,4.97,4.97,4.97,4.97,4.97,4.97,4.97,4.97,4.97,4.97,4.97,4.97,4.97,4.97,4.97,6.0,5.7443132,DC,Ligue 2,D
Bastian Maxime,5.0,5.0,5.0,4.5,4.5,5.5,5.0,5.0,5.0,5.0,3.5,5.0,5.0,5.0,5.0,5.0,5.0,6.5,5.0,4.5,5.0,5.0,5.0,5.0,5.0,5.0,5.0,5.0,5.0,5.0,5.0,5.0,5.0,5.0,5.0,5.0,5.0,5.0,5.0,6.0,5.742632,DL,Ligue 2,D
Ekomié Jacques,5.7,5.7,5.5,6.5,5.7,5.7,4.5,6.5,5.5,5.7,5.7,5.7,5.7,5.7,5.7,5.7,5.7,5.7,5.7,5.7,5.7,5.7,5.7,5.7,5.7,5.7,5.7,5.7,5.7,5.7,5.7,5.7,5.7,5.7,5.7,5.7,5.7,5.7,5.7,5.7,5.711391,DL,Ligue 2,D
Bokele Malcom,5.69,5.69,6.5,6.0,6.0,6.0,4.5,7.5,6.0,4.5,6.0,5.0,5.0,5.69,5.69,5.69,5.69,5.0,6.0,5.69,5.69,5.69,5.69,5.69,5.69,5.69,5.69,5.69,5.69,5.69,5.69,5.69,5.69,5.69,5.69,5.69,5.69,5.69,5.69,5.69,5.694506,DC,Ligue 2,D
Sow Saïdou,4.71,4.5,4.71,4.71,5.0,2.5,3.0,4.71,4.71,4.71,4.71,4.71,4.71,4.71,4.71,4.71,4.71,5.0,6.0,5.5,4.71,4.71,4.71,4.71,4.71,4.71,4.71,4.71,4.71,4.71,4.71,4.71,4.71,4.71,4.71,4.71,3.5,4.0,4.71,6.0,5.6317716,DL,Ligue 2,D
Cuffaut Joffrey,5.66,5.43,5.5,6.0,4.0,5.5,6.0,5.5,6.0,5.5,5.0,7.0,5.5,7.5,5.0,6.0,5.5,5.0,5.66,5.66,5.0,6.0,7.5,5.5,3.5,6.0,6.5,5.0,5.0,5.0,5.5,3.0,4.5,5.66,3.5,6.0,6.0,5.5,5.0,5.66,5.6314707,DL,Ligue 2,D
Appiah Dennis,5.5,4.66,5.5,5.5,5.5,5.5,5.5,5.5,5.5,5.5,5.5,5.5,5.5,5.5,5.5,5.5,5.5,5.5,5.5,5.0,5.5,5.5,4.0,5.0,6.0,4.5,4.5,5.0,4.5,5.0,5.5,5.0,5.5,3.5,5.0,5.0,5.5,3.5,5.0,6.0,5.6281176,DL,Ligue 2,D
Operi Christopher,5.91,5.91,5.91,5.0,5.0,8.0,6.0,5.0,6.0,6.0,6.5,5.5,5.91,5.0,6.5,6.0,5.5,7.0,6.5,5.5,5.91,5.91,5.91,5.91,5.91,5.91,5.91,5.91,5.91,5.91,5.91,5.91,5.91,5.91,5.91,5.91,5.91,5.91,5.91,5.5,5.6040645,DL,Ligue 2,D
Touré Zargo,5.46,5.39,6.0,5.5,5.5,5.0,5.5,5.5,5.46,5.46,5.46,5.46,5.46,5.46,4.0,6.5,5.5,6.5,4.0,6.0,4.5,6.0,6.0,5.46,5.46,5.46,5.46,5.46,5.46,5.46,5.46,5.46,5.46,5.46,4.5,5.46,5.46,5.46,5.0,5.5,5.5530405,DC,Ligue 2,D
Cissé Ibrahim,5.22,5.42,6.0,6.0,4.0,5.5,5.0,5.0,4.0,5.5,4.5,4.5,6.0,4.0,6.5,5.5,5.22,5.0,6.0,5.5,4.5,5.0,5.5,5.5,7.5,5.5,6.0,5.0,5.5,6.0,5.0,6.0,6.5,5.22,5.22,5.5,5.22,6.0,5.22,5.5,5.5477114,DC,Ligue 2,D
Kilama Guy-Marcelin,5.0,4.94,5.5,3.0,4.5,6.0,3.5,6.0,4.5,5.5,4.5,6.0,4.5,4.0,5.0,5.0,5.5,6.0,5.5,5.0,5.0,5.0,5.0,5.0,5.0,5.0,5.0,5.0,5.0,5.0,6.0,5.0,5.0,6.0,5.0,4.0,3.5,5.0,4.0,5.5,5.532689,DC,Ligue 2,D
Mamadou Fofana I Mamadou,5.31,5.07,4.0,6.0,6.0,6.0,6.0,5.31,6.5,3.5,6.0,6.0,5.5,5.0,5.0,3.5,4.0,5.5,6.5,5.0,5.31,5.31,5.31,5.0,6.0,4.5,6.0,4.0,6.0,2.0,5.0,5.5,5.5,5.0,4.0,5.5,4.5,5.0,3.5,5.5,5.525783,DC,Ligue 2,D
El Hajjam Oualid,5.5,5.45,5.5,4.5,5.0,6.0,5.0,6.5,5.0,5.0,5.5,6.0,5.5,5.0,6.0,5.5,6.5,6.0,5.0,5.5,5.5,5.5,5.5,5.5,5.5,5.5,5.5,5.5,5.0,5.0,5.5,5.5,5.5,5.5,5.5,5.5,5.5,5.5,5.5,5.5,5.522331,DL,Ligue 2,D
Henry Valentin,4.88,4.92,5.0,4.5,4.5,4.88,4.88,4.88,4.88,4.88,4.88,4.88,4.88,4.88,5.0,3.5,4.88,4.88,5.5,5.0,6.0,5.0,4.5,5.0,5.0,4.5,5.0,4.88,4.0,4.5,5.0,5.5,4.5,5.0,5.0,4.88,6.5,4.5,4.5,6.0,5.5172477,DL,Ligue 2,D
Briançon Anthony,5.0,5.06,3.5,5.0,5.0,4.0,5.0,6.0,5.5,7.0,3.5,6.0,4.0,4.0,6.0,5.0,5.0,4.5,5.0,5.5,5.0,5.0,5.0,5.0,5.0,5.0,5.0,5.0,5.0,5.0,5.0,5.0,5.0,5.0,5.0,5.5,5.5,6.0,4.0,5.5,5.51065,DC,Ligue 2,D
Opoku Nicholas,5.17,5.09,3.5,5.0,5.5,6.0,5.0,5.0,6.0,5.17,6.0,6.0,4.0,5.17,5.17,5.17,3.5,5.0,6.5,5.0,5.17,5.17,5.17,5.17,5.17,5.17,5.17,5.17,5.17,4.5,5.17,5.0,5.0,5.5,5.0,5.0,5.0,5.17,4.5,5.5,5.506197,DC,Ligue 2,D
Gelin Jérémy,5.18,5.18,5.18,5.5,6.0,5.5,4.5,5.0,5.0,5.18,6.0,5.5,5.0,5.0,5.5,4.5,3.5,5.0,7.0,4.0,5.18,5.18,5.18,5.18,5.18,5.18,5.18,5.18,5.18,5.18,5.18,5.18,5.18,5.18,5.18,5.18,5.18,5.18,5.18,5.5,5.494514,DC,Ligue 2,D
Diedhiou Christophe,5.56,5.29,5.0,5.0,4.5,5.56,5.5,5.56,6.0,5.56,6.0,5.5,7.0,5.56,5.56,5.56,5.56,5.56,5.56,5.56,5.5,5.56,5.56,5.56,5.56,5.0,4.5,6.0,4.0,6.0,5.56,5.5,5.56,5.0,5.0,5.5,5.56,4.0,5.56,5.56,5.4842057,DC,Ligue 2,D
Coulibaly Senou,5.04,4.93,5.04,5.04,5.0,5.5,5.0,5.0,4.5,4.0,4.5,5.0,4.0,6.0,5.04,5.04,6.0,6.0,5.04,4.5,5.04,5.04,5.04,3.0,5.0,6.0,4.5,6.0,4.5,5.04,5.0,5.0,5.0,3.5,5.04,5.0,5.0,5.5,4.5,5.5,5.44442,DC,Ligue 2,D
N'Diaye Abdoulaye,5.5,5.5,5.5,7.5,6.0,4.0,4.5,3.0,6.0,5.5,6.0,6.0,3.5,7.0,5.5,5.5,6.0,6.5,5.5,5.5,5.5,5.5,5.5,5.5,5.5,5.5,5.5,5.5,5.5,5.5,5.5,5.5,5.5,5.5,5.5,5.5,5.5,5.5,5.5,5.5,5.4390445,DC,Ligue 2,D
Xantippe Matthéo,5.03,5.05,5.0,5.0,5.0,6.0,4.5,5.0,5.0,5.0,7.0,5.0,5.5,3.5,5.0,4.0,4.5,5.0,5.0,5.0,5.03,4.5,6.5,5.03,6.0,5.03,5.5,4.0,6.0,5.03,5.03,5.0,4.5,5.0,4.5,5.03,5.03,4.5,5.03,5.5,5.4229045,DL,Ligue 2,D
Mouanga Kévin,5.32,5.32,5.5,5.32,5.32,5.32,6.0,3.5,5.32,6.5,4.5,3.5,7.0,5.0,5.0,7.0,5.0,5.32,5.32,5.32,5.32,5.32,5.32,5.32,5.32,5.32,5.32,5.32,5.32,5.32,5.32,5.32,5.32,5.32,5.32,5.32,5.32,5.32,5.32,5.32,5.397901,DC,Ligue 2,D
Kouao Koffi,5.1,5.1,5.1,5.1,5.1,5.1,5.0,5.0,6.5,3.0,5.0,5.5,3.5,5.0,4.0,6.0,6.0,4.5,5.5,6.5,5.1,5.1,5.1,5.1,5.1,5.1,5.1,5.1,5.1,5.1,5.1,5.1,5.1,5.1,5.1,5.1,5.1,5.1,5.1,5.5,5.3973927,DL,Ligue 2,D
Vandenabeele Éric,5.35,5.33,5.35,6.0,5.0,5.5,4.5,5.35,5.5,5.5,7.5,4.5,4.5,5.0,5.35,4.5,6.5,5.35,5.35,5.0,5.35,5.35,5.35,5.35,5.35,5.35,5.35,5.35,5.35,5.35,5.35,5.35,5.35,5.35,5.35,5.35,5.35,5.5,5.0,5.35,5.391841,DC,Ligue 2,D
Lemonnier Pierre,5.5,5.29,5.5,5.5,5.5,5.5,6.0,6.0,5.5,5.0,5.0,5.5,5.5,5.5,5.5,5.5,5.5,5.5,5.5,5.5,5.5,5.0,5.5,4.5,5.5,5.5,6.0,5.5,5.0,5.5,5.5,6.5,2.5,6.0,6.5,4.0,5.0,5.5,5.5,5.5,5.3692193,DC,Ligue 2,D
Traoré Brahim,5.17,4.71,5.17,5.17,5.17,5.17,5.17,6.0,5.17,5.17,5.17,4.5,5.17,5.17,5.17,5.17,5.17,5.17,5.0,5.17,3.0,5.17,5.0,5.17,5.0,5.17,5.17,4.5,5.0,5.17,5.17,5.0,5.17,5.17,5.0,5.17,4.0,5.17,4.5,5.17,5.349966,DC,Ligue 2,D
Vandermersch Hugo,4.91,4.94,5.0,6.0,5.0,5.5,4.91,5.0,4.5,5.0,4.5,4.91,4.5,3.0,5.0,5.0,5.0,5.0,6.0,4.5,3.5,3.5,5.0,4.5,6.5,5.0,5.0,4.5,5.5,6.0,5.5,4.91,4.91,4.91,4.91,5.0,4.0,6.0,4.91,5.0,5.341551,DL,Ligue 2,D
Ndour Abdallah,5.32,5.12,5.32,5.32,5.32,5.5,6.0,7.0,5.0,5.0,5.0,4.5,6.0,6.0,4.0,5.0,5.5,5.5,4.5,5.32,5.32,5.0,5.0,5.0,5.0,4.0,4.0,6.0,4.0,5.32,5.5,6.0,5.0,5.0,5.0,5.0,5.32,5.0,4.5,5.32,5.3033237,DL,Ligue 2,D
Faussurier Julien,5.32,5.44,5.32,5.0,5.0,6.5,5.0,4.5,6.0,6.5,5.0,5.0,5.0,5.5,4.5,5.5,6.0,6.5,4.0,5.0,5.5,5.32,5.32,5.32,5.32,5.32,5.32,5.0,5.32,5.5,6.0,5.5,5.5,6.5,6.0,5.32,5.32,5.32,5.32,5.32,5.2964926,DL,Ligue 2,D
Tchaptchet Allan,5.28,5.19,5.5,5.0,5.28,6.0,5.0,6.0,5.0,5.28,6.0,4.5,5.5,5.5,6.5,5.0,5.0,3.5,5.0,5.5,5.28,5.28,5.28,5.28,5.28,5.28,5.28,5.28,5.28,5.28,5.28,5.28,5.28,5.0,5.28,5.28,5.28,5.28,4.0,5.28,5.2703633,DC,Ligue 2,D
Michelin Clement,5.3,5.3,5.3,5.3,5.3,5.3,5.3,5.3,5.3,4.5,5.5,5.0,6.0,6.0,5.5,4.5,6.5,5.0,5.3,4.5,5.3,5.3,5.3,5.3,5.3,5.3,5.3,5.3,5.3,5.3,5.3,5.3,5.3,5.3,5.3,5.3,5.3,5.3,5.3,5.3,5.2592278,DL,Ligue 2,D
Passi Bryan,5.3,5.25,5.3,5.3,5.3,5.3,5.3,5.3,5.3,4.0,3.5,6.0,5.5,5.5,5.3,5.3,5.5,6.0,5.5,6.0,7.0,5.3,5.0,6.0,4.5,5.0,4.5,5.3,5.3,5.0,6.0,5.0,5.3,6.0,5.5,4.5,5.3,5.0,4.0,5.5,5.245201,DC,Ligue 2,D
Danger Bradley,5.26,5.1,5.5,3.5,5.5,6.0,5.0,4.5,6.0,5.0,7.0,5.0,6.0,4.0,5.5,5.0,5.5,5.0,6.5,4.5,3.5,4.5,6.0,4.5,5.26,4.5,4.5,4.0,5.26,5.0,4.5,4.5,3.5,4.5,5.5,6.0,7.0,5.5,6.0,5.0,5.200802,DC,Ligue 2,D
Chougrani Joris,5.0,4.95,6.0,3.0,5.0,5.0,5.5,5.0,5.5,5.5,6.0,4.5,5.0,5.0,4.5,5.0,5.5,4.0,5.0,5.0,3.0,5.0,5.0,5.0,5.0,5.0,5.0,5.0,5.0,5.5,3.0,6.5,5.0,5.0,5.0,3.5,5.5,5.5,6.5,5.0,5.1724133,DC,Ligue 2,D
Baldé Yasser,5.17,5.17,5.5,4.0,5.0,4.0,5.17,5.17,3.5,5.17,5.17,5.17,5.17,7.5,5.5,5.5,6.0,5.17,5.17,5.17,5.17,5.17,5.17,5.17,5.17,5.17,5.17,5.17,5.17,5.17,5.17,5.17,5.17,5.17,5.17,5.17,5.17,5.17,5.17,5.17,5.169609,DC,Ligue 2,D
Lloris Gautier,5.85,5.76,6.0,4.5,5.5,6.0,6.5,5.85,5.0,5.0,6.0,5.5,8.0,5.85,7.5,6.0,6.0,5.5,5.5,6.0,5.85,5.85,5.85,5.85,5.85,5.85,5.85,5.85,5.85,5.85,5.85,5.85,5.85,5.85,5.85,5.85,5.85,5.0,5.0,5.0,5.1637173,DC,Ligue 2,D
Pétrot Léo,5.09,4.94,5.09,5.09,5.09,5.09,5.09,5.09,4.5,5.5,4.0,4.5,5.09,5.09,5.5,5.5,3.5,7.0,5.5,5.0,5.09,4.5,5.09,5.09,5.5,4.5,5.5,3.0,7.0,6.0,3.0,5.5,4.5,7.0,2.5,4.0,5.09,5.0,5.09,5.5,5.152497,DC,Ligue 2,D
Teikeu Adolphe,5.05,5.08,6.0,5.5,5.0,5.0,5.0,5.05,5.0,6.0,5.0,3.5,5.5,4.0,5.05,5.05,5.05,5.05,5.05,5.05,5.05,5.0,5.05,5.05,5.05,5.05,6.0,5.0,5.05,5.05,5.05,5.05,5.05,5.0,5.05,5.5,4.0,5.5,5.0,5.05,5.14562,DC,Ligue 2,D
Sainati Joris,4.63,4.89,3.0,5.5,6.0,3.5,4.0,3.0,5.5,5.0,4.63,6.0,3.5,4.5,4.63,4.63,3.5,5.0,6.0,4.63,6.0,4.0,5.0,6.0,6.0,5.5,4.63,4.0,5.5,6.0,4.5,5.5,5.5,4.0,4.5,5.0,4.63,4.0,6.0,5.5,5.1302624,DC,Ligue 2,D
Labonne Ronny,5.09,5.09,4.5,5.0,5.0,5.0,5.5,5.0,4.5,5.0,5.09,5.0,3.5,7.0,5.0,6.0,5.0,5.0,5.5,5.0,5.09,5.09,5.09,5.09,5.09,5.09,5.09,5.09,5.09,5.09,5.09,5.09,5.09,5.09,5.09,5.09,5.09,5.09,5.09,5.09,5.111089,DL,Ligue 2,D
Eboa Eboa Félix,5.08,5.08,6.0,5.5,5.0,2.5,5.08,5.08,5.08,5.08,6.0,5.5,5.08,5.08,5.08,5.08,5.08,5.08,5.08,5.08,5.08,5.08,5.08,5.08,5.08,5.08,5.08,5.08,5.08,5.08,5.08,5.08,5.08,5.08,5.08,5.08,5.08,5.08,5.08,5.08,5.1073256,DC,Ligue 2,D
Agouzoul Saad,5.34,5.34,6.0,4.5,5.0,5.5,6.0,5.5,5.5,7.0,6.0,4.5,6.5,5.0,5.5,3.5,6.0,5.5,4.5,4.5,5.34,5.34,5.34,5.34,5.34,5.34,5.34,5.34,5.34,5.34,5.34,5.34,5.34,5.34,5.34,5.34,5.34,5.34,5.34,5.0,5.0749316,DC,Ligue 2,D
Ngouyamsa Ahmad,5.0,5.04,5.5,5.0,5.0,4.5,4.5,5.0,4.5,5.0,5.0,5.0,5.0,5.0,5.0,5.5,5.0,5.5,5.0,5.0,4.5,5.5,6.0,5.0,5.0,6.0,4.5,5.5,5.5,5.0,5.0,5.5,5.0,3.5,4.0,5.0,7.0,4.0,4.5,5.0,5.07435,DL,Ligue 2,D
Aaneba Ismaël,5.18,5.16,5.18,5.18,4.5,6.5,5.5,5.0,5.5,6.0,5.5,4.0,4.5,6.0,4.0,5.0,6.0,6.0,4.0,5.0,5.5,6.0,6.0,5.0,5.0,5.18,5.18,6.0,3.5,3.5,5.5,5.18,6.0,5.18,5.18,5.0,5.5,5.0,4.5,5.0,5.0674567,DC,Ligue 2,D
Nestor Loïc,5.2,5.3,6.0,5.2,5.2,5.2,5.2,5.2,5.0,4.5,5.2,5.2,5.2,5.2,5.2,5.2,5.2,4.5,5.2,6.0,5.0,6.0,7.0,4.5,4.0,4.5,5.2,5.5,6.0,5.2,4.5,5.0,4.0,8.0,6.0,6.0,5.5,5.0,4.0,5.2,5.0602956,DC,Ligue 2,D
Poulain Benoît,5.0,5.0,4.5,5.0,6.0,4.5,5.0,5.0,5.0,5.0,5.0,5.0,5.0,6.0,4.5,6.0,5.0,5.0,5.5,3.0,5.0,5.0,5.0,5.0,5.0,5.0,5.0,5.0,5.0,5.0,5.0,5.0,5.0,5.0,5.0,5.0,5.0,5.0,5.0,5.0,5.0532265,DC,Ligue 2,D
Thomas Romain,5.36,5.13,6.0,6.0,5.5,7.0,6.5,5.5,3.0,6.5,4.5,5.36,6.0,3.5,5.5,6.0,5.5,5.0,5.5,4.0,5.36,5.36,5.36,4.0,4.5,3.5,5.36,5.36,6.0,6.0,5.36,5.0,5.5,4.0,4.5,4.0,5.36,4.5,6.0,5.0,5.050485,DC,Ligue 2,D
Louis-Jean Johaneko,5.25,5.21,5.25,5.25,6.0,6.0,4.5,5.25,5.0,5.25,5.25,5.25,5.25,5.25,5.25,5.25,5.25,5.25,5.0,5.25,5.25,5.25,5.25,5.25,5.25,5.25,5.25,5.25,5.25,5.25,5.25,5.25,5.25,5.25,5.25,5.25,5.25,5.25,5.0,5.0,5.039432,DL,Ligue 2,D
Hanin Florent,5.24,5.37,5.0,5.5,5.0,4.5,6.5,5.0,5.0,5.0,4.5,5.0,5.5,6.0,5.0,6.5,5.0,5.24,5.24,5.0,5.5,5.24,5.5,6.5,6.0,5.24,6.5,5.0,5.24,5.24,5.24,5.0,4.0,6.0,6.0,5.0,5.0,6.0,5.5,5.0,5.0204616,DL,Ligue 2,D
Dabila Kouadio-Yves,5.0,5.0,5.0,5.0,5.0,5.0,5.5,5.5,4.5,5.0,3.5,7.0,4.0,5.0,5.0,5.0,5.0,5.0,5.0,5.0,5.0,5.0,5.0,5.0,5.0,5.0,5.0,5.0,5.0,5.0,5.0,5.0,5.0,5.0,5.0,5.0,5.0,5.0,5.0,5.0,5.0113163,DC,Ligue 2,D
Dylan Tavares,5.05,5.05,4.0,7.5,5.5,3.0,3.5,5.0,5.0,5.0,6.0,7.5,3.0,4.5,5.0,4.5,5.0,5.0,7.0,5.0,5.05,5.05,5.05,5.05,5.05,5.05,5.05,5.05,5.05,5.05,5.05,5.05,5.05,5.05,5.05,5.05,5.05,5.05,5.05,5.0,5.0085983,DL,Ligue 2,D
Innocenti Nassim,5.0,5.0,5.0,5.0,5.0,5.0,5.0,5.0,5.0,5.0,5.0,5.0,5.0,5.0,5.0,5.0,5.0,5.0,5.0,5.0,5.0,5.0,5.0,5.0,5.0,5.0,5.0,5.0,5.0,5.0,5.0,5.0,5.0,5.0,5.0,5.0,5.0,5.0,5.0,5.0,5.003771,DL,Ligue 2,D
Ozornwafor Valentine,5.0,5.0,5.0,5.0,5.0,5.0,5.0,5.0,5.0,5.0,5.0,5.0,5.0,5.0,5.0,5.0,5.0,5.0,5.0,5.0,5.0,5.0,5.0,5.0,5.0,5.0,5.0,5.0,5.0,5.0,5.0,5.0,5.0,5.0,5.0,5.0,5.0,5.0,5.0,5.0,5.003771,DC,Ligue 2,D
Ouattara Kassoum,5.0,5.0,5.0,5.0,5.0,5.0,5.0,5.0,5.0,5.0,5.0,5.0,5.0,5.0,5.0,5.0,5.0,5.0,5.0,5.0,5.0,5.0,5.0,5.0,5.0,5.0,5.0,5.0,5.0,5.0,5.0,5.0,5.0,5.0,5.0,5.0,5.0,5.0,5.0,5.0,5.003771,DL,Ligue 2,D
Monzango Nathan,5.0,5.0,5.0,5.0,5.0,5.0,5.0,5.0,5.0,5.0,5.0,5.0,5.0,5.0,5.0,5.0,5.0,5.0,5.0,5.0,5.0,5.0,5.0,5.0,5.0,5.0,5.0,5.0,5.0,5.0,5.0,5.0,5.0,5.0,5.0,5.0,5.0,5.0,5.0,5.0,5.003771,DC,Ligue 2,D
Kongolo Terence,5.0,5.0,5.0,5.0,5.0,5.0,5.0,5.0,5.0,5.0,5.0,5.0,5.0,5.0,5.0,5.0,5.0,5.0,5.0,5.0,5.0,5.0,5.0,5.0,5.0,5.0,5.0,5.0,5.0,5.0,5.0,5.0,5.0,5.0,5.0,5.0,5.0,5.0,5.0,5.0,5.003771,DC,Ligue 2,D
Ruque Jonathan,5.0,5.0,5.0,5.0,5.0,5.0,5.0,5.0,5.0,5.0,5.0,5.0,5.0,5.0,5.0,5.0,5.0,5.0,5.0,5.0,5.0,5.0,5.0,5.0,5.0,5.0,5.0,5.0,5.0,5.0,5.0,5.0,5.0,5.0,5.0,5.0,5.0,5.0,5.0,5.0,5.003771,DL,Ligue 2,D
Alakouch Sofiane,5.0,5.0,5.0,5.0,5.0,5.0,5.0,5.0,5.0,5.0,5.0,5.0,5.0,5.0,5.0,5.0,5.0,5.0,5.0,5.0,5.0,5.0,5.0,5.0,5.0,5.0,5.0,5.0,5.0,5.0,5.0,5.0,5.0,5.0,5.0,5.0,5.0,5.0,5.0,5.0,5.003771,DL,Ligue 2,D
Bohnert Florian,5.0,5.0,5.0,5.0,5.0,5.0,5.0,5.0,5.0,5.0,5.0,5.0,5.0,5.0,5.0,5.0,5.0,5.0,5.0,5.0,5.0,5.0,5.0,5.0,5.0,5.0,5.0,5.0,5.0,5.0,5.0,5.0,5.0,5.0,5.0,5.0,5.0,5.0,5.0,5.0,5.003771,DL,Ligue 2,D
Nasraoui Rayan,5.0,5.0,5.0,5.0,5.0,5.0,5.0,5.0,5.0,5.0,5.0,5.0,5.0,5.0,5.0,5.0,5.0,5.0,5.0,5.0,5.0,5.0,5.0,5.0,5.0,5.0,5.0,5.0,5.0,5.0,5.0,5.0,5.0,5.0,5.0,5.0,5.0,5.0,5.0,5.0,5.003771,DL,Ligue 2,D
Sadzoute Scotty,5.0,5.0,6.0,5.0,6.0,5.0,6.0,3.5,4.0,5.5,3.5,5.0,5.0,5.0,5.0,5.0,5.5,5.0,5.0,5.0,5.0,5.0,5.0,5.0,5.0,5.0,5.0,4.5,5.0,4.5,5.0,5.0,5.0,5.0,4.5,6.5,5.5,5.0,4.5,5.0,4.9944487,DL,Ligue 2,D
Gabriel Silva,4.92,4.56,4.92,5.0,4.5,5.0,4.92,4.92,4.92,4.92,4.92,4.92,4.92,4.5,5.5,5.0,4.92,4.92,4.92,4.92,4.92,3.5,5.0,4.92,4.92,4.92,4.92,4.92,4.92,4.92,5.0,4.5,5.0,3.5,4.0,5.0,3.5,4.92,4.92,4.92,4.992011,DL,Ligue 2,D
Armougom Yoël,4.73,4.71,5.5,4.0,4.0,4.73,4.73,5.0,5.0,5.0,4.73,4.73,4.73,5.0,4.5,4.0,4.73,4.73,4.73,5.0,5.5,3.0,4.73,4.73,5.0,4.73,5.0,4.73,4.73,4.73,5.0,4.73,4.73,4.73,4.73,4.73,4.73,4.5,4.73,5.0,4.9890194,DL,Ligue 2,D
Sissoko Alpha,5.03,5.1,5.5,4.0,5.0,5.0,5.0,3.5,5.03,5.03,4.5,5.5,5.5,5.0,5.5,5.0,5.5,5.5,5.5,5.0,5.03,5.03,5.03,5.03,5.03,4.5,5.0,5.03,5.03,5.0,5.03,5.03,5.0,5.03,5.0,7.0,5.0,4.0,6.5,5.0,4.974523,DL,Ligue 2,D
Durivaux Dylan,5.0,5.0,5.0,5.0,5.0,5.0,5.0,5.0,5.0,5.0,5.0,5.0,5.0,5.0,5.5,4.0,5.0,6.0,5.0,4.5,5.0,5.0,5.0,5.0,5.0,5.0,5.0,5.0,5.0,5.0,5.0,5.0,5.0,5.0,5.0,5.0,5.0,5.0,5.0,5.0,4.9725437,DL,Ligue 2,D
Evans Jean,4.92,4.91,4.5,5.0,4.0,3.0,5.0,4.5,4.5,5.5,5.0,4.92,5.0,6.0,5.0,6.0,5.0,5.0,5.5,5.0,5.0,5.0,4.92,4.92,4.92,4.92,4.92,4.5,4.92,4.92,4.5,5.0,4.92,5.0,4.0,4.92,6.0,5.0,5.0,5.0,4.9716234,DL,Ligue 2,D
Adéoti Jordan,4.77,4.77,5.5,4.77,5.0,3.5,4.77,5.0,4.0,5.0,5.0,4.77,4.77,6.5,5.0,5.0,4.0,3.5,4.5,5.0,4.77,4.77,4.77,4.77,4.77,4.77,4.77,4.77,4.77,4.77,4.77,4.77,4.77,4.77,4.77,4.77,4.77,4.77,4.77,5.0,4.9684186,DC,Ligue 2,D
Conté Ibrahima,4.88,4.94,6.0,3.0,4.5,5.5,4.88,5.5,6.0,5.0,4.5,4.5,5.0,3.5,6.0,4.5,4.88,4.88,4.88,4.88,4.88,4.88,4.5,6.0,3.0,4.88,6.0,4.5,4.88,5.5,4.88,4.88,6.0,6.0,6.0,4.88,3.0,4.5,5.0,4.88,4.9459114,DC,Ligue 2,D
Néry Loris,4.83,5.21,4.83,4.83,4.83,4.83,4.83,5.5,4.83,4.83,5.0,4.0,4.83,4.83,4.83,4.83,4.83,4.83,4.83,4.83,4.83,4.83,6.5,4.83,4.83,4.5,4.83,5.5,5.0,4.83,5.0,4.5,4.5,6.0,5.5,4.83,5.5,6.0,4.83,4.83,4.939565,DL,Ligue 2,D
Gaspar Jordy,5.09,4.97,6.0,5.5,3.0,5.5,4.5,6.0,4.5,5.09,5.5,4.5,6.5,6.0,5.5,5.0,5.0,3.5,5.09,5.0,5.0,5.0,5.09,4.0,5.0,4.5,5.09,5.0,5.0,5.09,5.09,4.0,3.5,6.0,5.5,5.0,5.0,6.0,4.0,5.09,4.937717,DL,Ligue 2,D
Seidou Edson,4.63,4.63,6.0,4.0,4.5,4.5,4.5,4.5,4.5,5.0,5.0,3.5,5.0,5.0,5.0,6.0,6.0,3.0,3.0,4.0,4.63,4.63,4.63,4.63,4.63,4.63,4.63,4.63,4.63,4.63,4.63,4.63,4.63,4.63,4.63,4.63,4.63,4.63,4.63,5.0,4.9324765,DL,Ligue 2,D
Gersbach Alex,4.91,4.85,5.0,6.0,3.0,4.5,5.0,5.0,4.5,3.0,4.91,4.91,5.0,6.0,5.5,7.0,6.0,3.0,4.5,5.5,4.5,5.0,4.91,5.0,4.5,5.0,4.91,4.91,5.0,4.91,4.91,4.91,4.0,5.0,5.0,5.0,5.0,4.5,4.5,5.0,4.930558,DL,Ligue 2,D
Lebreton Noé,5.0,4.83,5.0,5.0,5.0,5.0,5.0,5.0,5.0,5.0,5.0,5.0,5.0,5.0,5.0,5.0,5.0,5.0,5.0,5.0,5.0,5.0,5.0,5.0,5.0,5.0,5.0,5.0,5.0,5.0,5.0,5.0,5.0,5.0,5.0,5.0,5.0,5.0,4.5,5.0,4.924642,DC,Ligue 2,D
Diaw Pape Djibril,4.88,4.88,4.88,4.5,4.88,7.0,6.0,4.5,4.88,5.0,5.0,4.0,3.0,4.88,4.88,4.88,4.88,4.88,4.88,4.88,4.88,4.88,4.88,4.88,4.88,4.88,4.88,4.88,4.88,4.88,4.88,4.88,4.88,4.88,4.88,4.88,4.88,4.88,4.88,4.88,4.911176,DC,Ligue 2,D
Sivis Maxime,4.92,5.38,4.92,4.92,4.92,5.0,6.0,4.0,4.92,4.5,5.0,5.0,4.92,4.92,4.92,4.92,4.92,4.92,4.92,4.92,5.0,5.0,4.92,5.0,6.0,4.92,5.5,4.92,4.92,5.0,5.0,8.0,3.0,6.5,7.0,6.5,5.5,6.0,4.5,4.92,4.8965735,DL,Ligue 2,D
Obiang Johann,4.95,4.9,5.0,4.95,4.95,4.95,5.5,5.0,4.0,6.5,4.5,4.5,5.5,4.0,5.0,5.0,4.95,4.95,4.95,4.95,4.95,4.95,4.95,5.5,4.95,5.0,4.5,4.0,5.0,4.95,4.0,5.5,5.0,4.5,5.0,4.0,5.5,5.0,5.5,4.95,4.8956866,DL,Ligue 2,D
Giraudon Jimmy,4.77,4.68,4.0,5.5,5.0,4.5,5.5,6.5,5.0,6.0,4.0,4.77,4.0,4.77,5.5,3.5,3.0,4.77,4.77,4.77,4.77,3.5,4.77,4.77,4.77,4.77,4.77,4.77,4.77,4.77,4.77,4.77,4.77,4.77,4.77,4.77,4.77,4.77,4.77,4.77,4.883005,DC,Ligue 2,D
Ring Sebastian,4.73,4.73,3.0,5.0,5.0,4.73,5.0,4.5,4.5,4.0,4.73,5.0,5.0,5.0,5.0,4.73,4.73,5.0,5.0,5.0,4.73,4.73,4.73,4.73,4.73,4.73,4.73,4.73,4.73,4.73,4.73,4.73,4.73,4.73,4.73,4.73,4.73,4.73,4.73,5.0,4.8527856,DL,Ligue 2,D
Debuchy Mathieu,5.31,4.98,6.0,5.31,5.31,5.31,5.31,5.0,6.0,4.5,3.5,5.31,6.5,6.5,5.31,4.5,6.0,5.5,5.5,5.0,3.0,5.31,5.31,5.31,5.0,4.5,5.5,5.31,6.0,4.5,5.5,4.0,4.0,5.5,2.5,4.5,5.5,5.5,5.31,4.5,4.8471074,DL,Ligue 2,D
Traoré Ismaël,5.05,5.07,5.05,5.0,6.0,4.5,4.5,5.05,5.5,3.0,5.0,6.0,4.0,5.05,5.05,5.05,5.05,6.0,6.0,5.05,5.05,6.0,5.05,5.0,4.5,5.0,5.0,5.0,6.0,6.5,4.5,5.5,5.0,3.5,6.0,4.5,7.0,4.5,5.0,5.05,4.836106,DC,Ligue 2,D
Palun Lloyd,4.7,4.94,4.7,4.7,4.7,4.7,5.0,2.5,4.7,4.7,5.5,5.0,4.7,4.7,4.7,5.5,4.7,4.7,4.7,4.7,4.7,4.7,4.7,6.0,5.5,5.0,3.5,4.5,5.5,5.5,5.0,4.7,5.5,4.5,4.7,5.5,4.5,4.7,4.7,4.7,4.8348503,DL,Ligue 2,D
Koré Yoan,5.0,4.75,5.0,5.0,5.0,5.0,5.0,5.0,5.0,5.0,5.0,5.0,5.0,5.0,5.0,5.0,5.0,5.5,4.5,5.0,5.0,5.0,5.0,5.0,5.0,5.0,5.0,5.0,5.0,5.0,4.5,4.5,4.0,5.0,5.0,5.0,5.0,5.0,5.0,5.0,4.809087,DL,Ligue 2,D
Karamoko Setigui,4.79,4.79,5.0,4.5,4.79,5.0,4.0,5.0,4.79,4.79,5.0,4.79,4.79,4.79,4.79,4.79,4.79,5.0,4.79,4.79,4.79,4.79,4.79,4.79,4.79,4.79,4.79,4.79,4.79,4.79,4.79,4.79,4.79,4.79,4.79,4.79,4.79,4.79,4.79,4.79,4.807995,DC,Ligue 2,D
Fofana Adama,4.82,4.81,4.82,4.82,4.82,4.82,4.82,5.0,4.82,4.0,5.0,5.0,3.0,6.0,4.0,5.0,5.0,6.0,5.0,4.82,4.82,4.82,4.82,5.0,5.0,6.0,5.0,5.0,5.0,5.5,5.0,5.5,4.5,3.0,3.5,4.82,4.82,4.82,4.5,4.82,4.805641,DL,Ligue 2,D
Rabuel Matteo,4.8,4.83,4.8,4.8,4.0,4.8,4.8,4.8,5.0,4.8,4.8,5.0,4.8,5.0,4.8,4.8,4.8,4.8,5.0,4.8,4.8,4.8,4.8,4.8,4.8,4.8,4.8,4.8,4.8,4.8,4.8,4.8,4.8,4.8,4.8,4.8,4.8,4.8,5.0,4.8,4.8011947,DC,Ligue 2,D
Mouali Hamza,4.83,4.83,4.83,4.83,4.83,4.83,4.83,4.83,4.83,4.83,5.0,5.0,5.0,5.0,4.83,4.83,4.83,4.83,4.0,5.0,4.83,4.83,4.83,4.83,4.83,4.83,4.83,4.83,4.83,4.83,4.83,4.83,4.83,4.83,4.83,4.83,4.83,4.83,4.83,4.83,4.792809,DL,Ligue 2,D
Maçon Yvann,4.63,4.36,3.0,4.63,5.0,3.0,6.5,7.0,4.5,7.0,3.5,4.5,4.5,3.5,4.63,3.5,4.63,4.63,4.63,4.63,4.63,4.0,3.5,5.0,5.0,4.63,4.63,4.63,4.63,4.63,4.63,4.63,4.63,4.63,3.0,4.0,4.0,4.0,4.63,4.63,4.791139,DL,Ligue 2,D
Vallier Lenny,4.64,4.82,6.0,2.5,5.0,6.0,3.5,4.0,4.5,5.0,3.5,5.0,4.0,4.0,4.64,5.0,5.5,5.0,5.5,4.5,7.0,4.64,4.0,4.64,4.5,4.64,4.5,4.64,4.64,5.0,6.0,4.64,5.5,7.0,5.0,4.0,4.0,4.5,5.0,5.0,4.7686515,DL,Ligue 2,D
N'Simba Vital,5.54,5.06,5.54,5.54,5.54,5.54,5.54,5.54,5.54,4.5,6.5,5.0,6.5,5.5,7.0,5.0,7.0,5.5,5.5,4.0,5.54,4.0,6.0,5.0,4.5,5.5,5.0,4.0,4.0,5.54,5.0,5.54,5.54,5.54,5.0,4.0,5.0,4.5,4.0,4.5,4.7663913,DL,Ligue 2,D
Congré Daniel,4.97,4.97,5.5,6.0,4.0,5.5,5.0,5.0,5.0,4.0,4.97,5.0,5.0,6.0,4.5,5.0,4.97,4.97,4.0,4.97,4.97,7.5,6.0,3.0,5.0,5.5,4.5,6.0,4.97,5.5,5.5,6.0,4.5,4.0,4.0,4.5,5.0,4.0,4.0,5.0,4.766378,DC,Ligue 2,D
Nadé Mickaël,4.55,4.53,4.0,5.0,5.5,2.5,4.5,5.0,4.55,4.55,4.55,4.55,4.55,3.5,4.55,6.5,4.0,4.0,5.5,4.55,4.55,5.0,6.5,5.5,5.0,5.0,3.5,6.5,5.0,4.5,4.0,2.0,4.5,4.5,3.0,4.0,4.55,3.5,4.0,4.55,4.760836,DC,Ligue 2,D
Coelho Grégory,4.75,4.88,5.0,4.5,5.0,4.75,5.0,3.5,4.75,4.75,4.75,4.75,4.75,5.0,5.0,5.0,4.75,4.75,4.75,4.75,4.75,4.75,5.5,4.75,4.75,4.75,4.75,4.75,4.75,4.75,4.75,4.75,4.75,4.75,4.75,5.0,5.5,4.5,5.0,4.75,4.7571406,DC,Ligue 2,D
Perrot Kévin,4.75,4.75,4.75,4.75,4.75,4.75,4.75,4.75,4.5,4.75,4.75,4.75,4.75,4.75,4.75,4.75,4.75,5.0,4.75,4.75,4.75,4.75,4.75,4.75,4.75,4.75,4.75,4.75,4.75,4.75,4.75,4.75,4.75,4.75,4.75,4.75,4.75,4.75,4.75,4.75,4.7431192,DL,Ligue 2,D
Guidi Dominique,4.75,5.07,3.0,4.75,4.75,4.0,4.5,3.0,4.75,4.75,6.0,5.0,5.0,5.5,4.5,5.0,6.0,4.75,4.75,5.5,6.0,4.5,5.5,4.75,7.0,6.0,3.5,5.0,5.5,5.0,5.5,4.75,5.0,4.0,5.5,7.5,4.5,4.75,4.75,4.75,4.741098,DC,Ligue 2,D
Monfray Adrien,5.47,5.5,5.47,5.47,3.5,5.0,5.5,5.47,4.5,5.0,6.5,5.0,5.5,7.0,7.5,6.5,6.5,4.5,5.0,5.5,5.47,6.0,5.47,5.5,5.47,5.47,5.47,5.47,5.47,5.47,5.47,5.47,5.47,5.47,6.5,7.0,5.0,3.5,5.47,4.5,4.719042,DC,Ligue 2,D
Jonathan Buatu,5.13,5.13,5.13,5.13,5.13,5.13,5.13,5.13,5.13,5.5,5.5,5.5,5.0,5.0,5.0,4.5,5.0,6.0,5.0,5.0,5.13,5.13,5.13,5.13,5.13,5.13,5.13,5.13,5.13,5.13,5.13,5.13,5.13,5.13,5.13,5.13,5.13,5.13,5.13,4.5,4.693917,DC,Ligue 2,D
Gomis Donatien,4.71,4.71,6.0,6.0,5.0,1.5,5.0,4.71,4.71,4.71,4.71,4.71,4.71,4.71,4.71,4.71,4.71,6.0,3.5,4.71,4.71,4.71,4.71,4.71,4.71,4.71,4.71,4.71,4.71,4.71,4.71,4.71,4.71,4.71,4.71,4.71,4.71,4.71,4.71,4.71,4.689697,DC,Ligue 2,D
Bakayoko Abdoulaye,4.56,4.62,4.56,4.56,4.56,4.56,4.56,5.5,4.5,5.0,4.56,5.0,3.0,5.0,4.56,4.0,4.5,4.56,4.5,4.56,4.56,4.0,6.0,4.56,4.56,4.56,4.56,4.56,4.56,4.56,4.56,4.56,5.0,4.0,4.56,4.56,4.56,4.56,4.56,4.56,4.681532,DC,Ligue 2,D
Duterte Rémy,4.71,4.71,4.71,5.0,5.0,4.71,5.0,5.0,5.0,4.0,4.71,4.71,4.71,4.71,4.71,4.71,4.71,4.0,4.71,4.71,4.71,4.71,4.71,4.71,4.71,4.71,4.71,4.71,4.71,4.71,4.71,4.71,4.71,4.71,4.71,4.71,4.71,4.71,4.71,4.71,4.678662,DL,Ligue 2,D
Palencia Sergi,4.61,4.61,4.61,4.5,4.0,2.5,5.0,7.0,4.0,5.0,4.61,5.0,4.5,4.61,4.61,4.61,4.61,4.61,4.61,4.61,4.61,4.61,4.61,4.61,4.61,4.61,4.61,4.61,4.61,4.61,4.61,4.61,4.61,4.61,4.61,4.61,4.61,4.61,4.61,4.61,4.6720185,DL,Ligue 2,D
Pendant Jason,4.69,4.69,5.0,4.0,3.0,5.0,5.0,3.0,5.0,5.0,4.0,5.5,5.5,5.0,5.0,4.5,5.5,5.0,4.69,4.69,4.69,4.69,4.69,4.69,4.69,4.69,4.69,4.69,4.69,4.69,4.69,4.69,4.69,4.69,4.69,4.69,4.69,4.69,4.69,4.69,4.6677346,DL,Ligue 2,D
Abdennour Aymen,5.0,5.0,5.0,5.0,5.0,5.0,5.0,5.0,5.0,5.0,5.0,5.0,5.5,5.0,5.0,5.0,5.0,5.0,5.0,5.0,5.0,5.0,5.0,5.0,5.0,5.0,5.0,5.0,5.0,5.0,5.0,5.0,5.0,5.0,5.0,5.0,5.0,5.0,5.0,4.5,4.620981,DC,Ligue 2,D
Moutachy Joris,4.42,4.54,5.5,3.5,4.5,5.0,3.5,4.5,4.0,5.5,2.0,4.42,4.5,3.5,5.5,4.0,4.5,5.0,5.0,5.0,5.0,4.42,5.0,5.0,3.5,5.0,4.5,5.5,4.42,4.5,5.0,6.0,5.0,4.42,4.5,4.5,3.0,4.5,4.5,4.5,4.596197,DL,Ligue 2,D
Lecoeuche Quentin,5.11,5.04,5.0,5.0,4.5,5.5,5.0,6.0,6.0,4.0,5.0,5.0,6.5,6.0,5.0,5.0,4.5,5.0,4.5,5.0,5.11,5.0,5.0,5.0,3.5,5.0,5.5,5.0,4.5,5.0,5.0,5.11,4.5,5.0,4.5,5.11,5.0,6.0,6.0,4.5,4.586445,DL,Ligue 2,D
Sy Lamine,5.0,4.13,5.0,5.0,5.0,5.0,5.0,5.0,5.0,5.0,5.0,5.0,5.0,5.0,5.0,5.0,5.0,5.0,5.0,5.0,5.0,5.0,5.0,5.0,5.0,5.0,5.0,5.0,5.0,5.0,5.0,4.5,5.0,4.5,4.5,5.0,5.0,5.0,4.5,5.0,4.55532,DL,Ligue 2,D
Vargas Thibaut,4.88,4.88,5.0,6.0,6.5,4.0,5.5,4.5,4.5,4.0,4.88,5.0,4.5,6.0,5.0,4.88,5.0,5.0,5.0,3.0,4.88,4.88,4.88,4.88,4.88,4.88,4.88,4.88,4.88,4.88,4.88,4.88,4.88,4.88,4.88,4.88,4.88,4.88,4.88,4.5,4.544663,DL,Ligue 2,D
Quemper Stephen,4.88,4.98,4.88,6.0,5.0,3.0,6.0,4.5,4.88,6.5,4.88,4.88,4.88,5.0,5.0,5.0,4.5,5.0,3.5,4.88,4.88,4.0,4.88,5.0,5.0,4.88,5.5,5.5,4.5,6.0,5.0,6.0,3.5,5.0,5.5,4.0,5.5,5.0,6.0,4.5,4.536944,DL,Ligue 2,D
Hadjam Jaouen,5.23,4.83,5.5,4.5,5.23,6.5,5.0,5.0,5.23,5.23,5.0,5.5,5.23,6.0,5.23,5.23,5.23,5.23,5.5,4.5,5.23,4.5,5.0,5.0,5.0,5.23,5.23,3.0,5.23,5.23,4.0,5.23,5.23,5.23,4.0,3.0,5.23,5.5,5.0,4.5,4.5361233,DL,Ligue 2,D
Abdi Ali,5.21,5.1,5.21,6.0,5.0,7.0,5.5,5.5,5.21,5.0,5.21,5.21,5.21,4.5,5.0,5.0,5.0,4.0,4.5,6.5,5.21,5.21,5.21,5.0,7.0,4.5,5.0,4.0,6.0,5.0,4.5,5.0,5.0,4.5,4.5,4.5,4.0,7.0,4.5,4.5,4.53402,DL,Ligue 2,D
Gonçalvés Jonathan,4.63,4.63,4.63,4.63,4.63,4.63,4.63,4.63,4.5,4.5,4.63,4.63,4.63,4.63,4.63,4.63,4.63,5.0,4.63,4.63,4.63,4.63,4.63,4.63,4.63,4.63,4.63,4.63,4.63,4.63,4.63,4.63,4.63,4.63,4.63,4.63,4.63,4.63,4.63,4.5,4.5330834,DC,Ligue 2,D
Traoré Cheick,4.66,4.69,5.0,5.0,3.5,4.5,5.0,5.0,5.0,4.5,4.0,4.66,4.0,4.5,4.5,4.66,5.0,6.5,4.0,4.5,4.66,6.0,5.0,2.0,6.0,5.5,3.5,5.0,5.0,7.0,4.5,5.5,4.5,3.0,5.0,4.0,4.5,4.0,5.0,4.66,4.5325665,DL,Ligue 2,D
Ntim Emmanuel,4.83,5.09,4.83,4.83,4.83,6.0,4.83,4.83,4.83,4.83,4.83,4.83,5.0,3.0,6.0,4.5,5.0,5.5,4.5,4.0,7.0,5.0,6.0,5.0,3.5,5.0,5.5,5.0,5.5,6.0,5.5,4.0,5.0,6.0,3.5,6.0,4.5,6.0,4.83,4.83,4.5212083,DL,Ligue 2,D
Burner Patrick,4.79,4.82,4.79,4.79,5.0,5.0,5.0,4.5,5.0,5.5,3.5,5.0,3.5,7.0,4.5,6.5,5.0,3.0,5.0,4.0,5.0,6.0,5.0,4.79,4.79,4.79,3.0,4.79,4.79,4.5,4.79,4.79,4.79,5.0,5.5,5.0,5.5,5.0,4.0,4.5,4.4918547,DL,Ligue 2,D
Paquiez Gaëtan,4.58,4.74,4.5,6.0,3.5,4.58,4.58,5.5,5.0,4.5,3.0,4.58,4.0,4.58,4.58,4.5,4.58,4.58,5.0,5.0,5.0,5.5,4.5,4.58,3.5,5.0,4.58,4.5,5.0,5.0,4.5,4.5,6.5,4.0,5.0,4.5,5.5,5.0,5.0,4.5,4.4025717,DL,Ligue 2,D
Diarra Mamadou,5.45,5.45,5.45,5.45,5.45,5.45,5.45,5.45,5.45,5.45,5.0,4.5,6.0,7.0,5.5,7.0,5.5,5.45,5.5,4.5,5.45,5.45,5.45,5.45,5.45,5.45,5.45,5.45,5.45,5.45,5.45,5.45,5.45,5.45,5.45,5.45,5.45,5.45,5.45,4.0,4.379952,DL,Ligue 2,D
Gueho Loup,5.63,4.75,5.63,5.63,5.63,5.63,5.63,5.63,5.63,5.63,5.63,5.63,5.63,5.63,5.63,5.63,5.63,6.0,5.5,6.5,5.63,5.63,5.63,5.63,5.63,5.63,5.63,5.63,5.63,5.63,5.63,5.63,5.63,5.63,5.63,5.63,5.0,5.0,5.5,4.5,4.3445277,DC,Ligue 2,D
Durand de Gevigney Mael,4.85,4.85,4.0,5.5,5.5,4.5,6.0,3.5,4.0,6.5,4.0,4.85,4.85,4.85,4.85,5.0,5.5,5.0,4.85,4.85,4.85,4.85,4.85,4.85,4.85,4.85,4.85,4.85,4.85,4.85,4.85,4.85,4.85,4.85,4.85,4.85,4.85,4.85,4.85,4.0,4.271254,DC,Ligue 2,D
Matufueni M'bondo Bradley,4.44,4.59,4.44,4.44,4.44,4.44,3.0,4.44,4.44,4.44,5.0,5.0,4.44,4.0,5.0,3.5,4.44,5.0,5.0,4.44,6.0,4.44,4.44,4.44,4.44,4.5,4.44,4.5,4.44,4.44,4.44,4.44,4.44,4.44,4.44,4.44,4.44,4.44,4.44,4.44,4.265887,DC,Ligue 2,D
Barry Abdourahmane,4.33,4.33,4.0,5.0,4.33,4.33,4.33,4.5,5.0,3.0,4.33,4.33,5.0,3.5,5.5,3.5,4.33,4.33,4.33,4.33,4.33,4.33,4.33,4.33,4.33,4.33,4.33,4.33,4.33,4.33,4.33,4.33,4.33,4.33,4.33,4.33,4.33,4.33,4.33,4.33,4.2498627,DC,Ligue 2,D
Koffi Erwin,5.21,5.32,3.0,6.0,5.0,4.0,4.0,5.5,5.0,5.0,6.5,5.0,4.5,7.5,6.5,6.0,5.0,4.5,4.5,7.0,8.0,6.0,4.5,5.0,7.5,8.0,5.0,6.0,4.5,5.21,5.5,5.21,4.5,3.5,3.5,5.0,6.0,5.0,5.0,4.5,4.2375793,DC,Ligue 2,D
Cissokho Till,5.0,5.0,5.5,4.0,4.5,6.0,5.0,3.0,5.0,5.0,3.0,5.0,5.0,5.5,5.0,4.5,7.0,6.0,6.0,6.0,5.0,5.0,5.0,5.0,5.0,5.0,5.0,5.0,5.0,5.0,5.0,4.5,6.0,4.0,5.0,5.5,5.0,4.5,5.5,4.0,4.214805,DC,Ligue 2,D
Batisse Antoine,4.13,4.76,2.5,5.5,5.0,3.5,4.13,4.13,4.13,4.13,4.13,4.13,4.13,4.13,4.13,4.13,4.13,4.13,4.13,4.13,5.5,5.5,4.0,4.5,5.5,6.0,4.0,4.5,5.0,4.13,6.0,5.5,5.0,3.5,4.0,4.5,4.13,4.5,6.0,4.13,4.1594,DC,Ligue 2,D
Guessoum Kelyan,4.83,4.92,4.5,5.5,5.5,4.5,6.0,4.0,4.0,6.0,5.0,4.83,4.0,4.83,5.0,5.0,5.0,4.83,4.83,4.5,5.5,6.0,6.0,4.83,4.0,5.0,4.5,4.83,5.5,4.0,5.0,4.83,5.0,4.5,5.5,5.0,5.5,4.83,4.0,4.0,4.0913324,DC,Ligue 2,D
Camara Hady,3.75,4.33,3.75,3.75,3.75,3.75,3.75,3.75,4.5,3.75,3.75,3.75,3.0,3.75,3.75,3.75,3.75,3.75,3.75,3.75,3.75,3.75,3.75,3.75,3.75,3.75,5.5,3.75,3.75,3.75,3.75,3.75,3.75,3.75,3.75,3.75,3.75,3.75,3.75,3.75,3.9744954,DC,Ligue 2,D
Senaya Marvin,5.13,5.02,5.13,5.13,5.13,4.5,5.0,5.0,5.0,5.0,6.0,5.0,5.0,5.0,5.13,4.5,6.5,4.5,7.0,5.5,6.0,5.0,5.13,5.0,5.0,5.13,2.5,5.0,5.13,5.0,5.0,5.0,5.13,5.13,5.13,5.5,4.5,5.13,5.0,3.5,3.8620884,DL,Ligue 2,D
Lefort Jordan,5.15,5.15,5.15,5.15,5.15,5.15,5.15,5.15,5.0,5.5,4.5,6.0,4.0,6.0,6.0,5.5,3.5,6.0,5.5,6.0,5.15,5.15,5.15,5.15,5.15,5.15,5.15,5.15,5.15,5.15,5.15,5.15,5.15,5.15,5.15,5.15,5.15,5.15,5.15,3.5,3.8560596,DL,Ligue 2,D
Abdallah Akim,4.86,4.92,5.0,4.5,5.0,5.0,6.0,3.5,5.0,6.0,6.5,4.0,5.0,4.0,3.5,4.86,6.0,4.5,6.0,4.5,5.5,5.0,6.0,5.0,4.0,4.86,4.86,6.0,5.0,4.86,5.0,4.5,4.86,4.86,4.86,4.86,5.0,5.0,4.0,3.5,3.8471835,DL,Ligue 2,D
Manceau Vincent,4.58,4.64,5.0,5.0,5.0,3.0,5.5,3.0,5.0,4.5,4.58,5.5,3.5,4.0,5.0,5.0,4.5,6.0,4.0,5.5,4.58,5.5,4.58,2.5,4.58,5.0,4.58,4.58,5.0,4.58,4.58,4.58,5.0,4.58,4.58,5.5,5.0,5.0,6.0,3.5,3.6174185,DL,Ligue 2,D
Boma Kévin,3.5,3.5,3.5,3.5,3.5,3.5,3.5,3.5,3.5,3.5,3.5,3.5,3.5,3.5,3.5,3.5,3.5,3.5,3.5,3.5,3.5,3.5,3.5,3.5,3.5,3.5,3.5,3.5,3.5,3.5,3.5,3.5,3.5,3.5,3.5,3.5,3.5,3.5,3.5,3.5,3.4646378,DC,Ligue 2,D
Cros Pierrick,3.5,3.5,3.5,3.5,3.5,3.5,3.5,3.5,3.5,3.5,3.5,3.5,3.5,3.5,3.5,3.5,3.5,2.0,3.5,5.0,3.5,3.5,3.5,3.5,3.5,3.5,3.5,3.5,3.5,3.5,3.5,3.5,3.5,3.5,3.5,3.5,3.5,3.5,3.5,3.5,3.4586651,DC,Ligue 2,D
Mouyokolo Loris,4.68,4.68,4.68,4.68,3.5,4.5,6.0,4.68,5.5,5.0,4.68,4.68,4.0,5.0,5.0,4.5,5.0,5.0,4.5,5.0,4.68,4.68,4.68,4.68,4.68,4.68,4.68,4.68,4.68,4.68,4.68,4.68,4.68,4.68,4.68,4.68,4.68,4.68,4.68,3.0,3.422141,DC,Ligue 2,D
Benchaa Reda,3.5,3.63,3.5,3.5,3.5,3.5,3.5,3.5,3.5,3.5,3.5,3.5,3.5,3.5,3.5,3.5,3.5,3.5,3.5,3.5,3.5,3.5,3.5,3.5,3.5,3.5,3.5,3.5,5.0,6.0,3.5,3.5,3.5,3.5,3.5,3.5,3.5,3.5,3.5,3.5,3.383546,DC,Ligue 2,D
Raux-Yao Serge-Philippe,4.75,4.71,5.0,4.0,4.5,5.5,6.0,3.0,4.75,4.5,5.0,4.75,4.75,4.75,4.75,5.5,6.0,4.5,5.5,4.5,4.75,4.75,4.75,5.0,4.75,5.0,4.0,3.5,5.5,5.5,4.75,5.5,4.0,4.5,5.0,3.0,5.0,5.0,5.0,3.0,3.3773568,DC,Ligue 2,D
Roux Baptiste,4.79,4.95,5.5,5.5,5.5,3.0,4.79,4.79,5.0,4.5,5.0,4.5,3.0,6.0,4.5,5.0,5.5,6.0,4.5,5.5,5.5,4.79,4.79,4.5,5.0,4.79,4.79,3.5,6.0,5.0,6.0,6.5,4.79,4.79,4.79,4.79,5.5,5.0,4.5,3.0,3.3136938,DC,Ligue 2,D
