Joueur,Note,Note 1 an,j1,j2,j3,j4,j5,j6,j7,j8,j9,j10,j11,j12,j13,j14,j15,j16,j17,j18,j20,j21,j22,j23,j24,j25,j26,j27,j28,j29,j30,j31,j32,j33,j34,j35,j36,j37,j38,j19,prediction_label,Poste,Championnat,Terrain
Tell Jordan,5.18,5.05,5.0,6.0,4.0,4.5,5.18,5.18,5.18,5.18,6.5,6.0,6.0,5.18,5.0,4.5,4.5,4.0,4.0,4.5,5.18,4.0,6.5,3.5,7.0,5.0,5.18,6.0,4.0,5.18,5.18,4.0,3.5,5.0,6.5,5.0,5.0,5.18,5.18,8.0,7.305101,A,Ligue 2,A
Durbant Geoffray,4.92,4.92,6.0,4.5,5.5,5.0,4.5,4.5,4.5,4.0,6.0,4.0,4.5,7.0,4.5,5.0,4.5,2.5,5.0,4.0,4.92,4.92,4.92,4.92,4.92,4.92,4.92,4.92,4.92,4.92,4.92,4.92,4.92,4.92,4.92,4.92,4.92,4.92,4.92,8.0,7.198926,A,Ligue 2,A
Elisor Simon,6.0,6.0,6.0,6.0,6.0,6.0,6.0,6.0,6.0,6.0,6.0,6.0,6.0,6.0,6.0,6.0,6.0,6.0,6.0,5.0,6.0,6.0,6.0,6.0,6.0,6.0,6.0,6.0,6.0,6.0,6.0,6.0,6.0,6.0,6.0,6.0,6.0,6.0,6.0,7.0,6.7995257,A,Ligue 2,A
Mikautadze Georges,5.78,5.78,8.0,5.0,8.0,7.0,4.5,8.5,5.0,5.78,4.5,4.0,4.5,6.0,4.0,5.0,8.0,4.5,5.0,6.0,5.78,5.78,5.78,5.78,5.78,5.78,5.78,5.78,5.78,5.78,5.78,5.78,5.78,5.78,5.78,5.78,5.78,5.78,5.78,6.5,6.403997,A,Ligue 2,A
Phaëton Matthias,5.05,4.94,5.0,5.0,4.0,5.5,4.5,4.5,4.0,5.5,4.5,6.5,4.5,7.5,5.0,5.0,5.0,4.5,4.5,4.0,5.05,5.05,4.5,5.05,5.05,5.05,5.0,4.5,4.0,5.05,5.0,4.5,5.05,5.05,5.05,5.05,5.05,5.05,5.05,7.0,6.3681884,A,Ligue 2,A
Sabaly Cheick,5.89,5.1,5.89,5.89,5.89,5.89,5.89,5.89,5.89,5.89,5.89,5.89,5.0,5.0,5.5,5.5,7.0,5.0,5.5,8.0,5.89,4.5,5.89,5.0,4.0,4.0,4.0,4.0,5.0,4.0,3.5,4.5,4.5,4.5,5.0,6.5,4.5,5.0,7.0,6.5,6.2132134,A,Ligue 2,A
Sahi Moïse,5.11,5.0,5.11,4.5,4.0,7.0,5.0,5.0,3.5,5.0,4.0,4.0,6.5,3.5,4.5,5.0,4.5,8.0,4.0,7.5,4.0,5.11,5.11,5.0,5.11,5.11,5.11,5.11,5.11,4.5,5.11,5.11,5.11,5.11,4.5,5.11,5.11,5.11,5.11,6.5,6.2071185,A,Ligue 2,A
Le Bihan Mickaël,5.53,5.42,6.5,5.5,5.5,6.0,7.0,4.5,3.5,4.5,6.0,5.0,6.0,5.5,5.0,5.5,5.0,8.0,5.0,4.5,5.0,5.53,5.53,4.5,5.0,5.0,5.5,7.0,5.5,6.0,4.5,6.5,5.0,4.0,4.0,4.5,7.0,4.5,6.5,6.5,6.1992216,A,Ligue 2,A
Alexandre Mendy Alexandre,5.24,5.26,5.5,4.0,6.0,6.5,5.0,4.5,4.0,7.0,4.0,3.5,5.5,3.5,7.0,6.5,4.0,5.0,5.0,7.0,4.5,5.24,6.0,6.0,8.0,4.0,5.24,5.24,6.0,5.0,5.5,7.0,7.0,4.5,2.5,4.0,5.0,4.5,5.24,6.0,6.113495,A,Ligue 2,A
Ba Pape Meïssa,5.11,5.11,4.0,6.0,4.0,4.0,5.11,7.5,4.5,6.0,5.0,5.0,5.0,7.5,4.0,4.5,5.0,4.5,4.0,5.0,5.11,5.11,5.11,5.11,5.11,5.11,5.11,5.11,5.11,5.11,5.11,5.11,5.11,5.11,5.11,5.11,5.11,5.11,5.11,6.5,6.1068506,A,Ligue 2,A
Maja Josh,5.61,5.5,4.5,5.0,6.0,5.0,4.0,7.0,8.0,5.0,6.0,7.0,6.5,4.0,4.5,4.0,5.0,4.0,7.5,7.5,5.61,4.5,4.5,5.61,5.61,5.61,5.61,5.61,5.61,5.61,5.61,5.61,5.61,5.61,5.61,5.61,5.61,5.61,5.61,6.0,6.1000385,A,Ligue 2,A
Bariki Mehdi,6.0,6.0,6.0,6.0,6.0,6.0,6.0,6.0,6.0,6.0,6.0,6.0,6.0,6.0,6.0,6.0,6.0,6.0,6.0,6.0,6.0,6.0,6.0,6.0,6.0,6.0,6.0,6.0,6.0,6.0,6.0,6.0,6.0,6.0,6.0,6.0,6.0,6.0,6.0,6.0,6.029889,A,Ligue 2,A
Alfarela Migouel,5.03,4.97,5.0,5.5,7.5,6.0,4.5,2.5,6.0,5.0,5.5,5.5,3.0,5.0,5.0,4.5,4.0,5.0,5.0,5.0,5.03,4.5,4.0,4.5,4.5,5.03,5.0,5.03,5.03,5.03,5.03,5.03,5.0,5.0,5.5,4.5,6.0,5.0,5.0,6.0,5.81047,A,Ligue 2,A
Correa Joris,4.93,4.81,5.0,4.5,5.0,4.5,4.5,6.5,4.5,4.0,4.93,4.5,4.93,4.5,4.93,4.93,4.93,4.5,4.5,6.5,5.5,5.0,4.0,4.0,4.5,7.0,4.93,3.5,5.0,4.93,5.0,3.5,4.5,5.0,6.0,4.5,5.0,4.0,4.0,6.0,5.7167683,A,Ligue 2,A
Spano Romain,5.67,5.67,5.67,5.67,5.67,5.67,5.67,5.67,5.67,5.67,5.67,4.0,8.0,5.0,5.67,5.67,5.67,5.67,5.67,5.67,5.67,5.67,5.67,5.67,5.67,5.67,5.67,5.67,5.67,5.67,5.67,5.67,5.67,5.67,5.67,5.67,5.67,5.67,5.67,5.67,5.6998,A,Ligue 2,A
Guillaume Baptiste,4.63,4.66,5.0,4.63,4.63,3.0,5.0,4.5,5.5,5.0,4.0,4.0,4.0,4.5,4.5,4.63,4.63,5.0,4.5,5.0,4.63,4.0,8.5,5.0,4.63,4.63,4.63,4.63,4.5,5.0,3.5,4.0,3.5,4.63,4.63,4.63,4.63,5.0,4.0,6.0,5.5901885,A,Ligue 2,A
Santelli Benjamin,4.72,4.73,4.5,4.5,6.5,4.0,5.0,5.0,4.5,3.5,4.5,4.72,4.5,4.0,4.5,4.5,4.0,4.0,5.0,6.5,6.0,4.0,4.0,6.0,6.0,4.0,3.0,4.5,4.0,4.0,4.5,4.72,5.0,3.5,6.0,5.0,4.72,4.0,7.0,6.0,5.571596,A,Ligue 2,A
Charbonnier Gaëtan,5.13,5.18,5.13,5.13,5.13,5.13,5.13,5.13,5.13,5.13,5.13,5.13,5.13,5.13,5.13,5.13,5.13,4.5,6.0,4.0,6.5,3.5,6.0,4.5,5.0,4.0,6.0,5.13,6.0,4.5,2.5,5.13,5.13,5.13,6.0,6.5,6.0,7.5,7.5,6.0,5.4944844,A,Ligue 2,A
Luvambo Taylor,5.4,5.4,7.0,5.4,5.4,5.4,5.4,5.4,5.4,5.4,5.4,5.4,5.4,5.0,5.0,5.5,4.5,5.4,5.4,5.4,5.4,5.4,5.4,5.4,5.4,5.4,5.4,5.4,5.4,5.4,5.4,5.4,5.4,5.4,5.4,5.4,5.4,5.4,5.4,5.4,5.4291043,A,Ligue 2,A
Mendes Joseph,4.42,4.48,4.5,4.0,3.5,4.42,4.42,3.0,4.42,4.5,4.42,4.42,4.42,6.0,4.0,4.5,4.0,4.5,4.5,4.5,4.42,4.42,5.0,4.5,4.0,4.0,4.5,3.5,4.42,4.5,4.42,4.5,4.0,6.5,4.5,4.0,5.5,4.5,4.5,6.0,5.4171877,A,Ligue 2,A
Cissé Papiss,5.0,5.0,5.0,5.0,5.0,5.0,5.0,5.0,5.0,4.0,7.0,6.5,5.0,4.0,4.0,4.0,4.5,5.0,7.0,3.5,5.0,5.0,5.0,5.0,5.0,5.0,5.0,5.0,5.0,5.0,5.0,5.0,5.0,5.0,5.0,5.0,5.0,5.0,5.0,5.5,5.406972,A,Ligue 2,A
Hamache Ilyes,5.22,5.19,5.0,7.0,4.5,6.0,5.5,7.0,5.5,5.22,5.22,5.0,5.0,6.0,4.5,5.0,4.5,4.0,4.5,4.5,4.5,4.0,7.0,5.5,4.5,5.22,5.22,5.22,5.22,5.22,5.22,4.5,5.22,5.0,4.5,5.5,6.5,5.0,5.22,5.22,5.3800006,A,Ligue 2,A
Leautey Antoine,5.39,5.39,4.5,5.5,5.5,7.0,4.5,5.0,5.5,3.5,6.5,6.0,7.0,4.5,4.5,4.5,5.0,5.0,7.5,5.5,5.39,5.39,5.39,5.39,5.39,5.39,5.39,5.39,5.39,5.39,5.39,5.39,5.39,5.39,5.39,5.39,5.39,5.39,5.39,5.5,5.3488464,A,Ligue 2,A
Bakwa Dilane,5.56,5.3,5.5,7.5,6.0,4.5,4.5,7.0,7.0,4.0,5.0,5.56,5.5,5.0,6.5,5.0,5.5,5.5,6.0,5.0,4.5,5.56,4.0,5.56,5.56,5.56,5.56,5.56,5.56,5.56,5.56,5.56,5.56,5.56,5.56,5.56,4.5,4.5,4.5,5.0,5.347486,A,Ligue 2,A
Alioui Nabil,5.44,5.29,4.0,5.0,5.0,7.5,5.5,4.5,5.0,5.5,6.0,5.44,5.0,5.0,8.0,6.0,7.0,5.0,4.0,4.5,4.5,7.5,5.0,6.0,4.5,4.5,7.0,6.0,4.5,5.0,4.0,5.0,5.44,6.0,6.5,4.0,3.5,4.5,4.5,5.44,5.315527,A,Ligue 2,A
Krasso Jean-Philippe,5.38,5.22,4.5,5.0,6.0,4.0,6.0,9.5,6.0,6.0,4.0,6.0,5.0,5.38,5.38,5.0,3.5,5.38,4.5,6.0,5.38,5.38,4.5,5.0,6.0,4.5,6.0,6.0,3.5,4.0,3.5,7.0,7.0,5.38,5.0,3.5,6.0,4.5,5.0,5.0,5.208643,A,Ligue 2,A
Xande Silva,5.68,5.68,5.68,4.5,7.0,7.0,7.0,4.5,4.5,5.68,5.68,5.0,5.68,5.0,5.0,5.68,4.5,8.0,6.0,6.5,5.68,5.68,5.68,5.68,5.68,5.68,5.68,5.68,5.68,5.68,5.68,5.68,5.68,5.68,5.68,5.68,5.68,5.68,5.68,5.0,5.182686,A,Ligue 2,A
Shamal Steve,5.03,4.91,4.0,5.03,5.03,4.0,4.5,6.0,5.0,4.0,4.5,5.0,6.0,4.5,5.0,7.0,6.0,5.5,4.0,5.5,4.0,5.5,4.5,5.03,5.0,4.5,5.0,5.0,4.5,5.03,5.03,5.03,4.5,5.03,5.03,5.03,4.5,5.03,5.0,5.03,5.105477,A,Ligue 2,A
Jeannot Benjamin,4.5,4.74,4.5,4.5,4.5,5.5,4.5,4.0,4.5,4.5,4.5,4.0,4.5,5.0,4.5,5.0,4.5,3.0,4.5,4.5,4.5,4.5,4.5,6.0,4.5,4.5,4.5,4.5,6.0,4.0,6.0,4.5,6.0,4.5,5.0,4.5,4.5,6.0,3.5,5.0,5.098124,A,Ligue 2,A
Tchimbembé Warren,5.04,5.0,3.5,5.04,4.5,4.5,4.5,5.0,5.04,7.0,6.5,5.04,5.0,5.04,4.5,5.0,5.04,5.5,5.0,5.04,5.0,5.0,4.5,5.04,5.04,5.04,5.04,5.04,5.04,5.04,5.04,5.04,5.04,5.04,5.04,5.04,5.04,5.04,5.04,5.04,5.0739446,A,Ligue 2,A
Said Rafiki,4.96,4.97,4.96,4.96,4.96,4.96,4.96,4.96,5.5,4.96,4.5,4.0,5.0,5.0,4.5,5.0,4.5,5.0,5.5,6.0,4.5,4.96,4.96,5.0,4.96,4.96,4.96,4.96,4.96,4.96,4.96,4.96,4.96,4.96,5.0,5.0,5.0,5.0,5.5,5.0,5.0606046,A,Ligue 2,A
Corredor Killian,4.87,5.0,5.0,4.0,4.0,6.0,6.5,3.5,4.0,7.0,6.0,4.0,4.5,5.0,5.0,4.0,5.0,4.0,5.0,5.0,4.5,4.87,5.0,4.87,4.87,4.87,4.87,4.0,4.87,4.87,4.87,4.87,4.87,5.0,6.0,5.0,5.5,7.0,5.5,5.0,5.0328918,A,Ligue 2,A
Casimir Josué,5.14,5.14,4.5,5.0,5.0,6.0,5.0,6.0,5.5,4.5,6.0,5.0,5.0,5.14,6.0,4.5,5.0,5.0,4.5,5.0,5.14,5.14,5.14,5.14,5.14,5.14,5.14,5.14,5.14,5.14,5.14,5.14,5.14,5.14,5.14,5.14,5.14,5.14,5.14,5.0,5.0215893,A,Ligue 2,A
Zady Sery Caleb,4.77,5.08,6.0,4.5,4.5,5.0,5.0,4.0,4.5,5.0,5.0,4.5,4.77,4.77,4.77,4.77,4.77,4.0,4.77,5.0,5.0,4.5,6.0,5.0,7.5,5.0,6.5,4.77,4.77,4.77,4.77,4.77,4.77,4.77,4.77,4.77,4.77,4.77,4.77,5.0,4.9713197,A,Ligue 2,A
Bosetti Alexy,4.58,4.58,4.58,4.0,4.0,5.0,4.5,6.0,4.0,6.5,4.5,3.5,4.5,4.0,4.5,6.0,4.0,4.0,4.0,4.5,4.58,4.58,4.58,4.58,4.58,4.58,4.58,4.58,4.58,4.58,4.58,4.58,4.58,4.58,4.58,4.58,4.58,4.58,4.58,5.0,4.9678936,A,Ligue 2,A
Camara Mamadou,4.92,4.92,4.92,4.92,4.92,4.92,4.92,4.92,4.92,4.92,5.0,5.5,5.0,5.0,4.92,5.0,4.0,4.92,4.92,4.92,4.92,4.92,4.92,4.92,4.92,4.92,4.92,4.92,4.92,4.92,4.92,4.92,4.92,4.92,4.92,4.92,4.92,4.92,4.92,4.92,4.9327364,A,Ligue 2,A
Camara Mamadou,4.92,4.92,4.92,4.92,4.92,4.92,4.92,4.92,4.92,4.92,5.0,5.5,5.0,5.0,4.92,5.0,4.0,4.92,4.92,4.92,4.92,4.92,4.92,4.92,4.92,4.92,4.92,4.92,4.92,4.92,4.92,4.92,4.92,4.92,4.92,4.92,4.92,4.92,4.92,5.0,4.9327364,A,Ligue 2,A
Camara Mamadou,5.0,4.94,4.5,4.5,5.0,4.5,5.0,4.5,5.0,4.0,4.5,7.0,5.5,5.5,6.0,4.5,6.5,5.0,4.0,4.5,5.0,5.0,5.0,5.0,5.0,5.0,5.0,5.0,5.0,5.0,5.0,5.0,5.0,5.0,4.0,5.0,5.0,5.0,5.0,4.92,4.912873,A,Ligue 2,A
Camara Mamadou,5.0,4.94,4.5,4.5,5.0,4.5,5.0,4.5,5.0,4.0,4.5,7.0,5.5,5.5,6.0,4.5,6.5,5.0,4.0,4.5,5.0,5.0,5.0,5.0,5.0,5.0,5.0,5.0,5.0,5.0,5.0,5.0,5.0,5.0,4.0,5.0,5.0,5.0,5.0,5.0,4.912873,A,Ligue 2,A
Ayité Floyd,5.06,4.95,5.5,5.0,5.06,5.06,5.06,5.06,5.06,5.06,5.0,5.0,5.0,5.5,5.0,5.06,4.5,5.06,5.06,5.06,5.06,5.06,5.5,4.5,5.0,5.5,7.0,5.0,5.0,5.06,4.0,5.0,5.0,4.0,3.0,5.06,5.06,5.06,5.06,5.06,4.887545,A,Ligue 2,A
Farade Kevin,4.88,4.88,5.5,4.5,4.0,5.5,4.88,4.88,4.88,4.88,4.88,4.88,4.88,4.88,4.88,4.88,4.88,4.88,4.88,4.88,4.88,4.88,4.88,4.88,4.88,4.88,4.88,4.88,4.88,4.88,4.88,4.88,4.88,4.88,4.88,4.88,4.88,4.88,4.88,4.88,4.8863235,A,Ligue 2,A
Park Jung-Bin,4.58,4.58,4.58,4.58,4.58,4.5,4.58,4.58,4.5,4.58,4.58,4.5,4.58,4.58,4.5,4.5,4.58,4.58,4.58,4.58,4.58,4.58,4.58,4.58,4.58,4.58,4.58,4.58,4.58,4.58,4.58,4.58,4.58,4.58,4.58,4.58,4.58,4.58,4.58,5.0,4.8736963,A,Ligue 2,A
Pintor Lenny,4.82,4.82,4.82,4.82,4.5,4.0,5.0,4.0,5.5,5.0,4.5,4.82,4.0,4.5,7.0,4.82,5.0,4.5,5.0,5.0,4.82,4.82,4.82,4.82,4.82,4.82,4.82,4.82,4.82,4.82,4.82,4.82,4.82,4.82,4.82,4.82,4.82,4.82,4.82,4.82,4.834105,A,Ligue 2,A
Assalé Roger,4.86,4.86,4.5,4.5,5.5,4.5,4.86,4.86,4.86,5.0,4.5,4.86,4.86,5.0,6.5,4.5,4.86,4.5,4.5,4.86,4.86,4.86,4.86,4.86,4.86,4.86,4.86,4.86,4.86,4.86,4.86,4.86,4.86,4.86,4.86,4.86,4.86,4.86,4.86,4.86,4.8326545,A,Ligue 2,A
Bandé Hassane,4.73,4.73,4.73,4.73,4.73,4.73,4.5,4.5,4.5,4.5,4.5,4.5,4.73,4.5,4.5,6.0,5.0,4.73,5.0,4.73,4.73,4.73,4.73,4.73,4.73,4.73,4.73,4.73,4.73,4.73,4.73,4.73,4.73,4.73,4.73,4.73,4.73,4.73,4.73,4.73,4.7838798,A,Ligue 2,A
Far Hatim,4.75,4.75,4.75,4.5,4.5,4.5,6.0,4.5,5.0,4.75,6.0,4.5,4.5,4.75,4.5,4.5,4.75,4.0,4.75,4.75,4.75,4.75,4.75,4.75,4.75,4.75,4.75,4.75,4.75,4.75,4.75,4.75,4.75,4.75,4.75,4.75,4.75,4.75,4.75,4.75,4.7679834,A,Ligue 2,A
Dia N'Diaye Amadou,4.75,4.75,4.75,4.75,4.75,4.75,4.75,4.75,4.75,4.75,4.0,6.5,4.5,4.0,4.75,4.75,4.75,4.75,4.75,4.75,4.75,4.75,4.75,4.75,4.75,4.75,4.75,4.75,4.75,4.75,4.75,4.75,4.75,4.75,4.75,4.75,4.75,4.75,4.75,4.75,4.763612,A,Ligue 2,A
Magri Frank,4.94,4.88,4.5,8.0,7.0,5.0,4.94,4.94,4.94,2.0,4.94,4.5,5.0,4.0,4.5,4.94,4.94,4.94,4.94,4.94,4.94,4.94,4.94,6.0,7.0,4.0,4.0,4.0,4.94,4.0,4.0,6.0,4.94,4.94,4.0,4.5,4.94,4.5,6.0,4.94,4.7550626,A,Ligue 2,A
Chibozo Ange,4.69,4.69,5.0,4.5,4.5,4.0,4.5,4.0,5.0,4.0,5.5,4.5,5.5,4.0,4.5,6.0,4.5,4.69,4.69,5.0,4.69,4.69,4.69,4.69,4.69,4.69,4.69,4.69,4.69,4.69,4.69,4.69,4.69,4.69,4.69,4.69,4.69,4.69,4.69,4.69,4.7481103,A,Ligue 2,A
Koné Moussa,4.68,4.76,4.5,4.5,4.5,6.5,6.0,4.0,6.0,4.0,4.5,4.0,3.5,5.0,4.5,4.0,4.68,4.5,4.68,5.0,4.68,4.0,7.0,4.68,3.0,8.0,4.0,4.0,4.0,4.0,4.68,3.5,5.0,3.5,5.5,6.5,8.0,4.0,3.5,4.5,4.7009587,A,Ligue 2,A
Niane Ibrahima,4.88,4.59,7.0,4.5,5.0,6.0,2.5,5.5,4.5,5.5,4.88,4.88,4.88,5.0,4.5,4.0,4.5,5.0,4.88,4.88,3.5,7.0,4.0,4.0,4.0,4.88,4.88,4.88,4.5,3.5,4.88,4.88,2.5,4.88,4.5,4.88,4.88,4.88,4.88,4.88,4.6875863,A,Ligue 2,A
Wadji Ibrahima,4.92,4.92,4.92,4.92,4.92,4.92,4.92,4.92,6.0,6.5,4.0,4.0,6.0,4.0,5.5,6.0,4.5,4.0,4.5,4.5,4.92,4.92,4.92,4.92,4.92,4.92,4.92,4.92,4.92,4.92,4.92,4.92,4.92,4.92,4.92,4.92,4.92,4.92,4.92,4.5,4.676862,A,Ligue 2,A
Zinga Aeron,4.57,4.5,4.5,4.57,5.0,4.0,6.0,6.0,5.0,4.0,4.5,4.57,4.0,4.0,4.5,4.0,4.5,4.0,4.5,4.57,4.57,4.5,4.0,4.0,4.57,4.57,4.57,4.57,4.57,4.57,4.57,4.5,4.57,5.0,4.57,4.0,4.5,4.57,4.5,4.57,4.6393557,A,Ligue 2,A
Soumaré Issa,5.66,5.31,5.5,6.0,5.0,5.5,7.0,4.5,8.0,4.5,5.0,6.5,6.0,6.0,6.5,5.0,5.5,5.5,5.5,5.5,5.66,5.66,5.66,6.0,4.5,4.5,4.5,4.0,6.5,5.0,3.5,4.5,5.0,5.0,5.0,6.0,4.5,5.0,5.0,4.5,4.6329885,A,Ligue 2,A
Ómarsson Elías Már,4.79,4.81,4.5,4.5,6.0,5.5,4.5,4.5,5.0,5.0,4.5,4.5,4.5,4.79,4.5,4.79,4.79,4.79,4.79,4.79,6.0,5.0,6.0,4.79,4.79,4.79,4.0,4.0,4.5,3.5,4.79,4.0,4.5,4.0,4.79,8.0,6.0,4.0,4.0,4.79,4.610501,A,Ligue 2,A
Pagis Pablo,4.92,4.92,4.92,4.92,4.92,4.92,4.92,4.92,5.0,5.0,4.0,4.5,5.0,5.0,5.0,5.5,4.5,6.0,5.5,4.5,4.92,4.92,4.92,4.92,4.92,4.92,4.92,4.92,4.92,4.92,4.92,4.92,4.92,4.92,4.92,4.92,4.92,4.92,4.92,4.5,4.591593,A,Ligue 2,A
Essende Samuel,4.72,4.76,5.0,5.5,6.0,7.0,4.5,2.0,4.72,7.0,3.5,3.0,4.0,3.5,7.0,4.72,5.0,3.0,5.0,4.5,5.0,5.0,4.0,6.0,4.5,5.0,3.0,7.0,4.0,4.72,3.5,4.0,2.5,4.72,3.0,5.0,5.5,7.5,7.0,4.72,4.5866075,A,Ligue 2,A
Tebily Hermann,4.63,4.58,4.63,4.63,4.63,4.63,4.63,4.63,4.63,4.5,4.0,4.5,5.0,4.5,5.5,4.63,4.5,4.63,4.63,4.63,4.5,4.63,4.63,4.63,4.63,5.0,4.0,4.63,4.5,4.63,4.63,4.63,4.63,4.63,4.63,4.63,4.63,4.63,4.63,4.5,4.582873,A,Ligue 2,A
Hountondji Andréas,4.57,4.33,5.0,5.0,4.5,5.0,4.57,3.5,4.57,4.5,4.57,4.57,4.57,4.5,4.57,4.57,4.57,4.57,4.57,4.57,4.0,4.0,4.57,4.5,4.0,4.0,4.0,4.5,4.57,4.57,4.57,4.57,4.57,4.5,4.0,4.0,4.57,4.57,4.5,4.57,4.5812173,A,Ligue 2,A
El Amri Yacine,4.57,4.57,4.5,4.0,4.5,4.57,4.0,5.0,5.0,5.0,4.57,4.57,4.57,4.57,4.57,4.57,4.57,4.57,4.57,4.57,4.57,4.57,4.57,4.57,4.57,4.57,4.57,4.57,4.57,4.57,4.57,4.57,4.57,4.57,4.57,4.57,4.57,4.57,4.57,4.57,4.579035,A,Ligue 2,A
Arokodare Tolu,5.05,4.89,4.0,6.0,5.0,5.0,6.0,6.0,6.0,2.5,7.0,5.0,6.0,5.0,4.5,4.5,5.0,4.0,4.0,6.0,4.5,4.0,5.0,4.5,4.5,5.0,8.0,4.0,5.0,4.0,4.5,5.0,4.0,7.0,4.0,3.5,3.5,6.0,4.0,4.5,4.569695,A,Ligue 2,A
Baldé Ibrahima,4.6,4.58,4.6,4.6,4.5,4.6,4.6,4.6,4.6,4.6,4.0,4.0,4.6,4.6,4.0,6.5,5.5,4.5,4.0,4.5,4.6,4.5,4.5,4.6,4.6,4.6,4.6,4.6,4.6,4.6,4.5,4.6,4.6,4.6,4.6,4.6,4.6,4.6,4.6,4.5,4.5629554,A,Ligue 2,A
Noubissi Marius,4.71,4.71,4.71,4.71,4.71,4.0,6.0,5.0,6.0,6.0,3.5,5.0,4.71,4.5,4.71,4.0,4.5,5.0,4.0,4.0,4.71,4.71,4.71,4.71,4.71,4.71,4.71,4.71,4.71,4.71,4.71,4.71,4.71,4.71,4.71,4.71,4.71,4.71,4.71,4.5,4.546649,A,Ligue 2,A
Kalulu Aldo,5.0,5.14,5.0,3.5,4.5,4.5,7.0,6.0,5.0,5.0,6.0,6.0,4.5,5.5,4.5,4.0,4.5,6.0,4.5,4.5,5.0,6.5,5.0,5.0,6.0,4.0,4.0,4.5,5.5,6.5,7.0,5.0,5.0,5.5,5.5,6.0,5.5,4.5,4.0,4.5,4.54031,A,Ligue 2,A
Pembélé Andy,4.64,4.64,4.64,4.5,4.64,4.64,4.64,4.5,4.0,4.64,4.64,4.64,6.0,5.0,5.0,4.64,4.5,4.5,4.5,4.0,4.64,4.64,4.64,4.64,4.64,4.64,4.64,4.64,4.64,4.64,4.64,4.64,4.64,4.64,4.64,4.64,4.64,4.64,4.64,4.5,4.5389886,A,Ligue 2,A
Tchaouna Loum,4.64,4.56,4.64,4.64,4.64,4.64,4.64,4.64,4.5,4.5,5.0,4.5,5.0,4.5,4.5,4.64,4.5,4.64,4.5,5.0,4.5,4.64,4.64,4.64,4.64,4.5,4.64,4.5,4.64,4.5,4.64,4.64,4.5,4.0,4.64,4.64,4.64,4.64,4.64,4.5,4.53712,A,Ligue 2,A
Thiare Jamal,4.81,4.88,4.0,4.0,4.0,5.0,6.0,6.0,6.5,4.81,4.81,4.81,4.81,4.0,4.5,4.81,4.81,4.0,4.5,6.0,4.81,4.81,4.81,4.81,4.5,4.81,4.81,4.81,4.5,2.5,6.5,5.0,6.0,4.81,4.81,4.81,4.81,6.0,4.81,4.0,4.527008,A,Ligue 2,A
Guilavogui Morgan,5.31,5.48,5.31,5.31,5.0,5.0,5.0,5.31,6.0,6.5,4.5,5.0,5.0,5.5,4.5,7.0,6.0,7.0,4.0,4.5,6.5,5.31,7.5,7.0,7.0,5.31,7.0,5.5,5.31,5.31,5.31,5.31,4.5,5.0,4.5,5.5,4.0,4.5,5.5,4.5,4.5225263,A,Ligue 2,A
Bonnet Ugo,4.89,4.88,4.0,5.0,4.5,5.0,5.0,5.0,6.5,5.0,6.0,7.0,5.0,4.5,4.0,5.5,4.0,4.5,4.5,4.0,3.0,5.0,4.5,5.0,6.0,7.0,4.0,6.0,4.0,4.5,4.0,5.0,5.0,4.5,3.5,4.5,5.0,6.0,6.0,4.0,4.5145397,A,Ligue 2,A
Badji Aliou,4.81,5.25,4.81,4.81,4.81,6.0,6.0,4.0,4.81,4.5,5.0,5.0,6.0,4.0,4.5,4.81,4.81,4.0,4.5,4.5,5.0,6.0,7.0,7.0,8.0,5.0,6.5,4.81,5.5,4.0,6.0,4.81,4.5,4.81,3.5,4.81,6.0,6.0,4.5,4.5,4.513038,A,Ligue 2,A
Hamel Pierre-Yves,4.36,4.23,5.0,3.0,4.5,4.0,5.0,5.0,4.36,4.0,4.36,4.36,4.36,4.36,4.36,4.36,4.36,4.36,4.36,4.36,4.36,2.5,4.0,4.36,4.36,4.36,4.36,4.5,4.36,4.5,4.36,4.36,4.36,4.36,4.36,4.36,4.36,4.5,4.5,4.36,4.509894,A,Ligue 2,A
Da Silva Sébastien,4.5,4.5,4.5,4.5,4.5,4.5,4.5,4.5,4.5,4.5,4.5,4.5,4.5,4.5,4.5,4.5,4.5,4.5,4.5,4.5,4.5,4.5,4.5,4.5,4.5,4.5,4.5,4.5,4.5,4.5,4.5,4.5,4.5,4.5,4.5,4.5,4.5,4.5,4.5,4.5,4.490743,A,Ligue 2,A
Bassette Norman,4.5,4.5,4.5,4.5,4.5,4.5,4.5,4.5,4.5,4.5,4.5,4.5,4.5,4.5,4.5,4.5,4.5,4.5,4.5,4.5,4.5,4.5,4.5,4.5,4.5,4.5,4.5,4.5,4.5,4.5,4.5,4.5,4.5,4.5,4.5,4.5,4.5,4.5,4.5,4.5,4.490743,A,Ligue 2,A
Nsimba Steven,4.5,4.5,4.5,4.5,4.5,4.5,4.5,4.5,4.5,4.5,4.5,4.5,4.5,4.5,4.5,4.5,4.5,4.5,4.5,4.5,4.5,4.5,4.5,4.5,4.5,4.5,4.5,4.5,4.5,4.5,4.5,4.5,4.5,4.5,4.5,4.5,4.5,4.5,4.5,4.5,4.490743,A,Ligue 2,A
Inikurogha Okardi,4.5,4.5,4.5,4.5,4.5,4.5,4.5,4.5,4.5,4.5,4.5,4.5,4.5,4.5,4.5,4.5,4.5,4.5,4.5,4.5,4.5,4.5,4.5,4.5,4.5,4.5,4.5,4.5,4.5,4.5,4.5,4.5,4.5,4.5,4.5,4.5,4.5,4.5,4.5,4.5,4.490743,A,Ligue 2,A
Samoura Amadou,4.5,4.5,4.5,4.5,4.5,4.5,4.5,4.5,4.5,4.5,4.5,4.5,4.5,4.5,4.5,4.5,4.5,4.5,4.5,4.5,4.5,4.5,4.5,4.5,4.5,4.5,4.5,4.5,4.5,4.5,4.5,4.5,4.5,4.5,4.5,4.5,4.5,4.5,4.5,4.5,4.490743,A,Ligue 2,A
Baaloudj Mehdi,4.5,4.5,4.5,4.0,4.5,4.5,4.5,4.5,5.0,4.5,4.5,4.5,5.0,4.5,4.5,4.0,4.5,4.5,4.5,4.5,4.5,4.5,4.5,4.5,4.5,4.5,4.5,4.5,4.5,4.5,4.5,4.5,4.5,4.5,4.5,4.5,4.5,4.5,4.5,4.5,4.4822288,A,Ligue 2,A
Ros Marius,4.5,4.5,4.5,5.0,4.5,4.5,4.5,4.5,4.5,4.5,4.5,4.5,4.5,4.5,4.5,4.5,4.5,4.5,4.0,4.5,4.5,4.5,4.5,4.5,4.5,4.5,4.5,4.5,4.5,4.5,4.5,4.5,4.5,4.5,4.5,4.5,4.5,4.5,4.5,4.5,4.4757237,A,Ligue 2,A
Djoco Kapitbafan,4.38,4.38,4.38,4.38,4.38,4.38,4.38,4.38,4.38,4.38,4.38,4.38,4.38,4.38,4.38,4.38,4.38,4.0,4.0,5.0,4.38,4.38,4.38,4.38,4.38,4.38,4.38,4.38,4.38,4.38,4.38,4.38,4.38,4.38,4.38,4.38,4.38,4.38,4.38,4.5,4.4627833,A,Ligue 2,A
George Mayron,4.37,4.37,3.5,4.0,4.0,4.5,4.37,4.37,4.5,4.37,4.37,4.5,4.5,5.5,4.5,5.0,4.0,4.5,3.5,4.5,4.37,4.37,4.37,4.37,4.37,4.37,4.37,4.37,4.37,4.37,4.37,4.37,4.37,4.37,4.37,4.37,4.37,4.37,4.37,4.5,4.4606886,A,Ligue 2,A
Gory Alimami,5.18,5.26,5.0,5.5,5.0,5.0,5.0,5.5,4.5,6.5,5.0,6.0,5.0,5.5,5.0,5.0,4.5,6.0,5.5,4.5,5.0,7.0,5.0,7.0,5.0,5.18,5.0,4.5,5.18,5.18,4.5,5.18,5.18,5.18,5.18,5.18,5.18,5.5,5.5,4.5,4.454912,A,Ligue 2,A
Rocheteau Kévin,4.45,4.53,4.45,4.5,4.45,5.0,3.5,5.0,4.0,4.45,4.45,4.45,4.5,4.45,5.0,4.0,4.5,4.45,4.45,4.5,4.45,4.45,4.5,4.45,4.45,4.45,4.45,4.45,5.5,4.5,4.5,4.45,4.5,4.0,4.5,5.0,4.45,4.45,4.45,4.5,4.4492593,A,Ligue 2,A
Sylla Dembo,4.39,4.39,4.39,4.39,4.39,4.39,4.0,4.5,4.0,5.0,5.0,5.0,3.0,4.5,4.5,4.5,4.39,4.5,4.0,4.5,4.39,4.39,4.39,4.39,4.39,4.39,4.39,4.39,4.39,4.39,4.39,4.39,4.39,4.39,4.39,4.39,4.39,4.39,4.39,4.5,4.4481626,A,Ligue 2,A
Pape Bâ Pape Ibnou,4.5,4.43,4.5,4.5,4.5,4.5,4.5,4.5,4.0,5.0,4.5,3.5,6.0,4.5,4.5,4.0,4.5,4.5,4.5,4.5,4.5,4.5,4.5,4.5,4.0,3.0,4.5,4.5,4.5,4.0,4.5,4.5,4.5,5.0,4.5,4.5,4.5,5.5,4.0,4.5,4.424007,A,Ligue 2,A
Baï Yohan,4.17,4.17,4.17,4.17,4.17,4.17,4.17,4.17,4.17,4.17,4.5,4.17,4.17,4.17,4.17,4.17,4.17,3.5,4.17,4.17,4.17,4.17,4.17,4.17,4.17,4.17,4.17,4.17,4.17,4.17,4.17,4.17,4.17,4.17,4.17,4.17,4.17,4.17,4.17,4.5,4.416797,A,Ligue 2,A
Do Couto Maxime,5.13,5.05,4.5,5.0,5.13,6.5,6.0,5.5,6.5,4.0,5.0,4.5,5.13,5.13,5.13,4.5,6.0,5.0,4.5,5.0,5.13,7.0,5.0,6.0,3.5,5.13,4.0,5.0,4.5,6.0,6.0,4.5,4.0,5.5,4.5,5.13,5.0,4.0,5.0,4.5,4.395373,A,Ligue 2,A
N'Chobi Kader,4.47,4.47,4.5,4.5,6.0,4.5,3.5,4.0,4.0,4.0,5.0,6.0,6.0,4.47,4.0,4.0,4.0,4.0,3.5,4.5,4.47,4.47,4.47,4.47,4.47,4.47,4.47,4.47,4.47,4.47,4.47,4.47,4.47,4.47,4.47,4.47,4.47,4.47,4.47,4.47,4.389486,A,Ligue 2,A
Jung Andrew,4.5,4.48,4.5,4.5,4.5,4.5,4.5,4.5,4.5,4.5,4.5,4.5,4.5,4.5,4.5,4.5,4.5,4.5,4.5,4.5,4.5,6.0,4.5,4.0,4.5,4.5,4.5,4.5,4.0,4.5,4.5,4.5,4.5,4.5,5.0,3.5,4.5,4.5,4.0,4.5,4.365131,A,Ligue 2,A
Naidji Zakaria,4.89,4.87,8.0,4.0,4.0,7.5,4.0,4.0,5.0,4.0,5.5,4.0,5.0,6.0,5.0,5.0,5.5,4.0,3.5,4.0,7.0,6.0,5.0,4.0,5.0,4.5,4.5,4.89,4.0,4.89,4.5,6.0,3.5,5.0,4.89,4.0,6.0,4.0,4.5,4.89,4.3065367,A,Ligue 2,A
Courtet Gaëtan,4.78,4.77,4.78,4.78,4.0,5.0,4.5,4.5,4.5,6.0,7.0,4.78,3.5,5.0,5.0,5.0,4.5,5.5,4.0,4.0,6.0,5.0,4.5,4.5,2.0,4.78,4.78,4.0,4.5,5.0,4.5,4.5,4.0,7.0,6.0,4.0,6.0,4.0,5.5,4.5,4.2717075,A,Ligue 2,A
Robic Antony,4.42,4.59,4.5,4.42,4.5,4.5,4.5,5.0,4.0,4.42,5.0,4.5,3.5,4.0,4.5,4.0,5.0,4.42,4.42,4.42,6.0,4.0,4.42,4.0,6.0,5.0,4.5,4.0,5.0,4.5,4.5,4.42,4.5,4.42,4.5,5.0,3.0,5.5,5.5,4.42,4.264986,A,Ligue 2,A
Jarmouni Walid,4.25,4.25,4.5,4.0,5.0,4.25,4.0,4.0,4.25,4.25,4.25,4.25,4.25,4.25,4.25,4.25,4.25,4.25,4.0,4.25,4.25,4.25,4.25,4.25,4.25,4.25,4.25,4.25,4.25,4.25,4.25,4.25,4.25,4.25,4.25,4.25,4.25,4.25,4.25,4.25,4.234287,A,Ligue 2,A
Bile Darnell,4.25,4.25,4.25,4.25,4.25,4.25,4.5,4.0,4.25,4.25,4.25,4.25,4.25,4.25,4.25,4.25,4.25,4.25,4.25,4.25,4.25,4.25,4.25,4.25,4.25,4.25,4.25,4.25,4.25,4.25,4.25,4.25,4.25,4.25,4.25,4.25,4.25,4.25,4.25,4.25,4.232308,A,Ligue 2,A
Gomes Ylan,4.2,4.33,4.2,4.2,4.2,4.2,4.2,4.2,4.2,4.5,4.0,4.0,4.5,4.2,4.2,4.0,4.2,4.2,4.2,4.2,4.2,4.2,4.2,4.2,4.2,4.2,4.2,4.2,4.2,4.2,4.2,4.5,4.2,4.2,4.2,4.2,4.5,4.5,4.5,4.2,4.2226963,A,Ligue 2,A
Bakayoko Ryan,4.19,4.19,4.0,4.19,4.5,4.19,4.5,4.0,3.5,4.5,4.19,4.19,4.5,4.19,4.19,4.19,4.19,4.19,4.0,4.19,4.19,4.19,4.19,4.19,4.19,4.19,4.19,4.19,4.19,4.19,4.19,4.19,4.19,4.19,4.19,4.19,4.19,4.19,4.19,4.19,4.1867805,A,Ligue 2,A
Mayenda Eliezer,4.17,4.17,4.0,4.5,4.0,4.17,4.17,4.17,4.17,4.17,4.17,4.17,4.17,4.17,4.17,4.17,4.17,4.17,4.17,4.17,4.17,4.17,4.17,4.17,4.17,4.17,4.17,4.17,4.17,4.17,4.17,4.17,4.17,4.17,4.17,4.17,4.17,4.17,4.17,4.17,4.153217,A,Ligue 2,A
Yattara Mohamed,4.42,4.42,4.42,4.42,4.42,3.0,3.5,4.42,4.5,5.0,4.5,4.42,4.42,4.0,4.5,5.0,4.0,4.5,6.5,4.5,4.42,4.42,4.42,4.42,4.42,4.42,4.42,4.42,4.42,4.42,4.42,4.42,4.42,4.42,4.42,4.42,4.42,4.42,4.42,4.0,4.1491866,A,Ligue 2,A
Bentil Godwin Kobby,4.0,4.33,4.5,4.0,3.5,4.0,4.0,4.0,4.0,4.0,4.0,4.0,4.0,4.0,4.0,4.0,4.0,4.0,4.0,4.0,4.0,4.0,4.0,4.0,4.0,4.0,4.0,4.0,4.0,4.0,4.0,4.0,4.0,4.0,4.0,4.0,4.0,4.0,6.0,4.0,4.096372,A,Ligue 2,A
Tchokounté Malik,4.87,4.84,4.0,4.5,5.0,3.5,4.5,7.0,5.0,5.0,4.5,4.0,6.5,7.0,4.0,4.0,6.5,5.5,4.0,4.0,6.0,4.87,4.5,4.87,4.87,4.87,4.87,4.5,6.0,3.5,4.5,6.0,4.87,4.87,3.5,4.5,4.87,4.87,4.87,4.0,4.0580983,A,Ligue 2,A
Sanyang Abdoulie,5.14,5.07,4.5,7.0,3.5,5.5,4.5,7.0,4.5,6.0,5.14,5.0,7.5,5.14,5.14,4.5,5.14,4.0,4.5,5.14,5.14,5.14,5.14,5.14,5.14,5.14,5.14,5.14,5.14,5.14,4.5,4.0,5.14,8.0,5.5,6.5,6.0,4.5,5.5,4.0,4.048572,A,Ligue 2,A
Kitala Yann,4.81,4.69,4.5,4.5,4.0,7.5,4.0,7.0,6.0,3.0,5.0,5.0,4.5,4.5,4.81,4.81,4.81,4.0,4.5,5.0,6.0,4.0,3.5,4.81,6.0,4.0,3.5,4.0,5.5,4.0,5.0,5.0,4.0,6.0,4.0,4.5,4.5,4.5,4.5,4.0,4.038276,A,Ligue 2,A
Joseph Lenny,4.54,4.47,4.54,4.54,4.5,4.54,4.5,4.0,4.5,4.0,4.0,4.0,4.5,4.54,4.5,4.54,4.54,4.5,4.0,8.0,4.54,4.54,4.5,4.54,4.54,4.54,4.54,4.0,4.54,4.54,4.54,4.54,4.54,4.0,4.5,4.54,4.54,4.54,4.5,4.0,4.028248,A,Ligue 2,A
Soumah Salifou,4.0,4.0,4.0,4.0,4.0,4.0,4.0,4.0,4.0,4.0,4.0,4.0,4.0,4.0,4.0,4.0,4.0,4.0,4.0,4.0,4.0,4.0,4.0,4.0,4.0,4.0,4.0,4.0,4.0,4.0,4.0,4.0,4.0,4.0,4.0,4.0,4.0,4.0,4.0,4.0,3.9776874,A,Ligue 2,A
Doucouré Mahamadou,4.0,4.0,4.0,4.0,4.0,4.0,4.0,4.0,4.0,4.0,4.0,4.0,4.0,4.0,4.0,4.0,4.0,4.0,4.0,4.0,4.0,4.0,4.0,4.0,4.0,4.0,4.0,4.0,4.0,4.0,4.0,4.0,4.0,4.0,4.0,4.0,4.0,4.0,4.0,4.0,3.9776874,A,Ligue 2,A
Merdji Yanis,4.5,4.75,7.0,4.5,4.0,4.5,3.5,4.5,4.5,4.0,3.5,5.0,4.0,4.5,4.0,4.5,4.0,5.0,6.0,4.5,5.5,4.5,4.5,5.0,5.0,5.5,5.0,5.5,4.5,6.0,4.0,6.0,4.5,4.5,4.5,4.5,4.5,4.5,4.5,4.0,3.9576383,A,Ligue 2,A
Bassouamina Mons,4.93,4.93,4.5,5.0,4.93,4.93,4.93,4.93,4.5,6.0,7.0,4.0,4.0,6.5,5.0,5.0,6.0,4.0,4.5,4.5,4.93,4.93,4.93,4.93,4.93,4.93,4.93,4.93,4.93,4.93,4.93,4.93,4.93,4.93,4.93,4.93,4.93,4.93,4.93,3.5,3.823429,A,Ligue 2,A
Caddy Warren,4.81,4.68,4.81,4.81,4.81,6.0,5.0,4.5,4.0,5.0,4.81,4.81,4.81,5.5,4.5,5.0,4.0,6.0,5.0,4.5,5.0,4.5,4.0,4.81,4.81,4.81,4.81,4.81,4.81,4.81,4.81,4.81,4.81,4.5,4.0,4.0,5.0,5.0,4.5,3.5,3.7697566,A,Ligue 2,A
Sissoko Ibrahim,5.22,5.27,4.0,4.0,4.0,6.0,5.5,4.5,7.0,6.0,8.0,5.22,5.5,5.0,6.5,6.0,6.0,4.0,4.0,4.5,8.0,5.22,5.0,4.5,6.0,4.5,3.5,4.5,5.22,5.5,8.0,4.5,4.5,5.22,6.5,4.5,5.22,5.22,5.22,3.5,3.707154,A,Ligue 2,A
Cissé Nadjib,5.19,5.08,5.19,5.19,5.0,6.0,5.19,4.0,5.19,4.5,5.19,5.19,5.19,5.19,5.19,5.19,5.19,8.0,6.0,5.0,4.5,5.19,5.19,5.19,5.19,5.19,5.19,5.19,6.0,5.0,4.0,5.19,5.19,5.19,5.19,5.19,5.19,5.19,5.19,3.0,3.4981534,A,Ligue 2,A
Mafouta Louis,5.24,4.86,4.0,4.0,6.0,4.0,4.5,5.0,5.0,5.24,5.24,5.0,8.0,4.5,5.0,3.5,7.0,6.0,7.5,7.0,5.24,5.24,4.5,4.5,4.0,4.5,4.0,3.5,3.5,6.0,4.5,3.5,4.0,5.0,5.24,6.0,5.24,4.5,4.5,3.0,3.4092844,A,Ligue 2,A
Depres Clément,4.89,4.71,4.5,4.5,4.0,6.0,7.0,6.5,4.5,5.0,5.0,4.5,4.0,6.0,4.0,4.0,5.0,4.89,7.0,4.0,4.0,4.5,4.0,4.0,4.89,4.5,4.5,4.89,4.89,6.0,4.0,4.5,4.0,4.0,4.5,5.5,4.89,4.89,4.89,2.5,3.1231503,A,Ligue 2,A
