Joueur,Note,Note 1 an,j1,j2,j3,j4,j5,j6,j7,j8,j9,j10,j11,j12,j13,j14,j15,j16,j17,j18,j20,j21,j22,j23,j24,j25,j26,j27,j28,j29,j30,j31,j32,j33,j34,j35,j36,j37,j38,j19,prediction_label,Poste,Championnat
Mendy Bissenty,5.43,5.43,5.5,5.0,5.0,4.0,5.43,7.0,6.0,5.43,5.43,4.0,6.0,5.5,5.0,5.5,5.5,5.43,6.0,4.5,5.43,5.43,5.43,5.43,5.43,5.43,5.43,5.43,5.43,5.43,5.43,5.43,5.43,5.43,5.43,5.43,5.43,5.43,5.43,7.0,6.6671915,DC,Ligue 2
Baudry Marvin,4.91,4.91,7.0,4.0,6.0,6.0,4.0,3.5,5.0,4.0,6.0,4.5,3.0,4.91,4.91,5.0,8.0,2.5,3.0,4.91,4.91,4.91,4.91,4.91,4.91,4.91,4.91,4.91,4.91,4.91,4.91,4.91,4.91,4.91,4.91,4.91,4.91,4.91,4.91,7.0,6.5198355,DC,Ligue 2
Mendy Formose,5.74,5.52,5.74,6.5,6.0,6.0,5.0,5.5,6.0,4.5,6.5,7.0,5.5,5.0,4.5,7.0,5.5,5.0,5.74,6.0,4.5,5.5,6.0,5.5,6.0,5.5,6.0,5.74,6.5,2.0,6.0,6.0,5.0,5.74,5.0,5.0,5.0,5.0,5.74,6.0,6.355744,DC,Ligue 2
Mwanga Junior,5.43,5.41,6.0,6.0,6.0,4.0,5.43,5.5,6.0,5.5,5.43,5.0,5.43,5.43,5.5,5.0,5.0,4.5,6.0,5.0,5.43,5.43,5.43,5.43,5.43,5.43,5.43,5.43,5.43,5.43,5.43,5.43,5.43,5.43,5.43,5.43,5.43,5.43,5.0,6.5,6.2557116,DC,Ligue 2
Dramé Issiar,6.38,6.38,6.38,6.38,6.38,6.38,6.38,6.38,6.38,6.38,6.38,6.38,6.38,6.38,6.38,6.38,6.38,6.0,7.5,6.0,6.38,6.38,6.38,6.38,6.38,6.38,6.38,6.38,6.38,6.38,6.38,6.38,6.38,6.38,6.38,6.38,6.38,6.38,6.38,6.0,6.1737976,DC,Ligue 2
Sangante Arouna,5.55,5.26,5.5,5.0,4.5,7.5,5.5,5.5,5.5,5.5,5.0,5.5,6.0,4.5,6.0,5.5,7.0,5.0,5.0,5.5,5.0,4.5,5.0,5.55,5.55,3.0,5.0,5.0,6.0,3.5,4.0,4.5,5.5,5.5,7.5,5.5,5.55,4.5,4.5,6.0,5.973742,DC,Ligue 2
Kouyaté Boubakar,5.5,5.29,7.0,4.5,5.5,5.5,5.5,6.0,6.5,4.0,5.5,5.5,5.5,5.5,4.0,5.0,7.0,5.5,5.0,5.5,5.5,5.5,5.5,6.0,5.0,5.5,5.5,5.5,6.0,3.0,5.5,3.5,6.0,5.0,5.0,4.0,7.0,7.0,3.0,6.0,5.9688134,DC,Ligue 2
Barbet Yoann,5.38,5.38,5.38,5.38,5.38,5.38,5.38,5.38,5.38,4.0,5.0,6.0,6.0,5.0,6.0,4.5,6.5,4.5,5.0,6.0,5.38,5.38,5.38,5.38,5.38,5.38,5.38,5.38,5.38,5.38,5.38,5.38,5.38,5.38,5.38,5.38,5.38,5.38,5.38,6.0,5.8453,DC,Ligue 2
Lajugie Francois,5.22,5.22,5.22,5.5,5.5,5.5,5.5,5.0,6.0,5.5,4.0,4.0,7.0,4.5,4.5,5.0,5.5,5.0,5.0,5.0,5.22,5.22,5.22,5.22,5.22,5.22,5.22,5.22,5.22,5.22,5.22,5.22,5.22,5.22,5.22,5.22,5.22,5.22,5.22,6.0,5.7917,DC,Ligue 2
Yohan Tavares,5.1,5.1,6.0,4.5,5.5,5.0,5.0,4.0,3.5,5.0,5.1,5.5,5.0,6.0,5.5,6.0,4.0,5.1,5.1,5.1,5.1,5.1,5.1,5.1,5.1,5.1,5.1,5.1,5.1,5.1,5.1,5.1,5.1,5.1,5.1,5.1,5.1,5.1,5.1,6.0,5.7685504,DC,Ligue 2
Gregersen Stian,5.44,5.11,5.5,5.5,6.0,6.0,4.5,6.0,6.0,5.44,5.5,6.0,5.5,5.5,5.44,5.0,5.0,4.5,6.0,4.5,5.0,2.5,5.0,5.44,5.44,5.0,6.5,4.0,3.0,4.5,6.0,5.0,5.44,4.0,5.44,5.44,5.44,5.44,5.44,5.5,5.7515225,DC,Ligue 2
Temanfo Arnold,4.97,4.97,5.0,4.5,4.0,5.5,5.0,5.0,4.97,5.0,4.5,5.0,5.0,5.0,4.5,5.5,4.5,6.0,4.97,4.5,4.97,4.97,4.97,4.97,4.97,4.97,4.97,4.97,4.97,4.97,4.97,4.97,4.97,4.97,4.97,4.97,4.97,4.97,4.97,6.0,5.7443132,DC,Ligue 2
Bokele Malcom,5.69,5.69,6.5,6.0,6.0,6.0,4.5,7.5,6.0,4.5,6.0,5.0,5.0,5.69,5.69,5.69,5.69,5.0,6.0,5.69,5.69,5.69,5.69,5.69,5.69,5.69,5.69,5.69,5.69,5.69,5.69,5.69,5.69,5.69,5.69,5.69,5.69,5.69,5.69,5.69,5.694506,DC,Ligue 2
Touré Zargo,5.46,5.39,6.0,5.5,5.5,5.0,5.5,5.5,5.46,5.46,5.46,5.46,5.46,5.46,4.0,6.5,5.5,6.5,4.0,6.0,4.5,6.0,6.0,5.46,5.46,5.46,5.46,5.46,5.46,5.46,5.46,5.46,5.46,5.46,4.5,5.46,5.46,5.46,5.0,5.5,5.5530405,DC,Ligue 2
Cissé Ibrahim,5.22,5.42,6.0,6.0,4.0,5.5,5.0,5.0,4.0,5.5,4.5,4.5,6.0,4.0,6.5,5.5,5.22,5.0,6.0,5.5,4.5,5.0,5.5,5.5,7.5,5.5,6.0,5.0,5.5,6.0,5.0,6.0,6.5,5.22,5.22,5.5,5.22,6.0,5.22,5.5,5.5477114,DC,Ligue 2
Kilama Guy-Marcelin,5.0,4.94,5.5,3.0,4.5,6.0,3.5,6.0,4.5,5.5,4.5,6.0,4.5,4.0,5.0,5.0,5.5,6.0,5.5,5.0,5.0,5.0,5.0,5.0,5.0,5.0,5.0,5.0,5.0,5.0,6.0,5.0,5.0,6.0,5.0,4.0,3.5,5.0,4.0,5.5,5.532689,DC,Ligue 2
Mamadou Fofana I Mamadou,5.31,5.07,4.0,6.0,6.0,6.0,6.0,5.31,6.5,3.5,6.0,6.0,5.5,5.0,5.0,3.5,4.0,5.5,6.5,5.0,5.31,5.31,5.31,5.0,6.0,4.5,6.0,4.0,6.0,2.0,5.0,5.5,5.5,5.0,4.0,5.5,4.5,5.0,3.5,5.5,5.525783,DC,Ligue 2
Briançon Anthony,5.0,5.06,3.5,5.0,5.0,4.0,5.0,6.0,5.5,7.0,3.5,6.0,4.0,4.0,6.0,5.0,5.0,4.5,5.0,5.5,5.0,5.0,5.0,5.0,5.0,5.0,5.0,5.0,5.0,5.0,5.0,5.0,5.0,5.0,5.0,5.5,5.5,6.0,4.0,5.5,5.51065,DC,Ligue 2
Opoku Nicholas,5.17,5.09,3.5,5.0,5.5,6.0,5.0,5.0,6.0,5.17,6.0,6.0,4.0,5.17,5.17,5.17,3.5,5.0,6.5,5.0,5.17,5.17,5.17,5.17,5.17,5.17,5.17,5.17,5.17,4.5,5.17,5.0,5.0,5.5,5.0,5.0,5.0,5.17,4.5,5.5,5.506197,DC,Ligue 2
Gelin Jérémy,5.18,5.18,5.18,5.5,6.0,5.5,4.5,5.0,5.0,5.18,6.0,5.5,5.0,5.0,5.5,4.5,3.5,5.0,7.0,4.0,5.18,5.18,5.18,5.18,5.18,5.18,5.18,5.18,5.18,5.18,5.18,5.18,5.18,5.18,5.18,5.18,5.18,5.18,5.18,5.5,5.494514,DC,Ligue 2
Diedhiou Christophe,5.56,5.29,5.0,5.0,4.5,5.56,5.5,5.56,6.0,5.56,6.0,5.5,7.0,5.56,5.56,5.56,5.56,5.56,5.56,5.56,5.5,5.56,5.56,5.56,5.56,5.0,4.5,6.0,4.0,6.0,5.56,5.5,5.56,5.0,5.0,5.5,5.56,4.0,5.56,5.56,5.4842057,DC,Ligue 2
Coulibaly Senou,5.04,4.93,5.04,5.04,5.0,5.5,5.0,5.0,4.5,4.0,4.5,5.0,4.0,6.0,5.04,5.04,6.0,6.0,5.04,4.5,5.04,5.04,5.04,3.0,5.0,6.0,4.5,6.0,4.5,5.04,5.0,5.0,5.0,3.5,5.04,5.0,5.0,5.5,4.5,5.5,5.44442,DC,Ligue 2
N'Diaye Abdoulaye,5.5,5.5,5.5,7.5,6.0,4.0,4.5,3.0,6.0,5.5,6.0,6.0,3.5,7.0,5.5,5.5,6.0,6.5,5.5,5.5,5.5,5.5,5.5,5.5,5.5,5.5,5.5,5.5,5.5,5.5,5.5,5.5,5.5,5.5,5.5,5.5,5.5,5.5,5.5,5.5,5.4390445,DC,Ligue 2
Mouanga Kévin,5.32,5.32,5.5,5.32,5.32,5.32,6.0,3.5,5.32,6.5,4.5,3.5,7.0,5.0,5.0,7.0,5.0,5.32,5.32,5.32,5.32,5.32,5.32,5.32,5.32,5.32,5.32,5.32,5.32,5.32,5.32,5.32,5.32,5.32,5.32,5.32,5.32,5.32,5.32,5.32,5.397901,DC,Ligue 2
Vandenabeele Éric,5.35,5.33,5.35,6.0,5.0,5.5,4.5,5.35,5.5,5.5,7.5,4.5,4.5,5.0,5.35,4.5,6.5,5.35,5.35,5.0,5.35,5.35,5.35,5.35,5.35,5.35,5.35,5.35,5.35,5.35,5.35,5.35,5.35,5.35,5.35,5.35,5.35,5.5,5.0,5.35,5.391841,DC,Ligue 2
Lemonnier Pierre,5.5,5.29,5.5,5.5,5.5,5.5,6.0,6.0,5.5,5.0,5.0,5.5,5.5,5.5,5.5,5.5,5.5,5.5,5.5,5.5,5.5,5.0,5.5,4.5,5.5,5.5,6.0,5.5,5.0,5.5,5.5,6.5,2.5,6.0,6.5,4.0,5.0,5.5,5.5,5.5,5.3692193,DC,Ligue 2
Traoré Brahim,5.17,4.71,5.17,5.17,5.17,5.17,5.17,6.0,5.17,5.17,5.17,4.5,5.17,5.17,5.17,5.17,5.17,5.17,5.0,5.17,3.0,5.17,5.0,5.17,5.0,5.17,5.17,4.5,5.0,5.17,5.17,5.0,5.17,5.17,5.0,5.17,4.0,5.17,4.5,5.17,5.349966,DC,Ligue 2
Tchaptchet Allan,5.28,5.19,5.5,5.0,5.28,6.0,5.0,6.0,5.0,5.28,6.0,4.5,5.5,5.5,6.5,5.0,5.0,3.5,5.0,5.5,5.28,5.28,5.28,5.28,5.28,5.28,5.28,5.28,5.28,5.28,5.28,5.28,5.28,5.0,5.28,5.28,5.28,5.28,4.0,5.28,5.2703633,DC,Ligue 2
Passi Bryan,5.3,5.25,5.3,5.3,5.3,5.3,5.3,5.3,5.3,4.0,3.5,6.0,5.5,5.5,5.3,5.3,5.5,6.0,5.5,6.0,7.0,5.3,5.0,6.0,4.5,5.0,4.5,5.3,5.3,5.0,6.0,5.0,5.3,6.0,5.5,4.5,5.3,5.0,4.0,5.5,5.245201,DC,Ligue 2
Danger Bradley,5.26,5.1,5.5,3.5,5.5,6.0,5.0,4.5,6.0,5.0,7.0,5.0,6.0,4.0,5.5,5.0,5.5,5.0,6.5,4.5,3.5,4.5,6.0,4.5,5.26,4.5,4.5,4.0,5.26,5.0,4.5,4.5,3.5,4.5,5.5,6.0,7.0,5.5,6.0,5.0,5.200802,DC,Ligue 2
Chougrani Joris,5.0,4.95,6.0,3.0,5.0,5.0,5.5,5.0,5.5,5.5,6.0,4.5,5.0,5.0,4.5,5.0,5.5,4.0,5.0,5.0,3.0,5.0,5.0,5.0,5.0,5.0,5.0,5.0,5.0,5.5,3.0,6.5,5.0,5.0,5.0,3.5,5.5,5.5,6.5,5.0,5.1724133,DC,Ligue 2
Baldé Yasser,5.17,5.17,5.5,4.0,5.0,4.0,5.17,5.17,3.5,5.17,5.17,5.17,5.17,7.5,5.5,5.5,6.0,5.17,5.17,5.17,5.17,5.17,5.17,5.17,5.17,5.17,5.17,5.17,5.17,5.17,5.17,5.17,5.17,5.17,5.17,5.17,5.17,5.17,5.17,5.17,5.169609,DC,Ligue 2
Lloris Gautier,5.85,5.76,6.0,4.5,5.5,6.0,6.5,5.85,5.0,5.0,6.0,5.5,8.0,5.85,7.5,6.0,6.0,5.5,5.5,6.0,5.85,5.85,5.85,5.85,5.85,5.85,5.85,5.85,5.85,5.85,5.85,5.85,5.85,5.85,5.85,5.85,5.85,5.0,5.0,5.0,5.1637173,DC,Ligue 2
Pétrot Léo,5.09,4.94,5.09,5.09,5.09,5.09,5.09,5.09,4.5,5.5,4.0,4.5,5.09,5.09,5.5,5.5,3.5,7.0,5.5,5.0,5.09,4.5,5.09,5.09,5.5,4.5,5.5,3.0,7.0,6.0,3.0,5.5,4.5,7.0,2.5,4.0,5.09,5.0,5.09,5.5,5.152497,DC,Ligue 2
Teikeu Adolphe,5.05,5.08,6.0,5.5,5.0,5.0,5.0,5.05,5.0,6.0,5.0,3.5,5.5,4.0,5.05,5.05,5.05,5.05,5.05,5.05,5.05,5.0,5.05,5.05,5.05,5.05,6.0,5.0,5.05,5.05,5.05,5.05,5.05,5.0,5.05,5.5,4.0,5.5,5.0,5.05,5.14562,DC,Ligue 2
Sainati Joris,4.63,4.89,3.0,5.5,6.0,3.5,4.0,3.0,5.5,5.0,4.63,6.0,3.5,4.5,4.63,4.63,3.5,5.0,6.0,4.63,6.0,4.0,5.0,6.0,6.0,5.5,4.63,4.0,5.5,6.0,4.5,5.5,5.5,4.0,4.5,5.0,4.63,4.0,6.0,5.5,5.1302624,DC,Ligue 2
Eboa Eboa Félix,5.08,5.08,6.0,5.5,5.0,2.5,5.08,5.08,5.08,5.08,6.0,5.5,5.08,5.08,5.08,5.08,5.08,5.08,5.08,5.08,5.08,5.08,5.08,5.08,5.08,5.08,5.08,5.08,5.08,5.08,5.08,5.08,5.08,5.08,5.08,5.08,5.08,5.08,5.08,5.08,5.1073256,DC,Ligue 2
Agouzoul Saad,5.34,5.34,6.0,4.5,5.0,5.5,6.0,5.5,5.5,7.0,6.0,4.5,6.5,5.0,5.5,3.5,6.0,5.5,4.5,4.5,5.34,5.34,5.34,5.34,5.34,5.34,5.34,5.34,5.34,5.34,5.34,5.34,5.34,5.34,5.34,5.34,5.34,5.34,5.34,5.0,5.0749316,DC,Ligue 2
Aaneba Ismaël,5.18,5.16,5.18,5.18,4.5,6.5,5.5,5.0,5.5,6.0,5.5,4.0,4.5,6.0,4.0,5.0,6.0,6.0,4.0,5.0,5.5,6.0,6.0,5.0,5.0,5.18,5.18,6.0,3.5,3.5,5.5,5.18,6.0,5.18,5.18,5.0,5.5,5.0,4.5,5.0,5.0674567,DC,Ligue 2
Nestor Loïc,5.2,5.3,6.0,5.2,5.2,5.2,5.2,5.2,5.0,4.5,5.2,5.2,5.2,5.2,5.2,5.2,5.2,4.5,5.2,6.0,5.0,6.0,7.0,4.5,4.0,4.5,5.2,5.5,6.0,5.2,4.5,5.0,4.0,8.0,6.0,6.0,5.5,5.0,4.0,5.2,5.0602956,DC,Ligue 2
Poulain Benoît,5.0,5.0,4.5,5.0,6.0,4.5,5.0,5.0,5.0,5.0,5.0,5.0,5.0,6.0,4.5,6.0,5.0,5.0,5.5,3.0,5.0,5.0,5.0,5.0,5.0,5.0,5.0,5.0,5.0,5.0,5.0,5.0,5.0,5.0,5.0,5.0,5.0,5.0,5.0,5.0,5.0532265,DC,Ligue 2
Thomas Romain,5.36,5.13,6.0,6.0,5.5,7.0,6.5,5.5,3.0,6.5,4.5,5.36,6.0,3.5,5.5,6.0,5.5,5.0,5.5,4.0,5.36,5.36,5.36,4.0,4.5,3.5,5.36,5.36,6.0,6.0,5.36,5.0,5.5,4.0,4.5,4.0,5.36,4.5,6.0,5.0,5.050485,DC,Ligue 2
Dabila Kouadio-Yves,5.0,5.0,5.0,5.0,5.0,5.0,5.5,5.5,4.5,5.0,3.5,7.0,4.0,5.0,5.0,5.0,5.0,5.0,5.0,5.0,5.0,5.0,5.0,5.0,5.0,5.0,5.0,5.0,5.0,5.0,5.0,5.0,5.0,5.0,5.0,5.0,5.0,5.0,5.0,5.0,5.0113163,DC,Ligue 2
Ozornwafor Valentine,5.0,5.0,5.0,5.0,5.0,5.0,5.0,5.0,5.0,5.0,5.0,5.0,5.0,5.0,5.0,5.0,5.0,5.0,5.0,5.0,5.0,5.0,5.0,5.0,5.0,5.0,5.0,5.0,5.0,5.0,5.0,5.0,5.0,5.0,5.0,5.0,5.0,5.0,5.0,5.0,5.003771,DC,Ligue 2
Monzango Nathan,5.0,5.0,5.0,5.0,5.0,5.0,5.0,5.0,5.0,5.0,5.0,5.0,5.0,5.0,5.0,5.0,5.0,5.0,5.0,5.0,5.0,5.0,5.0,5.0,5.0,5.0,5.0,5.0,5.0,5.0,5.0,5.0,5.0,5.0,5.0,5.0,5.0,5.0,5.0,5.0,5.003771,DC,Ligue 2
Kongolo Terence,5.0,5.0,5.0,5.0,5.0,5.0,5.0,5.0,5.0,5.0,5.0,5.0,5.0,5.0,5.0,5.0,5.0,5.0,5.0,5.0,5.0,5.0,5.0,5.0,5.0,5.0,5.0,5.0,5.0,5.0,5.0,5.0,5.0,5.0,5.0,5.0,5.0,5.0,5.0,5.0,5.003771,DC,Ligue 2
Adéoti Jordan,4.77,4.77,5.5,4.77,5.0,3.5,4.77,5.0,4.0,5.0,5.0,4.77,4.77,6.5,5.0,5.0,4.0,3.5,4.5,5.0,4.77,4.77,4.77,4.77,4.77,4.77,4.77,4.77,4.77,4.77,4.77,4.77,4.77,4.77,4.77,4.77,4.77,4.77,4.77,5.0,4.9684186,DC,Ligue 2
Conté Ibrahima,4.88,4.94,6.0,3.0,4.5,5.5,4.88,5.5,6.0,5.0,4.5,4.5,5.0,3.5,6.0,4.5,4.88,4.88,4.88,4.88,4.88,4.88,4.5,6.0,3.0,4.88,6.0,4.5,4.88,5.5,4.88,4.88,6.0,6.0,6.0,4.88,3.0,4.5,5.0,4.88,4.9459114,DC,Ligue 2
Lebreton Noé,5.0,4.83,5.0,5.0,5.0,5.0,5.0,5.0,5.0,5.0,5.0,5.0,5.0,5.0,5.0,5.0,5.0,5.0,5.0,5.0,5.0,5.0,5.0,5.0,5.0,5.0,5.0,5.0,5.0,5.0,5.0,5.0,5.0,5.0,5.0,5.0,5.0,5.0,4.5,5.0,4.924642,DC,Ligue 2
Diaw Pape Djibril,4.88,4.88,4.88,4.5,4.88,7.0,6.0,4.5,4.88,5.0,5.0,4.0,3.0,4.88,4.88,4.88,4.88,4.88,4.88,4.88,4.88,4.88,4.88,4.88,4.88,4.88,4.88,4.88,4.88,4.88,4.88,4.88,4.88,4.88,4.88,4.88,4.88,4.88,4.88,4.88,4.911176,DC,Ligue 2
Giraudon Jimmy,4.77,4.68,4.0,5.5,5.0,4.5,5.5,6.5,5.0,6.0,4.0,4.77,4.0,4.77,5.5,3.5,3.0,4.77,4.77,4.77,4.77,3.5,4.77,4.77,4.77,4.77,4.77,4.77,4.77,4.77,4.77,4.77,4.77,4.77,4.77,4.77,4.77,4.77,4.77,4.77,4.883005,DC,Ligue 2
Traoré Ismaël,5.05,5.07,5.05,5.0,6.0,4.5,4.5,5.05,5.5,3.0,5.0,6.0,4.0,5.05,5.05,5.05,5.05,6.0,6.0,5.05,5.05,6.0,5.05,5.0,4.5,5.0,5.0,5.0,6.0,6.5,4.5,5.5,5.0,3.5,6.0,4.5,7.0,4.5,5.0,5.05,4.836106,DC,Ligue 2
Karamoko Setigui,4.79,4.79,5.0,4.5,4.79,5.0,4.0,5.0,4.79,4.79,5.0,4.79,4.79,4.79,4.79,4.79,4.79,5.0,4.79,4.79,4.79,4.79,4.79,4.79,4.79,4.79,4.79,4.79,4.79,4.79,4.79,4.79,4.79,4.79,4.79,4.79,4.79,4.79,4.79,4.79,4.807995,DC,Ligue 2
Rabuel Matteo,4.8,4.83,4.8,4.8,4.0,4.8,4.8,4.8,5.0,4.8,4.8,5.0,4.8,5.0,4.8,4.8,4.8,4.8,5.0,4.8,4.8,4.8,4.8,4.8,4.8,4.8,4.8,4.8,4.8,4.8,4.8,4.8,4.8,4.8,4.8,4.8,4.8,4.8,5.0,4.8,4.8011947,DC,Ligue 2
Congré Daniel,4.97,4.97,5.5,6.0,4.0,5.5,5.0,5.0,5.0,4.0,4.97,5.0,5.0,6.0,4.5,5.0,4.97,4.97,4.0,4.97,4.97,7.5,6.0,3.0,5.0,5.5,4.5,6.0,4.97,5.5,5.5,6.0,4.5,4.0,4.0,4.5,5.0,4.0,4.0,5.0,4.766378,DC,Ligue 2
Nadé Mickaël,4.55,4.53,4.0,5.0,5.5,2.5,4.5,5.0,4.55,4.55,4.55,4.55,4.55,3.5,4.55,6.5,4.0,4.0,5.5,4.55,4.55,5.0,6.5,5.5,5.0,5.0,3.5,6.5,5.0,4.5,4.0,2.0,4.5,4.5,3.0,4.0,4.55,3.5,4.0,4.55,4.760836,DC,Ligue 2
Coelho Grégory,4.75,4.88,5.0,4.5,5.0,4.75,5.0,3.5,4.75,4.75,4.75,4.75,4.75,5.0,5.0,5.0,4.75,4.75,4.75,4.75,4.75,4.75,5.5,4.75,4.75,4.75,4.75,4.75,4.75,4.75,4.75,4.75,4.75,4.75,4.75,5.0,5.5,4.5,5.0,4.75,4.7571406,DC,Ligue 2
Guidi Dominique,4.75,5.07,3.0,4.75,4.75,4.0,4.5,3.0,4.75,4.75,6.0,5.0,5.0,5.5,4.5,5.0,6.0,4.75,4.75,5.5,6.0,4.5,5.5,4.75,7.0,6.0,3.5,5.0,5.5,5.0,5.5,4.75,5.0,4.0,5.5,7.5,4.5,4.75,4.75,4.75,4.741098,DC,Ligue 2
Monfray Adrien,5.47,5.5,5.47,5.47,3.5,5.0,5.5,5.47,4.5,5.0,6.5,5.0,5.5,7.0,7.5,6.5,6.5,4.5,5.0,5.5,5.47,6.0,5.47,5.5,5.47,5.47,5.47,5.47,5.47,5.47,5.47,5.47,5.47,5.47,6.5,7.0,5.0,3.5,5.47,4.5,4.719042,DC,Ligue 2
Jonathan Buatu,5.13,5.13,5.13,5.13,5.13,5.13,5.13,5.13,5.13,5.5,5.5,5.5,5.0,5.0,5.0,4.5,5.0,6.0,5.0,5.0,5.13,5.13,5.13,5.13,5.13,5.13,5.13,5.13,5.13,5.13,5.13,5.13,5.13,5.13,5.13,5.13,5.13,5.13,5.13,4.5,4.693917,DC,Ligue 2
Gomis Donatien,4.71,4.71,6.0,6.0,5.0,1.5,5.0,4.71,4.71,4.71,4.71,4.71,4.71,4.71,4.71,4.71,4.71,6.0,3.5,4.71,4.71,4.71,4.71,4.71,4.71,4.71,4.71,4.71,4.71,4.71,4.71,4.71,4.71,4.71,4.71,4.71,4.71,4.71,4.71,4.71,4.689697,DC,Ligue 2
Bakayoko Abdoulaye,4.56,4.62,4.56,4.56,4.56,4.56,4.56,5.5,4.5,5.0,4.56,5.0,3.0,5.0,4.56,4.0,4.5,4.56,4.5,4.56,4.56,4.0,6.0,4.56,4.56,4.56,4.56,4.56,4.56,4.56,4.56,4.56,5.0,4.0,4.56,4.56,4.56,4.56,4.56,4.56,4.681532,DC,Ligue 2
Abdennour Aymen,5.0,5.0,5.0,5.0,5.0,5.0,5.0,5.0,5.0,5.0,5.0,5.0,5.5,5.0,5.0,5.0,5.0,5.0,5.0,5.0,5.0,5.0,5.0,5.0,5.0,5.0,5.0,5.0,5.0,5.0,5.0,5.0,5.0,5.0,5.0,5.0,5.0,5.0,5.0,4.5,4.620981,DC,Ligue 2
Gonçalvés Jonathan,4.63,4.63,4.63,4.63,4.63,4.63,4.63,4.63,4.5,4.5,4.63,4.63,4.63,4.63,4.63,4.63,4.63,5.0,4.63,4.63,4.63,4.63,4.63,4.63,4.63,4.63,4.63,4.63,4.63,4.63,4.63,4.63,4.63,4.63,4.63,4.63,4.63,4.63,4.63,4.5,4.5330834,DC,Ligue 2
Gueho Loup,5.63,4.75,5.63,5.63,5.63,5.63,5.63,5.63,5.63,5.63,5.63,5.63,5.63,5.63,5.63,5.63,5.63,6.0,5.5,6.5,5.63,5.63,5.63,5.63,5.63,5.63,5.63,5.63,5.63,5.63,5.63,5.63,5.63,5.63,5.63,5.63,5.0,5.0,5.5,4.5,4.3445277,DC,Ligue 2
Durand de Gevigney Mael,4.85,4.85,4.0,5.5,5.5,4.5,6.0,3.5,4.0,6.5,4.0,4.85,4.85,4.85,4.85,5.0,5.5,5.0,4.85,4.85,4.85,4.85,4.85,4.85,4.85,4.85,4.85,4.85,4.85,4.85,4.85,4.85,4.85,4.85,4.85,4.85,4.85,4.85,4.85,4.0,4.271254,DC,Ligue 2
Matufueni M'bondo Bradley,4.44,4.59,4.44,4.44,4.44,4.44,3.0,4.44,4.44,4.44,5.0,5.0,4.44,4.0,5.0,3.5,4.44,5.0,5.0,4.44,6.0,4.44,4.44,4.44,4.44,4.5,4.44,4.5,4.44,4.44,4.44,4.44,4.44,4.44,4.44,4.44,4.44,4.44,4.44,4.44,4.265887,DC,Ligue 2
Barry Abdourahmane,4.33,4.33,4.0,5.0,4.33,4.33,4.33,4.5,5.0,3.0,4.33,4.33,5.0,3.5,5.5,3.5,4.33,4.33,4.33,4.33,4.33,4.33,4.33,4.33,4.33,4.33,4.33,4.33,4.33,4.33,4.33,4.33,4.33,4.33,4.33,4.33,4.33,4.33,4.33,4.33,4.2498627,DC,Ligue 2
Koffi Erwin,5.21,5.32,3.0,6.0,5.0,4.0,4.0,5.5,5.0,5.0,6.5,5.0,4.5,7.5,6.5,6.0,5.0,4.5,4.5,7.0,8.0,6.0,4.5,5.0,7.5,8.0,5.0,6.0,4.5,5.21,5.5,5.21,4.5,3.5,3.5,5.0,6.0,5.0,5.0,4.5,4.2375793,DC,Ligue 2
Cissokho Till,5.0,5.0,5.5,4.0,4.5,6.0,5.0,3.0,5.0,5.0,3.0,5.0,5.0,5.5,5.0,4.5,7.0,6.0,6.0,6.0,5.0,5.0,5.0,5.0,5.0,5.0,5.0,5.0,5.0,5.0,5.0,4.5,6.0,4.0,5.0,5.5,5.0,4.5,5.5,4.0,4.214805,DC,Ligue 2
Batisse Antoine,4.13,4.76,2.5,5.5,5.0,3.5,4.13,4.13,4.13,4.13,4.13,4.13,4.13,4.13,4.13,4.13,4.13,4.13,4.13,4.13,5.5,5.5,4.0,4.5,5.5,6.0,4.0,4.5,5.0,4.13,6.0,5.5,5.0,3.5,4.0,4.5,4.13,4.5,6.0,4.13,4.1594,DC,Ligue 2
Guessoum Kelyan,4.83,4.92,4.5,5.5,5.5,4.5,6.0,4.0,4.0,6.0,5.0,4.83,4.0,4.83,5.0,5.0,5.0,4.83,4.83,4.5,5.5,6.0,6.0,4.83,4.0,5.0,4.5,4.83,5.5,4.0,5.0,4.83,5.0,4.5,5.5,5.0,5.5,4.83,4.0,4.0,4.0913324,DC,Ligue 2
Camara Hady,3.75,4.33,3.75,3.75,3.75,3.75,3.75,3.75,4.5,3.75,3.75,3.75,3.0,3.75,3.75,3.75,3.75,3.75,3.75,3.75,3.75,3.75,3.75,3.75,3.75,3.75,5.5,3.75,3.75,3.75,3.75,3.75,3.75,3.75,3.75,3.75,3.75,3.75,3.75,3.75,3.9744954,DC,Ligue 2
Boma Kévin,3.5,3.5,3.5,3.5,3.5,3.5,3.5,3.5,3.5,3.5,3.5,3.5,3.5,3.5,3.5,3.5,3.5,3.5,3.5,3.5,3.5,3.5,3.5,3.5,3.5,3.5,3.5,3.5,3.5,3.5,3.5,3.5,3.5,3.5,3.5,3.5,3.5,3.5,3.5,3.5,3.4646378,DC,Ligue 2
Cros Pierrick,3.5,3.5,3.5,3.5,3.5,3.5,3.5,3.5,3.5,3.5,3.5,3.5,3.5,3.5,3.5,3.5,3.5,2.0,3.5,5.0,3.5,3.5,3.5,3.5,3.5,3.5,3.5,3.5,3.5,3.5,3.5,3.5,3.5,3.5,3.5,3.5,3.5,3.5,3.5,3.5,3.4586651,DC,Ligue 2
Mouyokolo Loris,4.68,4.68,4.68,4.68,3.5,4.5,6.0,4.68,5.5,5.0,4.68,4.68,4.0,5.0,5.0,4.5,5.0,5.0,4.5,5.0,4.68,4.68,4.68,4.68,4.68,4.68,4.68,4.68,4.68,4.68,4.68,4.68,4.68,4.68,4.68,4.68,4.68,4.68,4.68,3.0,3.422141,DC,Ligue 2
Benchaa Reda,3.5,3.63,3.5,3.5,3.5,3.5,3.5,3.5,3.5,3.5,3.5,3.5,3.5,3.5,3.5,3.5,3.5,3.5,3.5,3.5,3.5,3.5,3.5,3.5,3.5,3.5,3.5,3.5,5.0,6.0,3.5,3.5,3.5,3.5,3.5,3.5,3.5,3.5,3.5,3.5,3.383546,DC,Ligue 2
Raux-Yao Serge-Philippe,4.75,4.71,5.0,4.0,4.5,5.5,6.0,3.0,4.75,4.5,5.0,4.75,4.75,4.75,4.75,5.5,6.0,4.5,5.5,4.5,4.75,4.75,4.75,5.0,4.75,5.0,4.0,3.5,5.5,5.5,4.75,5.5,4.0,4.5,5.0,3.0,5.0,5.0,5.0,3.0,3.3773568,DC,Ligue 2
Roux Baptiste,4.79,4.95,5.5,5.5,5.5,3.0,4.79,4.79,5.0,4.5,5.0,4.5,3.0,6.0,4.5,5.0,5.5,6.0,4.5,5.5,5.5,4.79,4.79,4.5,5.0,4.79,4.79,3.5,6.0,5.0,6.0,6.5,4.79,4.79,4.79,4.79,5.5,5.0,4.5,3.0,3.3136938,DC,Ligue 2
