Joueur,Note,Note 1 an,j1,j2,j3,j4,j5,j6,j7,j8,j9,j10,j11,j12,j13,j14,j15,j16,j17,j18,j19,j20,j21,j22,j23,j24,j25,j26,j27,j28,j29,j30,j31,j32,j33,j34,j35,j36,j37,j38
Mbappé Kylian,6.12,6.37,6.12,7.0,9.0,4.5,6.5,7.5,5.0,5.0,6.0,5.0,7.0,8.0,6.0,5.0,6.5,6.5,5.0,6.12,4.5,5.0,7.0,6.5,6.5,6.0,5.0,8.0,6.12,7.0,3.5,9.0,9.0,5.0,7.0,4.0,8.0,6.0,8.0,8.5
Neymar,6.38,6.31,9.0,7.5,9.0,6.5,6.5,6.0,6.5,6.0,5.0,4.5,6.5,6.38,7.5,7.5,5.5,6.0,6.38,4.5,4.5,6.38,6.38,6.38,6.38,6.38,4.5,5.5,4.5,6.0,4.0,8.0,9.0,7.0,6.38,6.0,6.5,6.5,6.38,7.0
Messi Lionel,7.03,6.68,9.0,7.0,8.0,5.0,8.0,8.0,7.5,8.0,7.0,7.03,5.5,8.0,7.0,7.03,5.5,7.03,7.03,7.0,5.0,7.03,7.03,5.5,8.0,6.0,6.0,7.5,4.0,6.0,7.03,6.5,8.0,4.5,7.03,7.0,5.5,5.0,8.0,8.0
David Jonathan,5.89,5.3,8.5,7.0,4.0,4.5,5.0,8.0,4.0,6.0,7.0,6.0,7.5,6.5,5.0,5.0,4.5,5.5,6.0,4.0,8.0,5.89,5.0,5.0,3.0,5.0,3.5,4.0,7.5,4.0,5.0,4.5,4.0,3.0,4.5,4.5,3.5,3.5,8.0,5.0
Bayo Mohamed,4.83,4.93,5.0,4.0,4.83,4.83,4.0,4.83,5.0,4.0,4.5,4.83,4.83,4.5,4.5,4.83,4.5,6.0,4.83,4.0,8.0,4.83,4.83,4.83,4.5,4.0,6.5,4.0,4.83,4.0,4.5,5.0,3.0,5.0,6.0,7.0,4.0,7.0,5.0,5.5
Virginius Alan,4.63,4.88,4.63,4.63,4.5,4.63,4.0,4.63,4.5,4.5,4.63,4.63,4.63,4.63,4.63,4.5,4.63,5.0,4.0,4.63,6.0,4.5,6.5,5.0,5.0,6.0,4.0,4.63,7.0,5.0,4.5,4.5,4.5,4.5,7.0,4.5,4.5,4.0,4.5,4.5
Zhegrova Edon,5.33,5.16,4.5,5.33,4.0,6.0,6.0,5.5,5.33,5.33,5.33,5.33,4.5,5.33,5.33,5.33,5.33,5.5,5.0,5.33,7.0,5.33,5.33,5.33,4.5,5.33,2.0,5.33,6.0,4.5,5.33,5.5,6.5,6.0,6.0,5.5,4.5,5.0,5.0,4.5
Weah Timothy,4.9,5.06,4.9,4.9,4.9,4.9,4.9,4.9,4.9,4.9,4.9,4.0,6.5,4.5,4.5,5.0,5.5,4.5,4.5,4.5,5.5,4.9,4.9,4.5,3.5,5.0,5.0,4.0,4.9,4.5,4.5,4.9,4.9,4.0,5.0,7.0,4.5,5.0,8.0,8.0
Moffi Terem,5.58,5.31,5.0,7.0,3.0,7.0,7.0,4.5,4.5,6.5,5.0,8.0,4.5,5.58,4.5,7.0,6.0,4.0,5.0,6.0,6.0,5.58,5.0,6.0,5.58,4.5,4.5,5.0,5.5,4.5,4.0,6.0,8.0,4.0,4.5,4.5,6.5,4.0,4.0,5.0
Ouattara Dango,6.31,5.68,5.5,8.0,6.5,7.0,6.0,6.5,8.0,7.0,5.0,6.31,6.0,5.0,6.0,6.5,6.0,5.5,6.0,8.0,5.0,6.31,6.31,6.31,6.31,4.5,4.5,6.0,3.5,4.5,4.5,3.5,6.0,4.5,6.0,4.5,6.31,5.0,4.5,6.0
Koné Ibrahima,4.61,4.71,4.5,4.5,5.5,4.5,4.5,4.5,6.0,4.5,4.0,4.0,4.5,4.5,4.5,4.5,4.61,4.0,5.5,4.5,4.5,4.61,4.61,4.61,4.61,4.0,4.5,6.5,5.0,6.5,4.5,3.0,8.0,4.0,6.0,2.5,5.0,4.0,4.0,5.0
Diarra Stéphane,5.31,5.26,5.0,5.5,5.0,5.0,4.5,5.5,6.0,6.0,5.5,5.5,5.0,7.0,5.0,5.0,5.31,5.0,5.31,4.5,5.31,5.31,5.31,4.5,5.31,5.31,5.31,5.31,5.31,5.5,5.31,5.31,5.31,5.31,5.31,5.31,5.0,5.31,5.31,5.31
Doucouré Siriné,4.75,4.75,4.75,4.75,4.75,4.75,4.75,4.5,4.75,4.75,4.75,4.5,4.75,5.5,4.75,4.75,4.75,4.75,4.5,4.75,4.75,4.75,4.75,4.75,4.75,4.75,4.75,4.75,4.75,4.75,4.75,4.75,4.75,4.75,4.75,4.75,4.75,4.75,4.75,4.75
Grbic Adrian,4.5,4.5,4.5,4.5,4.5,4.5,4.5,4.5,4.5,4.5,4.5,4.5,4.5,4.5,4.5,4.5,4.5,4.5,4.5,4.5,4.5,4.5,4.5,4.5,4.5,4.5,4.5,4.5,4.5,4.5,4.5,4.5,4.5,4.5,4.5,4.5,4.5,4.5,4.5,4.5
Lacazette Alexandre,5.76,5.33,6.0,7.0,7.0,4.5,5.5,6.5,5.0,5.0,4.0,6.0,7.0,8.0,6.5,4.0,6.0,7.5,4.0,5.0,5.0,6.5,4.5,4.0,4.5,5.5,4.0,5.5,4.5,6.5,6.0,4.5,3.0,4.0,5.76,5.76,5.76,4.5,4.5,4.0
Toko Ekambi Karl,5.29,5.58,5.0,4.5,6.0,4.0,7.5,7.5,6.0,5.0,5.0,6.0,4.5,5.0,4.0,4.0,5.0,7.0,4.5,5.0,5.0,5.29,5.29,5.29,5.29,7.0,6.0,5.5,6.5,4.5,5.5,5.29,7.0,7.5,5.29,8.0,7.0,5.0,4.5,5.0
Dembélé Moussa,4.61,5.24,4.61,5.0,4.61,6.0,4.5,6.0,4.0,4.0,4.61,4.0,3.5,5.0,5.0,3.5,5.0,4.5,4.5,4.61,4.61,4.0,5.5,5.5,4.0,6.0,4.61,3.5,7.5,6.0,4.0,7.0,4.0,8.0,5.5,7.0,7.0,7.0,6.0,7.0
Barcola Bradley,4.39,4.55,4.0,4.0,4.39,4.5,4.5,4.5,4.39,4.5,4.0,4.39,4.39,4.39,4.39,4.39,4.39,4.39,4.5,4.39,5.0,4.39,4.39,4.39,4.5,4.39,4.39,4.5,4.39,4.39,4.5,4.39,4.5,6.0,4.5,4.5,5.5,4.39,3.0,5.5
Ben Yedder Wissam,5.63,5.76,5.63,4.5,4.5,4.0,4.5,5.63,4.5,7.0,8.5,6.0,4.0,7.0,5.5,5.0,6.0,5.0,5.63,6.0,8.0,5.63,8.0,6.0,7.5,4.0,5.0,6.0,5.0,4.5,7.5,6.0,4.0,6.0,5.0,6.0,6.0,5.0,8.0,6.0
Embolo Breel,5.5,5.5,6.0,7.5,3.0,4.0,4.0,6.5,4.0,7.0,7.0,7.0,6.0,4.0,6.5,7.0,4.0,4.0,4.0,6.0,7.0,5.5,5.5,5.5,5.5,5.5,5.5,5.5,5.5,5.5,5.5,5.5,5.5,5.5,5.5,5.5,5.5,5.5,5.5,5.5
Volland Kevin,5.92,5.63,5.92,5.92,5.92,7.0,5.92,5.92,5.92,5.92,6.0,5.92,5.92,5.0,5.0,6.0,6.5,5.92,5.92,5.92,5.92,4.0,6.0,5.92,5.5,4.5,4.5,3.0,5.0,3.5,7.0,5.92,6.0,7.0,5.5,7.0,6.5,5.0,7.0,6.0
Boadu Myron,4.63,4.69,4.63,4.63,4.63,4.63,4.63,4.63,4.63,4.63,4.63,6.0,4.63,4.63,4.63,4.63,4.63,4.63,4.0,4.0,4.5,4.0,4.63,4.63,4.63,4.63,4.63,4.63,4.5,4.5,4.0,6.0,4.0,6.0,4.0,6.0,4.5,5.0,4.5,4.5
Balogun Folarin,5.42,5.42,6.0,6.5,7.0,4.0,7.0,6.0,4.5,4.0,6.0,5.0,3.0,7.0,4.5,6.0,4.5,8.0,5.42,5.0,3.5,5.42,5.42,5.42,5.42,5.42,5.42,5.42,5.42,5.42,5.42,5.42,5.42,5.42,5.42,5.42,5.42,5.42,5.42,5.42
Ito Junya,5.66,5.66,5.66,4.0,5.5,7.0,7.0,4.5,5.0,6.0,6.0,5.66,5.66,7.0,6.0,5.5,5.5,5.5,5.5,5.5,5.0,5.66,5.66,5.66,5.66,5.66,5.66,5.66,5.66,5.66,5.66,5.66,5.66,5.66,5.66,5.66,5.66,5.66,5.66,5.66
van Bergen Mitchell,4.97,4.83,5.0,3.5,4.97,4.5,4.97,4.5,5.0,4.97,5.0,5.0,4.5,6.0,5.0,6.0,6.0,4.5,5.5,4.0,5.5,4.97,4.97,4.97,6.0,4.5,4.5,5.0,4.97,3.5,4.97,4.5,5.0,4.0,4.97,4.5,4.97,4.97,5.0,4.5
Mbuku Nathanaël,4.58,4.74,4.58,4.58,4.58,4.58,4.58,4.58,4.5,5.0,4.58,4.5,4.5,4.5,4.5,4.58,4.58,4.58,4.58,4.58,4.58,4.58,4.5,5.0,6.0,5.0,5.5,6.5,4.5,4.5,4.58,5.0,4.0,4.58,4.5,3.0,5.0,5.0,4.58,4.58
Holm Noah,4.44,4.44,4.44,4.44,4.44,4.44,4.44,4.44,4.44,4.5,4.5,4.44,4.44,4.5,4.5,4.0,5.0,4.5,4.0,4.44,4.44,4.44,4.44,4.44,4.44,4.44,4.44,4.44,4.44,4.44,4.44,4.44,4.44,4.44,4.44,4.44,4.44,4.44,4.44,4.44
Sierhuis Kaj,4.0,4.0,4.0,4.0,4.0,4.0,4.0,4.0,4.0,4.0,4.0,4.0,4.0,4.0,4.0,4.0,4.0,4.0,4.0,4.0,4.0,4.0,4.0,4.0,4.0,4.0,4.0,4.0,4.0,4.0,4.0,4.0,4.0,4.0,4.0,4.0,4.0,4.0,4.0,4.0
Gouiri Amine,5.5,5.3,5.0,5.5,5.0,5.5,5.5,5.0,7.0,4.5,7.0,7.0,6.5,6.0,6.5,5.0,5.0,4.5,5.0,4.0,5.0,8.0,6.0,6.5,4.0,4.0,4.5,5.5,5.5,5.0,4.0,5.5,4.5,4.0,5.0,4.5,5.0,6.0,5.0,5.0
Kalimuendo Arnaud,5.29,5.23,5.29,4.5,5.0,5.29,5.29,5.29,5.29,4.5,7.5,5.0,5.0,4.5,7.0,4.0,6.0,4.5,5.5,6.0,5.0,5.0,4.0,5.29,5.29,6.0,6.0,4.5,4.0,4.0,4.0,4.0,8.0,6.0,5.0,5.0,5.5,5.0,7.0,4.5
Openda Loïs,5.37,5.37,5.5,4.5,7.0,7.0,6.0,6.5,4.5,4.0,5.5,4.5,4.0,4.5,8.0,4.5,4.5,4.0,7.5,6.0,4.0,5.37,5.37,5.37,5.37,5.37,5.37,5.37,5.37,5.37,5.37,5.37,5.37,5.37,5.37,5.37,5.37,5.37,5.37,5.37
Sotoca Florian,6.08,5.86,8.0,5.0,7.0,7.0,8.0,6.0,6.0,4.5,7.5,3.5,5.5,5.0,6.0,7.0,6.0,6.0,6.0,6.5,5.0,4.5,6.5,4.0,6.08,5.0,6.0,6.0,5.0,5.0,7.0,6.08,6.0,5.5,5.5,6.0,5.0,6.5,6.5,5.5
Saïd Wesley,5.0,4.88,4.0,4.5,6.5,4.5,6.5,5.0,5.0,5.0,4.5,4.5,6.0,4.5,5.0,5.5,6.0,4.5,4.5,5.0,4.0,6.5,5.0,4.5,5.0,5.0,5.0,5.0,5.0,5.0,4.5,4.0,5.0,4.5,4.0,4.5,6.0,4.5,5.0,4.0
Buksa Adam,4.0,4.0,4.0,4.0,4.0,4.0,4.0,4.0,4.0,4.0,4.0,4.0,4.0,4.0,4.0,4.0,4.0,4.0,4.0,4.0,4.0,4.0,4.0,4.0,4.0,4.0,4.0,4.0,4.0,4.0,4.0,4.0,4.0,4.0,4.0,4.0,4.0,4.0,4.0,4.0
Ripart Renaud,5.12,5.16,5.0,4.5,5.0,7.0,5.0,4.5,4.5,7.0,5.0,4.5,5.5,5.12,5.5,5.0,4.0,4.5,6.5,4.0,5.12,5.12,5.0,5.12,5.12,5.12,5.12,5.12,5.12,5.0,5.12,6.0,4.5,5.5,5.0,5.0,5.5,5.5,4.0,6.5
Ugbo Iké,4.57,4.68,4.57,4.5,3.5,4.5,4.5,6.5,4.5,4.5,4.0,5.5,4.57,4.5,5.0,4.5,4.0,4.57,4.0,4.57,4.57,4.57,4.57,4.57,4.57,3.0,6.0,4.0,4.0,6.5,4.5,4.57,6.0,4.0,4.0,4.5,6.0,6.0,4.0,4.5
Dong Kyliane,4.83,4.83,4.5,5.0,5.0,4.83,4.83,4.83,4.83,4.83,4.83,4.83,4.83,4.83,4.83,4.83,4.83,4.83,4.83,4.83,4.83,4.83,4.83,4.83,4.83,4.83,4.83,4.83,4.83,4.83,4.83,4.83,4.83,4.83,4.83,4.83,4.83,4.83,4.83,4.83
Diallo Habib,5.16,4.97,6.0,5.0,4.5,4.0,6.0,5.0,4.5,6.0,6.5,6.0,3.0,4.0,4.0,5.0,6.0,4.0,7.0,4.5,7.0,5.16,5.16,5.16,5.16,4.5,6.0,5.0,4.0,4.5,4.0,4.5,5.16,5.0,6.0,4.0,4.5,5.0,4.5,4.5
Gameiro Kevin,5.26,5.3,4.5,6.5,5.0,4.0,4.5,4.5,5.0,4.5,6.0,6.5,4.0,5.5,7.0,6.5,6.0,4.5,4.5,6.0,5.0,4.0,7.0,7.5,5.26,6.0,5.0,5.0,4.5,5.5,4.5,5.0,5.5,6.0,6.0,4.0,6.5,6.0,4.5,3.0
Mothiba Lebo,4.67,4.65,4.67,4.67,4.5,4.67,4.67,4.67,4.5,4.5,4.67,4.67,4.67,6.0,6.0,4.5,4.0,4.67,4.67,4.0,4.0,4.67,4.67,4.67,4.5,3.5,4.5,5.0,6.0,5.0,6.0,4.5,4.5,4.67,5.0,3.5,4.0,4.67,4.5,4.67
Ajorque Ludovic,4.65,4.81,4.5,4.0,5.0,4.5,4.0,6.0,4.5,4.65,4.65,4.65,4.65,4.65,4.5,4.0,4.5,5.0,4.0,6.0,4.65,7.0,4.65,3.5,4.5,4.5,5.0,5.0,5.0,4.5,4.0,6.0,6.0,4.5,7.5,5.0,4.0,4.5,4.5,3.5
Wahi Elye,4.94,5.0,5.0,4.0,4.5,8.0,7.0,6.0,4.5,5.0,6.0,4.0,3.5,6.0,4.94,4.0,5.0,7.0,4.0,2.5,3.0,4.94,2.0,6.5,5.5,4.0,4.5,6.0,4.0,5.5,6.5,6.0,4.5,5.0,4.0,6.0,6.0,4.94,4.94,4.94
Germain Valère,4.71,4.63,4.71,4.5,5.0,7.5,5.5,3.5,4.71,6.0,4.5,4.5,4.5,4.5,4.0,4.5,4.5,4.5,4.5,4.0,4.0,4.71,4.5,5.0,4.0,4.5,4.5,4.0,4.5,5.0,5.5,3.5,4.5,4.5,4.0,4.0,4.5,4.5,4.5,5.0
Mavididi Stephy,4.94,4.95,4.5,4.94,4.94,4.94,4.94,4.94,4.94,4.94,5.0,4.5,4.5,5.0,4.94,4.94,5.0,7.0,5.0,4.0,4.94,4.94,5.0,8.0,4.94,4.94,4.94,4.94,4.94,4.94,4.5,4.5,4.5,5.0,4.0,5.0,3.5,3.5,4.0,4.94
Makouana Béni,4.5,4.42,4.5,4.5,4.0,4.5,4.5,4.5,4.5,4.5,4.5,4.5,4.5,4.5,4.5,4.5,4.5,4.0,5.5,4.5,4.5,4.5,4.5,4.5,4.5,4.5,4.5,4.5,4.0,4.0,4.5,4.5,4.5,4.5,4.5,4.5,4.5,4.5,4.5,4.0
Delort Andy,5.04,5.15,4.0,6.0,5.0,3.5,6.0,4.0,6.0,4.0,4.5,6.0,6.0,5.04,5.04,4.5,5.04,4.0,5.04,7.0,5.04,6.0,5.0,5.04,3.5,4.0,4.5,5.0,6.5,5.0,3.5,6.0,4.0,7.5,4.5,4.0,6.5,8.0,4.0,8.0
Laborde Gaëtan,5.42,5.32,4.5,6.5,5.0,6.5,5.42,5.0,6.0,4.5,6.0,4.5,4.5,5.0,7.0,7.0,5.0,5.5,4.0,7.0,4.0,4.0,8.0,4.0,6.5,4.5,6.0,6.0,7.5,6.5,4.5,5.0,6.0,4.0,3.5,6.0,4.5,3.5,5.0,4.0
Ilie Rares,4.88,4.88,5.0,5.5,4.88,4.0,4.88,4.88,5.0,4.88,4.88,4.88,4.88,4.88,4.88,4.88,4.88,4.88,4.88,4.88,4.88,4.88,4.88,4.88,4.88,4.88,4.88,4.88,4.88,4.88,4.88,4.88,4.88,4.88,4.88,4.88,4.88,4.88,4.88,4.88
Brahimi Billal,4.71,4.73,6.0,4.5,4.0,4.5,4.5,4.71,4.71,4.5,4.71,4.71,4.71,4.5,5.5,4.5,4.5,4.71,4.5,4.71,5.0,4.71,5.0,4.71,4.5,4.5,4.71,4.71,4.71,4.5,4.71,4.71,5.0,4.5,5.5,5.0,4.5,5.0,4.0,5.0
Sánchez Alexis,5.41,5.16,5.41,4.5,5.0,8.0,4.0,6.5,6.0,4.5,5.41,4.0,4.5,5.0,5.41,5.0,7.0,5.0,6.0,5.0,6.5,5.0,5.0,4.0,5.0,4.5,4.5,4.5,4.5,5.41,6.0,4.5,5.41,5.41,6.5,4.5,5.0,6.0,4.0,5.41
Dieng Bamba,4.85,4.8,4.85,4.85,4.85,4.85,4.85,4.85,4.85,4.85,4.5,4.0,4.5,4.5,6.5,4.85,4.5,6.0,4.5,5.0,4.5,4.85,4.85,4.85,4.85,4.0,4.5,3.5,4.5,4.85,4.85,6.5,7.0,4.5,4.85,5.0,4.5,7.0,4.0,4.85
Ben Seghir Salim,4.0,4.25,4.0,4.0,4.0,4.0,4.0,4.0,4.0,4.0,4.0,4.0,4.0,4.0,4.0,4.0,4.0,4.0,4.0,4.0,4.0,4.0,4.0,4.0,4.0,4.0,4.0,4.0,4.0,4.0,4.0,4.0,4.5,4.0,4.0,4.0,4.0,4.0,4.0,4.0
Belaïli Youcef,5.63,5.46,4.0,5.5,7.0,3.5,5.0,5.0,5.63,5.63,5.63,5.63,6.0,5.0,5.5,8.0,8.0,7.0,4.0,5.0,6.0,5.63,5.63,5.63,5.0,7.0,3.5,4.5,5.63,3.5,4.5,5.63,5.0,4.5,5.63,7.0,7.0,5.0,6.0,6.0
El Idrissy Mounaïm,4.74,4.76,6.0,5.0,6.0,4.0,4.74,4.0,4.5,5.0,4.5,4.0,7.0,3.0,4.0,7.0,4.0,4.5,4.0,4.0,4.74,4.0,4.5,4.0,4.5,4.5,6.5,5.0,4.5,5.0,4.0,4.5,6.5,5.0,4.5,4.74,4.74,4.74,4.5,5.0
Moussiti-Oko Bevic,4.66,4.55,4.5,5.0,4.66,4.5,4.0,4.0,4.5,4.66,4.0,7.0,6.0,4.5,4.0,4.66,4.0,4.0,4.5,5.0,5.0,4.66,4.66,4.66,4.66,4.66,4.66,4.66,4.66,4.66,4.66,4.66,4.66,4.0,4.66,4.5,4.0,4.5,4.0,4.5
Touzghar Yoann,4.31,4.55,4.31,4.31,4.31,4.31,4.5,4.5,4.5,4.0,4.0,4.31,4.31,4.31,4.31,4.5,4.31,4.5,4.0,4.31,4.31,4.31,4.31,4.31,4.0,5.0,4.5,6.0,4.31,4.31,4.5,4.5,4.5,4.5,4.5,4.0,4.5,4.31,4.0,6.5
Mostafa Mohamed,5.34,5.34,4.5,5.0,6.0,7.0,6.5,5.0,4.5,5.0,5.0,4.5,7.0,5.0,6.0,4.5,6.0,5.0,5.0,4.0,6.0,5.34,5.34,5.34,5.34,5.34,5.34,5.34,5.34,5.34,5.34,5.34,5.34,5.34,5.34,5.34,5.34,5.34,5.34,5.34
Ganago Ignatius,4.97,4.88,4.0,4.5,4.5,4.5,4.97,4.5,7.0,4.0,3.0,4.5,8.0,6.0,6.0,4.0,4.5,4.0,7.0,4.5,4.97,4.97,4.97,4.97,4.97,4.5,4.5,4.0,5.0,4.0,5.0,4.0,5.0,4.5,6.0,4.5,4.5,6.0,4.5,6.0
Guessand Evann,4.89,4.81,4.5,4.0,4.5,7.5,6.0,5.0,4.5,4.0,3.5,4.5,5.0,4.89,4.5,4.5,5.5,4.5,6.0,6.0,4.0,4.89,4.5,5.5,5.0,4.0,4.89,4.5,4.89,4.5,4.5,4.5,4.5,4.89,4.89,6.0,4.89,4.5,4.5,4.5
Rafael Ratão,5.4,5.48,5.5,7.0,7.0,5.0,4.5,5.0,5.4,5.4,5.4,6.5,5.5,5.0,5.4,4.5,4.5,3.0,8.0,6.0,4.0,6.0,3.5,5.0,7.0,7.0,5.5,5.4,6.0,6.5,5.4,4.0,4.0,7.5,6.0,5.0,6.0,4.0,6.0,5.4
Dallinga Thijs,4.92,4.92,6.5,6.0,7.0,4.0,4.0,4.0,4.5,6.0,5.0,4.0,4.5,4.92,3.0,4.5,6.0,4.5,4.0,6.0,5.0,4.92,4.92,4.92,4.92,4.92,4.92,4.92,4.92,4.92,4.92,4.92,4.92,4.92,4.92,4.92,4.92,4.92,4.92,4.92
Healey Rhys,5.17,5.44,4.0,6.5,5.0,5.17,5.17,5.17,5.17,5.17,5.17,5.17,5.17,5.17,5.17,5.17,5.17,5.17,5.17,5.17,5.17,5.0,4.5,4.0,5.17,5.17,5.5,5.17,5.5,3.5,8.0,4.5,6.0,9.0,7.0,4.5,4.5,5.17,5.17,5.17
Birmancevic Veljko,4.92,4.92,4.92,4.92,4.92,4.92,4.92,4.5,5.0,5.0,4.92,4.92,5.0,5.0,4.5,4.0,5.0,6.0,5.0,5.0,5.0,4.92,4.92,4.92,4.92,4.92,4.92,4.92,4.92,4.92,4.92,4.92,4.92,4.92,4.92,4.92,4.92,4.92,4.92,4.92
Onaiwu Ado,4.56,4.81,4.56,5.0,4.0,4.0,5.0,4.5,4.0,4.5,4.5,4.56,4.56,4.5,4.5,5.0,4.5,4.5,5.0,5.0,4.5,5.5,3.5,4.5,7.0,4.5,5.0,4.56,4.5,4.5,6.0,4.5,4.0,6.0,5.0,4.5,6.5,4.5,7.0,3.5
Begraoui Yanis,4.5,4.57,4.5,4.5,4.5,5.0,4.5,4.5,4.5,4.5,4.5,4.5,4.5,4.5,4.5,4.5,4.5,4.0,4.5,4.5,4.5,4.0,4.5,4.5,4.5,4.5,4.5,4.5,4.5,4.5,6.0,4.5,4.5,4.5,5.5,4.5,4.5,4.0,4.5,4.0
Hunou Adrien,5.06,5.06,6.0,5.0,4.5,5.06,6.0,4.0,7.0,5.0,4.0,6.5,4.5,6.5,4.0,3.5,5.5,5.5,4.0,5.0,4.5,5.06,5.06,5.06,5.06,5.06,5.06,5.06,5.06,5.06,5.06,5.06,5.06,5.06,5.06,5.06,5.06,5.06,5.06,5.06
Salama Amine,4.74,4.48,5.0,6.5,6.0,4.0,4.0,4.5,4.74,4.74,4.5,4.5,6.5,6.0,4.0,4.0,4.0,4.0,4.5,4.5,4.0,4.74,4.74,4.74,4.74,4.74,4.74,4.74,4.74,4.74,4.74,4.74,6.0,4.0,3.0,4.74,5.5,5.0,3.5,4.74
Diony Lois,4.44,4.44,4.5,6.0,4.0,5.5,4.0,3.0,4.5,4.0,4.44,4.44,4.44,4.44,4.44,4.44,4.44,4.44,4.44,4.44,4.44,4.44,4.44,4.44,4.44,4.44,4.44,4.44,4.44,4.44,4.44,4.44,4.44,4.44,4.44,4.44,4.44,4.44,4.44,4.44
Sima Abdallah,4.41,4.41,4.41,4.41,4.41,4.5,4.5,4.5,4.5,5.0,3.5,4.0,5.0,4.5,4.0,4.5,4.0,5.5,5.0,3.5,4.0,4.41,4.41,4.41,4.41,4.41,4.41,4.41,4.41,4.41,4.41,4.41,4.41,4.41,4.41,4.41,4.41,4.41,4.41,4.41
Thioub Sada,4.91,4.83,5.5,6.5,4.5,4.0,4.0,4.5,5.0,4.5,5.0,5.0,5.0,5.0,4.91,5.0,5.0,5.0,4.91,5.0,4.91,4.91,5.0,5.0,5.0,6.0,4.0,5.0,6.0,5.0,4.5,4.0,3.0,5.0,4.0,4.91,5.0,5.0,4.91,4.5
Jakolis Marin,4.5,4.45,4.5,4.5,4.5,4.5,4.5,4.5,4.5,4.5,4.5,4.5,4.5,4.5,4.5,4.5,4.5,4.5,4.5,4.5,4.5,4.5,4.5,4.5,4.5,4.5,4.5,4.5,3.5,5.0,4.5,4.5,4.5,4.5,5.0,4.5,4.0,5.0,4.0,4.5
Del Castillo Romain,5.55,5.46,6.0,5.55,5.55,5.55,5.55,5.55,5.55,5.0,4.5,7.0,4.5,8.0,5.0,4.0,6.5,6.0,4.5,5.55,5.55,5.55,5.55,5.55,4.0,6.5,6.0,5.5,5.5,6.0,4.0,7.5,5.5,4.5,5.55,5.55,3.5,5.55,5.55,6.0
Mounié Steve,5.17,4.92,5.17,5.17,5.17,5.17,5.17,5.17,5.17,4.5,5.17,5.17,5.17,5.17,5.17,5.17,6.0,6.0,4.0,4.0,6.5,3.0,4.5,6.0,3.5,6.5,4.5,4.0,5.0,4.5,4.0,4.5,4.0,5.0,6.0,4.0,8.0,4.5,4.5,6.0
Le Douaron Jérémy,4.71,4.56,4.5,4.0,7.5,4.0,4.71,4.71,4.71,4.71,5.0,4.0,4.5,6.5,4.5,3.5,4.0,4.71,4.0,4.5,5.5,4.5,4.5,5.0,3.5,4.5,4.5,4.5,5.0,3.0,5.0,4.71,4.0,4.71,4.71,4.71,4.71,4.71,4.5,4.5
Slimani Islam,4.2,4.25,4.2,4.2,4.2,4.0,4.0,5.5,3.0,3.5,6.0,3.5,3.0,4.5,4.5,4.2,5.0,4.5,4.0,4.0,4.0,4.2,4.2,4.2,4.2,4.2,4.2,4.2,4.2,4.2,4.2,4.2,4.2,4.2,4.2,4.2,4.2,4.2,4.2,4.2
Arconte Taïryk,5.0,4.82,5.0,5.0,5.0,5.0,5.0,5.0,5.0,5.0,5.0,5.0,5.0,5.0,5.0,5.0,5.0,5.0,5.0,5.0,5.0,5.0,5.0,4.5,4.5,4.5,4.5,4.5,4.0,5.0,5.0,5.0,5.0,5.0,6.0,5.0,4.5,5.0,6.0,5.0
Cardona Irvin,4.35,4.48,4.0,5.0,4.5,4.35,4.35,4.0,4.5,4.5,4.0,4.35,4.5,4.5,4.35,4.0,4.35,4.35,4.35,4.35,4.35,4.5,4.0,4.0,4.0,4.35,4.5,4.35,4.35,6.0,3.5,4.35,4.35,4.5,6.0,6.0,5.0,4.0,4.0,4.0
Andric Komnen,4.89,4.89,3.5,7.0,6.0,6.0,4.0,4.0,4.0,4.0,5.0,4.5,6.5,4.5,4.5,6.5,3.5,4.5,5.0,5.5,4.5,4.89,4.89,4.89,4.89,4.89,4.89,4.89,4.89,4.89,4.89,4.89,4.89,4.89,4.89,4.89,4.89,4.89,4.89,4.89
Kyei Grejohn,4.67,4.5,4.67,4.0,4.5,4.0,4.0,5.0,4.5,4.5,6.0,7.0,4.0,4.0,4.0,2.5,4.0,4.0,5.0,6.0,7.0,4.67,4.67,4.67,4.5,4.0,4.5,4.67,3.5,4.0,4.5,4.0,4.5,5.5,4.5,3.5,4.5,4.0,4.5,4.67
Allevinah Jim,4.94,4.92,4.5,5.5,5.5,5.5,5.0,5.5,5.0,4.94,4.94,4.0,4.5,6.0,4.0,5.0,4.5,5.0,5.0,4.5,5.0,4.94,4.94,4.94,6.0,4.5,6.0,4.5,4.94,4.5,4.94,3.5,5.0,4.5,5.0,6.0,5.0,5.0,4.5,4.5
Niang M'Baye,3.96,4.26,3.96,3.96,2.0,3.96,3.96,4.5,2.5,4.5,5.5,3.5,4.5,6.0,2.5,3.96,4.5,5.0,4.0,2.5,4.0,4.5,4.5,3.96,4.0,5.0,3.96,4.0,4.0,5.0,4.5,3.96,7.0,4.0,4.5,6.0,4.0,2.5,3.96,3.96
Nuno da Costa,5.09,5.21,5.09,5.5,6.0,5.09,4.0,5.0,5.09,5.5,6.0,4.5,6.0,5.0,5.0,4.5,5.0,6.0,4.0,4.5,5.0,4.0,6.0,5.09,5.09,7.0,4.0,7.5,4.0,8.0,6.5,7.0,3.5,6.0,4.0,3.5,4.5,4.5,6.0,4.5
Abline Matthis,4.69,4.76,4.69,4.69,4.5,5.0,4.5,4.0,6.0,4.69,5.0,4.5,4.5,6.0,4.5,4.69,4.69,4.5,4.69,3.5,4.5,4.69,4.69,4.69,4.0,6.0,2.5,5.0,7.0,4.0,4.5,6.0,6.5,4.5,6.5,6.0,3.5,6.0,4.69,5.0
Sinayoko Lassine,5.0,5.14,5.0,3.5,5.0,5.5,5.0,4.5,4.0,4.0,6.0,4.5,6.0,5.0,6.0,6.5,5.5,6.0,5.0,3.5,4.5,5.0,5.0,5.0,6.5,4.5,4.5,5.0,5.0,4.5,5.5,4.0,5.0,5.0,7.0,4.5,6.5,4.5,6.5,6.0
Dugimont Rémy,4.6,4.8,4.6,4.6,5.0,5.0,4.5,4.6,4.5,4.5,4.5,4.5,4.5,4.5,4.6,4.5,4.6,4.6,4.6,4.6,4.6,6.0,4.5,4.5,4.6,5.0,4.6,6.0,4.5,4.6,5.0,6.0,4.0,4.5,5.0,4.5,4.6,5.0,4.6,4.6
Maja Josh,5.61,5.5,4.5,5.0,6.0,5.0,4.0,7.0,8.0,5.0,6.0,7.0,6.5,4.0,4.5,4.0,5.0,4.0,7.5,7.5,6.0,5.61,4.5,4.5,5.61,5.61,5.61,5.61,5.61,5.61,5.61,5.61,5.61,5.61,5.61,5.61,5.61,5.61,5.61,5.61
Bakwa Dilane,5.56,5.3,5.5,7.5,6.0,4.5,4.5,7.0,7.0,4.0,5.0,5.56,5.5,5.0,6.5,5.0,5.5,5.5,6.0,5.0,5.0,4.5,5.56,4.0,5.56,5.56,5.56,5.56,5.56,5.56,5.56,5.56,5.56,5.56,5.56,5.56,5.56,4.5,4.5,4.5
Badji Aliou,4.81,5.25,4.81,4.81,4.81,6.0,6.0,4.0,4.81,4.5,5.0,5.0,6.0,4.0,4.5,4.81,4.81,4.0,4.5,4.5,4.5,5.0,6.0,7.0,7.0,8.0,5.0,6.5,4.81,5.5,4.0,6.0,4.81,4.5,4.81,3.5,4.81,6.0,6.0,4.5
Mikautadze Georges,5.78,5.78,8.0,5.0,8.0,7.0,4.5,8.5,5.0,5.78,4.5,4.0,4.5,6.0,4.0,5.0,8.0,4.5,5.0,6.0,6.5,5.78,5.78,5.78,5.78,5.78,5.78,5.78,5.78,5.78,5.78,5.78,5.78,5.78,5.78,5.78,5.78,5.78,5.78,5.78
Niane Ibrahima,4.88,4.59,7.0,4.5,5.0,6.0,2.5,5.5,4.5,5.5,4.88,4.88,4.88,5.0,4.5,4.0,4.5,5.0,4.88,4.88,4.88,3.5,7.0,4.0,4.0,4.0,4.88,4.88,4.88,4.5,3.5,4.88,4.88,2.5,4.88,4.5,4.88,4.88,4.88,4.88
Joseph Lenny,4.54,4.47,4.54,4.54,4.5,4.54,4.5,4.0,4.5,4.0,4.0,4.0,4.5,4.54,4.5,4.54,4.54,4.5,4.0,8.0,4.0,4.54,4.54,4.5,4.54,4.54,4.54,4.54,4.0,4.54,4.54,4.54,4.54,4.54,4.0,4.5,4.54,4.54,4.54,4.5
Sabaly Cheick,5.89,5.1,5.89,5.89,5.89,5.89,5.89,5.89,5.89,5.89,5.89,5.89,5.0,5.0,5.5,5.5,7.0,5.0,5.5,8.0,6.5,5.89,4.5,5.89,5.0,4.0,4.0,4.0,4.0,5.0,4.0,3.5,4.5,4.5,4.5,5.0,6.5,4.5,5.0,7.0
Dia N'Diaye Amadou,4.75,4.75,4.75,4.75,4.75,4.75,4.75,4.75,4.75,4.75,4.0,6.5,4.5,4.0,4.75,4.75,4.75,4.75,4.75,4.75,4.75,4.75,4.75,4.75,4.75,4.75,4.75,4.75,4.75,4.75,4.75,4.75,4.75,4.75,4.75,4.75,4.75,4.75,4.75,4.75
Merdji Yanis,4.5,4.75,7.0,4.5,4.0,4.5,3.5,4.5,4.5,4.0,3.5,5.0,4.0,4.5,4.0,4.5,4.0,5.0,6.0,4.5,4.0,5.5,4.5,4.5,5.0,5.0,5.5,5.0,5.5,4.5,6.0,4.0,6.0,4.5,4.5,4.5,4.5,4.5,4.5,4.5
Rocheteau Kévin,4.45,4.53,4.45,4.5,4.45,5.0,3.5,5.0,4.0,4.45,4.45,4.45,4.5,4.45,5.0,4.0,4.5,4.45,4.45,4.5,4.5,4.45,4.45,4.5,4.45,4.45,4.45,4.45,4.45,5.5,4.5,4.5,4.45,4.5,4.0,4.5,5.0,4.45,4.45,4.45
Bakayoko Ryan,4.19,4.19,4.0,4.19,4.5,4.19,4.5,4.0,3.5,4.5,4.19,4.19,4.5,4.19,4.19,4.19,4.19,4.19,4.0,4.19,4.19,4.19,4.19,4.19,4.19,4.19,4.19,4.19,4.19,4.19,4.19,4.19,4.19,4.19,4.19,4.19,4.19,4.19,4.19,4.19
Bentil Godwin Kobby,4.0,4.33,4.5,4.0,3.5,4.0,4.0,4.0,4.0,4.0,4.0,4.0,4.0,4.0,4.0,4.0,4.0,4.0,4.0,4.0,4.0,4.0,4.0,4.0,4.0,4.0,4.0,4.0,4.0,4.0,4.0,4.0,4.0,4.0,4.0,4.0,4.0,4.0,4.0,6.0
Krasso Jean-Philippe,5.38,5.22,4.5,5.0,6.0,4.0,6.0,9.5,6.0,6.0,4.0,6.0,5.0,5.38,5.38,5.0,3.5,5.38,4.5,6.0,5.0,5.38,5.38,4.5,5.0,6.0,4.5,6.0,6.0,3.5,4.0,3.5,7.0,7.0,5.38,5.0,3.5,6.0,4.5,5.0
Wadji Ibrahima,4.92,4.92,4.92,4.92,4.92,4.92,4.92,4.92,6.0,6.5,4.0,4.0,6.0,4.0,5.5,6.0,4.5,4.0,4.5,4.5,4.5,4.92,4.92,4.92,4.92,4.92,4.92,4.92,4.92,4.92,4.92,4.92,4.92,4.92,4.92,4.92,4.92,4.92,4.92,4.92
Charbonnier Gaëtan,5.13,5.18,5.13,5.13,5.13,5.13,5.13,5.13,5.13,5.13,5.13,5.13,5.13,5.13,5.13,5.13,5.13,4.5,6.0,4.0,6.0,6.5,3.5,6.0,4.5,5.0,4.0,6.0,5.13,6.0,4.5,2.5,5.13,5.13,5.13,6.0,6.5,6.0,7.5,7.5
Pintor Lenny,4.82,4.82,4.82,4.82,4.5,4.0,5.0,4.0,5.5,5.0,4.5,4.82,4.0,4.5,7.0,4.82,5.0,4.5,5.0,5.0,4.82,4.82,4.82,4.82,4.82,4.82,4.82,4.82,4.82,4.82,4.82,4.82,4.82,4.82,4.82,4.82,4.82,4.82,4.82,4.82
Bile Darnell,4.25,4.25,4.25,4.25,4.25,4.25,4.5,4.0,4.25,4.25,4.25,4.25,4.25,4.25,4.25,4.25,4.25,4.25,4.25,4.25,4.25,4.25,4.25,4.25,4.25,4.25,4.25,4.25,4.25,4.25,4.25,4.25,4.25,4.25,4.25,4.25,4.25,4.25,4.25,4.25
Alexandre Mendy Alexandre,5.24,5.26,5.5,4.0,6.0,6.5,5.0,4.5,4.0,7.0,4.0,3.5,5.5,3.5,7.0,6.5,4.0,5.0,5.0,7.0,6.0,4.5,5.24,6.0,6.0,8.0,4.0,5.24,5.24,6.0,5.0,5.5,7.0,7.0,4.5,2.5,4.0,5.0,4.5,5.24
Essende Samuel,4.72,4.76,5.0,5.5,6.0,7.0,4.5,2.0,4.72,7.0,3.5,3.0,4.0,3.5,7.0,4.72,5.0,3.0,5.0,4.5,4.72,5.0,5.0,4.0,6.0,4.5,5.0,3.0,7.0,4.0,4.72,3.5,4.0,2.5,4.72,3.0,5.0,5.5,7.5,7.0
Jeannot Benjamin,4.5,4.74,4.5,4.5,4.5,5.5,4.5,4.0,4.5,4.5,4.5,4.0,4.5,5.0,4.5,5.0,4.5,3.0,4.5,4.5,5.0,4.5,4.5,4.5,6.0,4.5,4.5,4.5,4.5,6.0,4.0,6.0,4.5,6.0,4.5,5.0,4.5,4.5,6.0,3.5
Zady Sery Caleb,4.77,5.08,6.0,4.5,4.5,5.0,5.0,4.0,4.5,5.0,5.0,4.5,4.77,4.77,4.77,4.77,4.77,4.0,4.77,5.0,5.0,5.0,4.5,6.0,5.0,7.5,5.0,6.5,4.77,4.77,4.77,4.77,4.77,4.77,4.77,4.77,4.77,4.77,4.77,4.77
Bassette Norman,4.5,4.5,4.5,4.5,4.5,4.5,4.5,4.5,4.5,4.5,4.5,4.5,4.5,4.5,4.5,4.5,4.5,4.5,4.5,4.5,4.5,4.5,4.5,4.5,4.5,4.5,4.5,4.5,4.5,4.5,4.5,4.5,4.5,4.5,4.5,4.5,4.5,4.5,4.5,4.5
Sissoko Ibrahim,5.22,5.27,4.0,4.0,4.0,6.0,5.5,4.5,7.0,6.0,8.0,5.22,5.5,5.0,6.5,6.0,6.0,4.0,4.0,4.5,3.5,8.0,5.22,5.0,4.5,6.0,4.5,3.5,4.5,5.22,5.5,8.0,4.5,4.5,5.22,6.5,4.5,5.22,5.22,5.22
Kalulu Aldo,5.0,5.14,5.0,3.5,4.5,4.5,7.0,6.0,5.0,5.0,6.0,6.0,4.5,5.5,4.5,4.0,4.5,6.0,4.5,4.5,4.5,5.0,6.5,5.0,5.0,6.0,4.0,4.0,4.5,5.5,6.5,7.0,5.0,5.0,5.5,5.5,6.0,5.5,4.5,4.0
Do Couto Maxime,5.13,5.05,4.5,5.0,5.13,6.5,6.0,5.5,6.5,4.0,5.0,4.5,5.13,5.13,5.13,4.5,6.0,5.0,4.5,5.0,4.5,5.13,7.0,5.0,6.0,3.5,5.13,4.0,5.0,4.5,6.0,6.0,4.5,4.0,5.5,4.5,5.13,5.0,4.0,5.0
Tebily Hermann,4.63,4.58,4.63,4.63,4.63,4.63,4.63,4.63,4.63,4.5,4.0,4.5,5.0,4.5,5.5,4.63,4.5,4.63,4.63,4.63,4.5,4.5,4.63,4.63,4.63,4.63,5.0,4.0,4.63,4.5,4.63,4.63,4.63,4.63,4.63,4.63,4.63,4.63,4.63,4.63
Mayenda Eliezer,4.17,4.17,4.0,4.5,4.0,4.17,4.17,4.17,4.17,4.17,4.17,4.17,4.17,4.17,4.17,4.17,4.17,4.17,4.17,4.17,4.17,4.17,4.17,4.17,4.17,4.17,4.17,4.17,4.17,4.17,4.17,4.17,4.17,4.17,4.17,4.17,4.17,4.17,4.17,4.17
Sahi Moïse,5.11,5.0,5.11,4.5,4.0,7.0,5.0,5.0,3.5,5.0,4.0,4.0,6.5,3.5,4.5,5.0,4.5,8.0,4.0,7.5,6.5,4.0,5.11,5.11,5.0,5.11,5.11,5.11,5.11,5.11,4.5,5.11,5.11,5.11,5.11,4.5,5.11,5.11,5.11,5.11
Bosetti Alexy,4.58,4.58,4.58,4.0,4.0,5.0,4.5,6.0,4.0,6.5,4.5,3.5,4.5,4.0,4.5,6.0,4.0,4.0,4.0,4.5,5.0,4.58,4.58,4.58,4.58,4.58,4.58,4.58,4.58,4.58,4.58,4.58,4.58,4.58,4.58,4.58,4.58,4.58,4.58,4.58
Spano Romain,5.67,5.67,5.67,5.67,5.67,5.67,5.67,5.67,5.67,5.67,5.67,4.0,8.0,5.0,5.67,5.67,5.67,5.67,5.67,5.67,5.67,5.67,5.67,5.67,5.67,5.67,5.67,5.67,5.67,5.67,5.67,5.67,5.67,5.67,5.67,5.67,5.67,5.67,5.67,5.67
Shamal Steve,5.03,4.91,4.0,5.03,5.03,4.0,4.5,6.0,5.0,4.0,4.5,5.0,6.0,4.5,5.0,7.0,6.0,5.5,4.0,5.5,5.03,4.0,5.5,4.5,5.03,5.0,4.5,5.0,5.0,4.5,5.03,5.03,5.03,4.5,5.03,5.03,5.03,4.5,5.03,5.0
Baldé Ibrahima,4.6,4.58,4.6,4.6,4.5,4.6,4.6,4.6,4.6,4.6,4.0,4.0,4.6,4.6,4.0,6.5,5.5,4.5,4.0,4.5,4.5,4.6,4.5,4.5,4.6,4.6,4.6,4.6,4.6,4.6,4.6,4.5,4.6,4.6,4.6,4.6,4.6,4.6,4.6,4.6
Farade Kevin,4.88,4.88,5.5,4.5,4.0,5.5,4.88,4.88,4.88,4.88,4.88,4.88,4.88,4.88,4.88,4.88,4.88,4.88,4.88,4.88,4.88,4.88,4.88,4.88,4.88,4.88,4.88,4.88,4.88,4.88,4.88,4.88,4.88,4.88,4.88,4.88,4.88,4.88,4.88,4.88
Naidji Zakaria,4.89,4.87,8.0,4.0,4.0,7.5,4.0,4.0,5.0,4.0,5.5,4.0,5.0,6.0,5.0,5.0,5.5,4.0,3.5,4.0,4.89,7.0,6.0,5.0,4.0,5.0,4.5,4.5,4.89,4.0,4.89,4.5,6.0,3.5,5.0,4.89,4.0,6.0,4.0,4.5
Durbant Geoffray,4.92,4.92,6.0,4.5,5.5,5.0,4.5,4.5,4.5,4.0,6.0,4.0,4.5,7.0,4.5,5.0,4.5,2.5,5.0,4.0,8.0,4.92,4.92,4.92,4.92,4.92,4.92,4.92,4.92,4.92,4.92,4.92,4.92,4.92,4.92,4.92,4.92,4.92,4.92,4.92
Elisor Simon,6.0,6.0,6.0,6.0,6.0,6.0,6.0,6.0,6.0,6.0,6.0,6.0,6.0,6.0,6.0,6.0,6.0,6.0,6.0,5.0,7.0,6.0,6.0,6.0,6.0,6.0,6.0,6.0,6.0,6.0,6.0,6.0,6.0,6.0,6.0,6.0,6.0,6.0,6.0,6.0
Da Silva Sébastien,4.5,4.5,4.5,4.5,4.5,4.5,4.5,4.5,4.5,4.5,4.5,4.5,4.5,4.5,4.5,4.5,4.5,4.5,4.5,4.5,4.5,4.5,4.5,4.5,4.5,4.5,4.5,4.5,4.5,4.5,4.5,4.5,4.5,4.5,4.5,4.5,4.5,4.5,4.5,4.5
Nsimba Steven,4.5,4.5,4.5,4.5,4.5,4.5,4.5,4.5,4.5,4.5,4.5,4.5,4.5,4.5,4.5,4.5,4.5,4.5,4.5,4.5,4.5,4.5,4.5,4.5,4.5,4.5,4.5,4.5,4.5,4.5,4.5,4.5,4.5,4.5,4.5,4.5,4.5,4.5,4.5,4.5
N'Chobi Kader,4.47,4.47,4.5,4.5,6.0,4.5,3.5,4.0,4.0,4.0,5.0,6.0,6.0,4.47,4.0,4.0,4.0,4.0,3.5,4.5,4.47,4.47,4.47,4.47,4.47,4.47,4.47,4.47,4.47,4.47,4.47,4.47,4.47,4.47,4.47,4.47,4.47,4.47,4.47,4.47
Sylla Dembo,4.39,4.39,4.39,4.39,4.39,4.39,4.0,4.5,4.0,5.0,5.0,5.0,3.0,4.5,4.5,4.5,4.39,4.5,4.0,4.5,4.5,4.39,4.39,4.39,4.39,4.39,4.39,4.39,4.39,4.39,4.39,4.39,4.39,4.39,4.39,4.39,4.39,4.39,4.39,4.39
Courtet Gaëtan,4.78,4.77,4.78,4.78,4.0,5.0,4.5,4.5,4.5,6.0,7.0,4.78,3.5,5.0,5.0,5.0,4.5,5.5,4.0,4.0,4.5,6.0,5.0,4.5,4.5,2.0,4.78,4.78,4.0,4.5,5.0,4.5,4.5,4.0,7.0,6.0,4.0,6.0,4.0,5.5
Luvambo Taylor,5.4,5.4,7.0,5.4,5.4,5.4,5.4,5.4,5.4,5.4,5.4,5.4,5.4,5.0,5.0,5.5,4.5,5.4,5.4,5.4,5.4,5.4,5.4,5.4,5.4,5.4,5.4,5.4,5.4,5.4,5.4,5.4,5.4,5.4,5.4,5.4,5.4,5.4,5.4,5.4
Tchimbembé Warren,5.04,5.0,3.5,5.04,4.5,4.5,4.5,5.0,5.04,7.0,6.5,5.04,5.0,5.04,4.5,5.0,5.04,5.5,5.0,5.04,5.04,5.0,5.0,4.5,5.04,5.04,5.04,5.04,5.04,5.04,5.04,5.04,5.04,5.04,5.04,5.04,5.04,5.04,5.04,5.04
Guillaume Baptiste,4.63,4.66,5.0,4.63,4.63,3.0,5.0,4.5,5.5,5.0,4.0,4.0,4.0,4.5,4.5,4.63,4.63,5.0,4.5,5.0,6.0,4.63,4.0,8.5,5.0,4.63,4.63,4.63,4.63,4.5,5.0,3.5,4.0,3.5,4.63,4.63,4.63,4.63,5.0,4.0
Baaloudj Mehdi,4.5,4.5,4.5,4.0,4.5,4.5,4.5,4.5,5.0,4.5,4.5,4.5,5.0,4.5,4.5,4.0,4.5,4.5,4.5,4.5,4.5,4.5,4.5,4.5,4.5,4.5,4.5,4.5,4.5,4.5,4.5,4.5,4.5,4.5,4.5,4.5,4.5,4.5,4.5,4.5
Mafouta Louis,5.24,4.86,4.0,4.0,6.0,4.0,4.5,5.0,5.0,5.24,5.24,5.0,8.0,4.5,5.0,3.5,7.0,6.0,7.5,7.0,3.0,5.24,5.24,4.5,4.5,4.0,4.5,4.0,3.5,3.5,6.0,4.5,3.5,4.0,5.0,5.24,6.0,5.24,4.5,4.5
Soumaré Issa,5.66,5.31,5.5,6.0,5.0,5.5,7.0,4.5,8.0,4.5,5.0,6.5,6.0,6.0,6.5,5.0,5.5,5.5,5.5,5.5,4.5,5.66,5.66,5.66,6.0,4.5,4.5,4.5,4.0,6.5,5.0,3.5,4.5,5.0,5.0,5.0,6.0,4.5,5.0,5.0
Cissé Nadjib,5.19,5.08,5.19,5.19,5.0,6.0,5.19,4.0,5.19,4.5,5.19,5.19,5.19,5.19,5.19,5.19,5.19,8.0,6.0,5.0,3.0,4.5,5.19,5.19,5.19,5.19,5.19,5.19,5.19,6.0,5.0,4.0,5.19,5.19,5.19,5.19,5.19,5.19,5.19,5.19
Camara Mamadou,5.0,4.94,4.5,4.5,5.0,4.5,5.0,4.5,5.0,4.0,4.5,7.0,5.5,5.5,6.0,4.5,6.5,5.0,4.0,4.5,5.0,5.0,5.0,5.0,5.0,5.0,5.0,5.0,5.0,5.0,5.0,5.0,5.0,5.0,5.0,4.0,5.0,5.0,5.0,5.0
Hountondji Andréas,4.57,4.33,5.0,5.0,4.5,5.0,4.57,3.5,4.57,4.5,4.57,4.57,4.57,4.5,4.57,4.57,4.57,4.57,4.57,4.57,4.57,4.0,4.0,4.57,4.5,4.0,4.0,4.0,4.5,4.57,4.57,4.57,4.57,4.57,4.5,4.0,4.0,4.57,4.57,4.5
Jung Andrew,4.5,4.48,4.5,4.5,4.5,4.5,4.5,4.5,4.5,4.5,4.5,4.5,4.5,4.5,4.5,4.5,4.5,4.5,4.5,4.5,4.5,4.5,6.0,4.5,4.0,4.5,4.5,4.5,4.5,4.0,4.5,4.5,4.5,4.5,4.5,5.0,3.5,4.5,4.5,4.0
Tchokounté Malik,4.87,4.84,4.0,4.5,5.0,3.5,4.5,7.0,5.0,5.0,4.5,4.0,6.5,7.0,4.0,4.0,6.5,5.5,4.0,4.0,4.0,6.0,4.87,4.5,4.87,4.87,4.87,4.87,4.5,6.0,3.5,4.5,6.0,4.87,4.87,3.5,4.5,4.87,4.87,4.87
Koné Moussa,4.68,4.76,4.5,4.5,4.5,6.5,6.0,4.0,6.0,4.0,4.5,4.0,3.5,5.0,4.5,4.0,4.68,4.5,4.68,5.0,4.5,4.68,4.0,7.0,4.68,3.0,8.0,4.0,4.0,4.0,4.0,4.68,3.5,5.0,3.5,5.5,6.5,8.0,4.0,3.5
Said Rafiki,4.96,4.97,4.96,4.96,4.96,4.96,4.96,4.96,5.5,4.96,4.5,4.0,5.0,5.0,4.5,5.0,4.5,5.0,5.5,6.0,5.0,4.5,4.96,4.96,5.0,4.96,4.96,4.96,4.96,4.96,4.96,4.96,4.96,4.96,4.96,5.0,5.0,5.0,5.0,5.5
Ómarsson Elías Már,4.79,4.81,4.5,4.5,6.0,5.5,4.5,4.5,5.0,5.0,4.5,4.5,4.5,4.79,4.5,4.79,4.79,4.79,4.79,4.79,4.79,6.0,5.0,6.0,4.79,4.79,4.79,4.0,4.0,4.5,3.5,4.79,4.0,4.5,4.0,4.79,8.0,6.0,4.0,4.0
Pagis Pablo,4.92,4.92,4.92,4.92,4.92,4.92,4.92,4.92,5.0,5.0,4.0,4.5,5.0,5.0,5.0,5.5,4.5,6.0,5.5,4.5,4.5,4.92,4.92,4.92,4.92,4.92,4.92,4.92,4.92,4.92,4.92,4.92,4.92,4.92,4.92,4.92,4.92,4.92,4.92,4.92
Doucouré Mahamadou,4.0,4.0,4.0,4.0,4.0,4.0,4.0,4.0,4.0,4.0,4.0,4.0,4.0,4.0,4.0,4.0,4.0,4.0,4.0,4.0,4.0,4.0,4.0,4.0,4.0,4.0,4.0,4.0,4.0,4.0,4.0,4.0,4.0,4.0,4.0,4.0,4.0,4.0,4.0,4.0
Le Bihan Mickaël,5.53,5.42,6.5,5.5,5.5,6.0,7.0,4.5,3.5,4.5,6.0,5.0,6.0,5.5,5.0,5.5,5.0,8.0,5.0,4.5,6.5,5.0,5.53,5.53,4.5,5.0,5.0,5.5,7.0,5.5,6.0,4.5,6.5,5.0,4.0,4.0,4.5,7.0,4.5,6.5
Xande Silva,5.68,5.68,5.68,4.5,7.0,7.0,7.0,4.5,4.5,5.68,5.68,5.0,5.68,5.0,5.0,5.68,4.5,8.0,6.0,6.5,5.0,5.68,5.68,5.68,5.68,5.68,5.68,5.68,5.68,5.68,5.68,5.68,5.68,5.68,5.68,5.68,5.68,5.68,5.68,5.68
Assalé Roger,4.86,4.86,4.5,4.5,5.5,4.5,4.86,4.86,4.86,5.0,4.5,4.86,4.86,5.0,6.5,4.5,4.86,4.5,4.5,4.86,4.86,4.86,4.86,4.86,4.86,4.86,4.86,4.86,4.86,4.86,4.86,4.86,4.86,4.86,4.86,4.86,4.86,4.86,4.86,4.86
Tchaouna Loum,4.64,4.56,4.64,4.64,4.64,4.64,4.64,4.64,4.5,4.5,5.0,4.5,5.0,4.5,4.5,4.64,4.5,4.64,4.5,5.0,4.5,4.5,4.64,4.64,4.64,4.64,4.5,4.64,4.5,4.64,4.5,4.64,4.64,4.5,4.0,4.64,4.64,4.64,4.64,4.64
Guilavogui Morgan,5.31,5.48,5.31,5.31,5.0,5.0,5.0,5.31,6.0,6.5,4.5,5.0,5.0,5.5,4.5,7.0,6.0,7.0,4.0,4.5,4.5,6.5,5.31,7.5,7.0,7.0,5.31,7.0,5.5,5.31,5.31,5.31,5.31,4.5,5.0,4.5,5.5,4.0,4.5,5.5
Caddy Warren,4.81,4.68,4.81,4.81,4.81,6.0,5.0,4.5,4.0,5.0,4.81,4.81,4.81,5.5,4.5,5.0,4.0,6.0,5.0,4.5,3.5,5.0,4.5,4.0,4.81,4.81,4.81,4.81,4.81,4.81,4.81,4.81,4.81,4.81,4.5,4.0,4.0,5.0,5.0,4.5
Gory Alimami,5.18,5.26,5.0,5.5,5.0,5.0,5.0,5.5,4.5,6.5,5.0,6.0,5.0,5.5,5.0,5.0,4.5,6.0,5.5,4.5,4.5,5.0,7.0,5.0,7.0,5.0,5.18,5.0,4.5,5.18,5.18,4.5,5.18,5.18,5.18,5.18,5.18,5.18,5.5,5.5
Hamel Pierre-Yves,4.36,4.23,5.0,3.0,4.5,4.0,5.0,5.0,4.36,4.0,4.36,4.36,4.36,4.36,4.36,4.36,4.36,4.36,4.36,4.36,4.36,4.36,2.5,4.0,4.36,4.36,4.36,4.36,4.5,4.36,4.5,4.36,4.36,4.36,4.36,4.36,4.36,4.36,4.5,4.5
Arokodare Tolu,5.05,4.89,4.0,6.0,5.0,5.0,6.0,6.0,6.0,2.5,7.0,5.0,6.0,5.0,4.5,4.5,5.0,4.0,4.0,6.0,4.5,4.5,4.0,5.0,4.5,4.5,5.0,8.0,4.0,5.0,4.0,4.5,5.0,4.0,7.0,4.0,3.5,3.5,6.0,4.0
Cissé Papiss,5.0,5.0,5.0,5.0,5.0,5.0,5.0,5.0,5.0,4.0,7.0,6.5,5.0,4.0,4.0,4.0,4.5,5.0,7.0,3.5,5.5,5.0,5.0,5.0,5.0,5.0,5.0,5.0,5.0,5.0,5.0,5.0,5.0,5.0,5.0,5.0,5.0,5.0,5.0,5.0
Leautey Antoine,5.39,5.39,4.5,5.5,5.5,7.0,4.5,5.0,5.5,3.5,6.5,6.0,7.0,4.5,4.5,4.5,5.0,5.0,7.5,5.5,5.5,5.39,5.39,5.39,5.39,5.39,5.39,5.39,5.39,5.39,5.39,5.39,5.39,5.39,5.39,5.39,5.39,5.39,5.39,5.39
Bariki Mehdi,6.0,6.0,6.0,6.0,6.0,6.0,6.0,6.0,6.0,6.0,6.0,6.0,6.0,6.0,6.0,6.0,6.0,6.0,6.0,6.0,6.0,6.0,6.0,6.0,6.0,6.0,6.0,6.0,6.0,6.0,6.0,6.0,6.0,6.0,6.0,6.0,6.0,6.0,6.0,6.0
Bandé Hassane,4.73,4.73,4.73,4.73,4.73,4.73,4.5,4.5,4.5,4.5,4.5,4.5,4.73,4.5,4.5,6.0,5.0,4.73,5.0,4.73,4.73,4.73,4.73,4.73,4.73,4.73,4.73,4.73,4.73,4.73,4.73,4.73,4.73,4.73,4.73,4.73,4.73,4.73,4.73,4.73
Chibozo Ange,4.69,4.69,5.0,4.5,4.5,4.0,4.5,4.0,5.0,4.0,5.5,4.5,5.5,4.0,4.5,6.0,4.5,4.69,4.69,5.0,4.69,4.69,4.69,4.69,4.69,4.69,4.69,4.69,4.69,4.69,4.69,4.69,4.69,4.69,4.69,4.69,4.69,4.69,4.69,4.69
Alioui Nabil,5.44,5.29,4.0,5.0,5.0,7.5,5.5,4.5,5.0,5.5,6.0,5.44,5.0,5.0,8.0,6.0,7.0,5.0,4.0,4.5,5.44,4.5,7.5,5.0,6.0,4.5,4.5,7.0,6.0,4.5,5.0,4.0,5.0,5.44,6.0,6.5,4.0,3.5,4.5,4.5
Thiare Jamal,4.81,4.88,4.0,4.0,4.0,5.0,6.0,6.0,6.5,4.81,4.81,4.81,4.81,4.0,4.5,4.81,4.81,4.0,4.5,6.0,4.0,4.81,4.81,4.81,4.81,4.5,4.81,4.81,4.81,4.5,2.5,6.5,5.0,6.0,4.81,4.81,4.81,4.81,6.0,4.81
Kitala Yann,4.81,4.69,4.5,4.5,4.0,7.5,4.0,7.0,6.0,3.0,5.0,5.0,4.5,4.5,4.81,4.81,4.81,4.0,4.5,5.0,4.0,6.0,4.0,3.5,4.81,6.0,4.0,3.5,4.0,5.5,4.0,5.0,5.0,4.0,6.0,4.0,4.5,4.5,4.5,4.5
Casimir Josué,5.14,5.14,4.5,5.0,5.0,6.0,5.0,6.0,5.5,4.5,6.0,5.0,5.0,5.14,6.0,4.5,5.0,5.0,4.5,5.0,5.0,5.14,5.14,5.14,5.14,5.14,5.14,5.14,5.14,5.14,5.14,5.14,5.14,5.14,5.14,5.14,5.14,5.14,5.14,5.14
Samoura Amadou,4.5,4.5,4.5,4.5,4.5,4.5,4.5,4.5,4.5,4.5,4.5,4.5,4.5,4.5,4.5,4.5,4.5,4.5,4.5,4.5,4.5,4.5,4.5,4.5,4.5,4.5,4.5,4.5,4.5,4.5,4.5,4.5,4.5,4.5,4.5,4.5,4.5,4.5,4.5,4.5
Gomes Ylan,4.2,4.33,4.2,4.2,4.2,4.2,4.2,4.2,4.2,4.5,4.0,4.0,4.5,4.2,4.2,4.0,4.2,4.2,4.2,4.2,4.2,4.2,4.2,4.2,4.2,4.2,4.2,4.2,4.2,4.2,4.2,4.2,4.5,4.2,4.2,4.2,4.2,4.5,4.5,4.5
Soumah Salifou,4.0,4.0,4.0,4.0,4.0,4.0,4.0,4.0,4.0,4.0,4.0,4.0,4.0,4.0,4.0,4.0,4.0,4.0,4.0,4.0,4.0,4.0,4.0,4.0,4.0,4.0,4.0,4.0,4.0,4.0,4.0,4.0,4.0,4.0,4.0,4.0,4.0,4.0,4.0,4.0
Sanyang Abdoulie,5.14,5.07,4.5,7.0,3.5,5.5,4.5,7.0,4.5,6.0,5.14,5.0,7.5,5.14,5.14,4.5,5.14,4.0,4.5,5.14,4.0,5.14,5.14,5.14,5.14,5.14,5.14,5.14,5.14,5.14,5.14,4.5,4.0,5.14,8.0,5.5,6.5,6.0,4.5,5.5
Tell Jordan,5.18,5.05,5.0,6.0,4.0,4.5,5.18,5.18,5.18,5.18,6.5,6.0,6.0,5.18,5.0,4.5,4.5,4.0,4.0,4.5,8.0,5.18,4.0,6.5,3.5,7.0,5.0,5.18,6.0,4.0,5.18,5.18,4.0,3.5,5.0,6.5,5.0,5.0,5.18,5.18
Phaëton Matthias,5.05,4.94,5.0,5.0,4.0,5.5,4.5,4.5,4.0,5.5,4.5,6.5,4.5,7.5,5.0,5.0,5.0,4.5,4.5,4.0,7.0,5.05,5.05,4.5,5.05,5.05,5.05,5.0,4.5,4.0,5.05,5.0,4.5,5.05,5.05,5.05,5.05,5.05,5.05,5.05
Ba Pape Meïssa,5.11,5.11,4.0,6.0,4.0,4.0,5.11,7.5,4.5,6.0,5.0,5.0,5.0,7.5,4.0,4.5,5.0,4.5,4.0,5.0,6.5,5.11,5.11,5.11,5.11,5.11,5.11,5.11,5.11,5.11,5.11,5.11,5.11,5.11,5.11,5.11,5.11,5.11,5.11,5.11
Correa Joris,4.93,4.81,5.0,4.5,5.0,4.5,4.5,6.5,4.5,4.0,4.93,4.5,4.93,4.5,4.93,4.93,4.93,4.5,4.5,6.5,6.0,5.5,5.0,4.0,4.0,4.5,7.0,4.93,3.5,5.0,4.93,5.0,3.5,4.5,5.0,6.0,4.5,5.0,4.0,4.0
Inikurogha Okardi,4.5,4.5,4.5,4.5,4.5,4.5,4.5,4.5,4.5,4.5,4.5,4.5,4.5,4.5,4.5,4.5,4.5,4.5,4.5,4.5,4.5,4.5,4.5,4.5,4.5,4.5,4.5,4.5,4.5,4.5,4.5,4.5,4.5,4.5,4.5,4.5,4.5,4.5,4.5,4.5
Bassouamina Mons,4.93,4.93,4.5,5.0,4.93,4.93,4.93,4.93,4.5,6.0,7.0,4.0,4.0,6.5,5.0,5.0,6.0,4.0,4.5,4.5,3.5,4.93,4.93,4.93,4.93,4.93,4.93,4.93,4.93,4.93,4.93,4.93,4.93,4.93,4.93,4.93,4.93,4.93,4.93,4.93
Pape Bâ Pape Ibnou,4.5,4.43,4.5,4.5,4.5,4.5,4.5,4.5,4.0,5.0,4.5,3.5,6.0,4.5,4.5,4.0,4.5,4.5,4.5,4.5,4.5,4.5,4.5,4.5,4.5,4.0,3.0,4.5,4.5,4.5,4.0,4.5,4.5,4.5,5.0,4.5,4.5,4.5,5.5,4.0
Yattara Mohamed,4.42,4.42,4.42,4.42,4.42,3.0,3.5,4.42,4.5,5.0,4.5,4.42,4.42,4.0,4.5,5.0,4.0,4.5,6.5,4.5,4.0,4.42,4.42,4.42,4.42,4.42,4.42,4.42,4.42,4.42,4.42,4.42,4.42,4.42,4.42,4.42,4.42,4.42,4.42,4.42
Ros Marius,4.5,4.5,4.5,5.0,4.5,4.5,4.5,4.5,4.5,4.5,4.5,4.5,4.5,4.5,4.5,4.5,4.5,4.5,4.0,4.5,4.5,4.5,4.5,4.5,4.5,4.5,4.5,4.5,4.5,4.5,4.5,4.5,4.5,4.5,4.5,4.5,4.5,4.5,4.5,4.5
George Mayron,4.37,4.37,3.5,4.0,4.0,4.5,4.37,4.37,4.5,4.37,4.37,4.5,4.5,5.5,4.5,5.0,4.0,4.5,3.5,4.5,4.5,4.37,4.37,4.37,4.37,4.37,4.37,4.37,4.37,4.37,4.37,4.37,4.37,4.37,4.37,4.37,4.37,4.37,4.37,4.37
Jarmouni Walid,4.25,4.25,4.5,4.0,5.0,4.25,4.0,4.0,4.25,4.25,4.25,4.25,4.25,4.25,4.25,4.25,4.25,4.25,4.0,4.25,4.25,4.25,4.25,4.25,4.25,4.25,4.25,4.25,4.25,4.25,4.25,4.25,4.25,4.25,4.25,4.25,4.25,4.25,4.25,4.25
Hamache Ilyes,5.22,5.19,5.0,7.0,4.5,6.0,5.5,7.0,5.5,5.22,5.22,5.0,5.0,6.0,4.5,5.0,4.5,4.0,4.5,4.5,5.22,4.5,4.0,7.0,5.5,4.5,5.22,5.22,5.22,5.22,5.22,5.22,4.5,5.22,5.0,4.5,5.5,6.5,5.0,5.22
Noubissi Marius,4.71,4.71,4.71,4.71,4.71,4.0,6.0,5.0,6.0,6.0,3.5,5.0,4.71,4.5,4.71,4.0,4.5,5.0,4.0,4.0,4.5,4.71,4.71,4.71,4.71,4.71,4.71,4.71,4.71,4.71,4.71,4.71,4.71,4.71,4.71,4.71,4.71,4.71,4.71,4.71
Bonnet Ugo,4.89,4.88,4.0,5.0,4.5,5.0,5.0,5.0,6.5,5.0,6.0,7.0,5.0,4.5,4.0,5.5,4.0,4.5,4.5,4.0,4.0,3.0,5.0,4.5,5.0,6.0,7.0,4.0,6.0,4.0,4.5,4.0,5.0,5.0,4.5,3.5,4.5,5.0,6.0,6.0
Zinga Aeron,4.57,4.5,4.5,4.57,5.0,4.0,6.0,6.0,5.0,4.0,4.5,4.57,4.0,4.0,4.5,4.0,4.5,4.0,4.5,4.57,4.57,4.57,4.5,4.0,4.0,4.57,4.57,4.57,4.57,4.57,4.57,4.57,4.5,4.57,5.0,4.57,4.0,4.5,4.57,4.5
Ayité Floyd,5.06,4.95,5.5,5.0,5.06,5.06,5.06,5.06,5.06,5.06,5.0,5.0,5.0,5.5,5.0,5.06,4.5,5.06,5.06,5.06,5.06,5.06,5.06,5.5,4.5,5.0,5.5,7.0,5.0,5.0,5.06,4.0,5.0,5.0,4.0,3.0,5.06,5.06,5.06,5.06
El Amri Yacine,4.57,4.57,4.5,4.0,4.5,4.57,4.0,5.0,5.0,5.0,4.57,4.57,4.57,4.57,4.57,4.57,4.57,4.57,4.57,4.57,4.57,4.57,4.57,4.57,4.57,4.57,4.57,4.57,4.57,4.57,4.57,4.57,4.57,4.57,4.57,4.57,4.57,4.57,4.57,4.57
Depres Clément,4.89,4.71,4.5,4.5,4.0,6.0,7.0,6.5,4.5,5.0,5.0,4.5,4.0,6.0,4.0,4.0,5.0,4.89,7.0,4.0,2.5,4.0,4.5,4.0,4.0,4.89,4.5,4.5,4.89,4.89,6.0,4.0,4.5,4.0,4.0,4.5,5.5,4.89,4.89,4.89
Mendes Joseph,4.42,4.48,4.5,4.0,3.5,4.42,4.42,3.0,4.42,4.5,4.42,4.42,4.42,6.0,4.0,4.5,4.0,4.5,4.5,4.5,6.0,4.42,4.42,5.0,4.5,4.0,4.0,4.5,3.5,4.42,4.5,4.42,4.5,4.0,6.5,4.5,4.0,5.5,4.5,4.5
Corredor Killian,4.87,5.0,5.0,4.0,4.0,6.0,6.5,3.5,4.0,7.0,6.0,4.0,4.5,5.0,5.0,4.0,5.0,4.0,5.0,5.0,5.0,4.5,4.87,5.0,4.87,4.87,4.87,4.87,4.0,4.87,4.87,4.87,4.87,4.87,5.0,6.0,5.0,5.5,7.0,5.5
Far Hatim,4.75,4.75,4.75,4.5,4.5,4.5,6.0,4.5,5.0,4.75,6.0,4.5,4.5,4.75,4.5,4.5,4.75,4.0,4.75,4.75,4.75,4.75,4.75,4.75,4.75,4.75,4.75,4.75,4.75,4.75,4.75,4.75,4.75,4.75,4.75,4.75,4.75,4.75,4.75,4.75
Pembélé Andy,4.64,4.64,4.64,4.5,4.64,4.64,4.64,4.5,4.0,4.64,4.64,4.64,6.0,5.0,5.0,4.64,4.5,4.5,4.5,4.0,4.5,4.64,4.64,4.64,4.64,4.64,4.64,4.64,4.64,4.64,4.64,4.64,4.64,4.64,4.64,4.64,4.64,4.64,4.64,4.64
Park Jung-Bin,4.58,4.58,4.58,4.58,4.58,4.5,4.58,4.58,4.5,4.58,4.58,4.5,4.58,4.58,4.5,4.5,4.58,4.58,4.58,4.58,5.0,4.58,4.58,4.58,4.58,4.58,4.58,4.58,4.58,4.58,4.58,4.58,4.58,4.58,4.58,4.58,4.58,4.58,4.58,4.58
Magri Frank,4.94,4.88,4.5,8.0,7.0,5.0,4.94,4.94,4.94,2.0,4.94,4.5,5.0,4.0,4.5,4.94,4.94,4.94,4.94,4.94,4.94,4.94,4.94,4.94,6.0,7.0,4.0,4.0,4.0,4.94,4.0,4.0,6.0,4.94,4.94,4.0,4.5,4.94,4.5,6.0
Santelli Benjamin,4.72,4.73,4.5,4.5,6.5,4.0,5.0,5.0,4.5,3.5,4.5,4.72,4.5,4.0,4.5,4.5,4.0,4.0,5.0,6.5,6.0,6.0,4.0,4.0,6.0,6.0,4.0,3.0,4.5,4.0,4.0,4.5,4.72,5.0,3.5,6.0,5.0,4.72,4.0,7.0
Alfarela Migouel,5.03,4.97,5.0,5.5,7.5,6.0,4.5,2.5,6.0,5.0,5.5,5.5,3.0,5.0,5.0,4.5,4.0,5.0,5.0,5.0,6.0,5.03,4.5,4.0,4.5,4.5,5.03,5.0,5.03,5.03,5.03,5.03,5.03,5.0,5.0,5.5,4.5,6.0,5.0,5.0
Baï Yohan,4.17,4.17,4.17,4.17,4.17,4.17,4.17,4.17,4.17,4.17,4.5,4.17,4.17,4.17,4.17,4.17,4.17,3.5,4.17,4.17,4.5,4.17,4.17,4.17,4.17,4.17,4.17,4.17,4.17,4.17,4.17,4.17,4.17,4.17,4.17,4.17,4.17,4.17,4.17,4.17
Robic Antony,4.42,4.59,4.5,4.42,4.5,4.5,4.5,5.0,4.0,4.42,5.0,4.5,3.5,4.0,4.5,4.0,5.0,4.42,4.42,4.42,4.42,6.0,4.0,4.42,4.0,6.0,5.0,4.5,4.0,5.0,4.5,4.5,4.42,4.5,4.42,4.5,5.0,3.0,5.5,5.5
Djoco Kapitbafan,4.38,4.38,4.38,4.38,4.38,4.38,4.38,4.38,4.38,4.38,4.38,4.38,4.38,4.38,4.38,4.38,4.38,4.0,4.0,5.0,4.5,4.38,4.38,4.38,4.38,4.38,4.38,4.38,4.38,4.38,4.38,4.38,4.38,4.38,4.38,4.38,4.38,4.38,4.38,4.38
Osimhen Victor,6.17,5.97,7.0,7.0,4.0,3.0,5.0,6.17,6.17,6.17,6.17,6.5,6.0,8.5,6.5,6.0,7.0,4.0,6.5,8.5,7.0,6.17,6.17,6.17,4.5,7.0,6.5,6.0,5.0,4.5,7.5,7.0,6.17,6.0,5.0,4.5,7.5,5.0,6.0,4.5
Lozano Hirving,5.33,5.38,7.0,5.5,4.5,5.0,5.0,4.5,5.33,5.0,6.0,6.5,5.0,6.0,4.5,6.5,6.0,4.5,4.5,4.5,5.5,5.33,5.33,5.33,4.0,5.33,5.33,5.33,5.33,4.5,5.0,5.33,6.0,4.0,6.0,7.0,7.0,5.0,6.0,5.33
Simeone Giovanni,4.8,4.6,4.8,4.8,4.5,4.5,4.8,5.0,6.0,4.0,6.0,4.8,4.8,4.8,4.5,4.5,4.8,4.5,4.8,4.8,4.5,5.0,4.0,5.0,4.0,4.8,4.5,4.8,4.8,4.0,3.5,2.5,6.0,4.5,6.0,4.0,5.0,3.5,4.0,6.0
Raspadori Giacomo,4.82,5.1,4.0,4.82,5.0,4.5,5.0,6.5,4.5,4.5,5.5,4.5,4.82,4.5,4.82,5.5,4.82,4.5,5.0,4.0,4.82,5.5,8.5,5.0,6.5,3.5,4.82,7.0,5.5,4.82,3.5,4.82,4.5,5.5,5.5,6.5,3.5,6.0,5.0,4.0
Lookman Ademola,5.94,5.51,6.0,5.0,5.5,6.0,7.0,5.0,5.0,6.5,7.0,6.5,4.5,7.5,6.0,4.5,5.5,3.5,5.94,8.0,8.0,6.5,4.0,4.5,5.0,5.5,4.0,7.0,5.94,5.0,5.94,5.94,5.94,6.0,6.0,5.0,5.94,4.0,5.94,4.0
Højlund Rasmus,5.13,5.13,5.13,5.13,5.13,4.5,7.0,4.5,5.5,4.0,4.5,4.5,5.13,6.0,3.5,4.5,4.5,5.5,6.5,7.5,4.5,5.13,5.13,5.13,5.13,5.13,5.13,5.13,5.13,5.13,5.13,5.13,5.13,5.13,5.13,5.13,5.13,5.13,5.13,5.13
Muriel Luis,4.82,5.34,4.0,5.0,5.0,4.82,4.82,4.0,4.0,6.0,7.0,5.0,4.0,4.82,4.82,4.82,4.82,4.5,4.82,4.82,4.5,8.5,7.5,5.0,4.82,4.82,4.5,4.82,4.82,4.0,5.0,5.0,5.0,6.5,5.0,8.0,5.5,7.0,4.0,4.82
Zapata Duván,4.79,4.84,5.0,4.5,5.0,4.0,4.79,4.79,4.79,4.79,4.79,4.79,4.5,4.5,4.0,6.0,5.5,4.5,4.5,5.5,4.79,4.0,4.79,4.79,4.79,4.79,4.79,4.79,4.79,4.79,4.79,4.79,4.79,5.0,4.0,7.0,3.5,4.79,4.5,6.5
Martínez Lautaro,5.67,5.56,5.5,7.0,6.0,6.5,4.0,5.5,4.0,5.0,4.5,7.0,8.0,5.5,4.5,6.5,6.5,4.0,6.0,6.0,5.67,4.0,4.5,4.5,4.5,4.0,5.0,3.5,4.5,9.0,5.0,5.0,4.0,5.67,7.0,7.0,5.0,7.5,8.0,6.0
Dzeko Edin,5.47,5.26,4.0,6.0,4.5,6.5,7.0,4.5,5.0,4.0,8.0,5.0,5.5,4.5,4.0,8.0,7.5,6.5,4.0,4.0,5.47,4.5,4.5,4.5,6.5,5.0,6.0,5.0,4.5,8.5,5.5,4.0,4.5,6.5,4.0,4.0,4.5,4.5,4.5,5.47
Correa Joaquín,4.87,4.78,4.5,6.0,4.0,6.5,5.5,4.5,4.5,4.5,4.87,4.5,5.0,6.5,5.0,4.87,4.0,4.0,4.87,4.0,4.87,4.0,4.5,4.5,4.87,4.87,4.87,4.87,4.87,4.5,4.0,4.0,4.0,4.5,5.0,4.5,4.5,5.5,4.5,7.5
Lukaku Romelu,4.92,5.03,6.0,6.0,4.0,4.92,4.92,4.92,4.92,4.92,4.92,4.92,4.92,4.5,4.92,4.92,4.92,5.0,4.0,4.92,4.92,6.0,4.92,3.5,5.0,5.0,4.0,4.5,4.0,4.92,4.0,4.92,4.5,4.92,6.5,5.5,4.92,7.5,4.0,4.92
MBala Nzola,4.92,4.77,6.0,3.0,5.0,4.0,4.0,4.5,7.0,3.5,3.5,6.0,4.0,5.5,4.0,4.0,7.5,7.5,4.0,5.5,4.92,4.92,4.92,4.92,4.5,4.92,4.0,4.0,5.0,4.92,4.92,4.92,4.92,4.5,4.0,4.92,4.92,4.92,4.92,4.92
Gyasi Emmanuel,4.53,4.73,5.5,3.5,4.0,4.0,5.5,5.0,5.0,3.0,4.0,5.0,4.0,4.0,4.53,4.53,4.5,6.0,5.0,5.0,4.0,4.0,4.53,7.0,5.5,4.53,4.5,5.0,4.5,4.5,5.0,3.0,6.0,5.0,5.0,4.5,5.0,3.5,7.0,4.53
Verde Daniele,4.78,5.3,5.0,4.78,4.5,4.78,4.78,4.78,4.78,4.78,5.0,5.0,4.5,4.78,5.0,4.5,5.0,4.78,4.78,4.78,4.5,4.5,4.78,6.0,7.5,4.78,5.5,5.0,4.5,6.0,5.5,5.5,4.5,4.5,5.0,4.78,6.0,6.5,7.0,6.0
Leandro Sanca,4.5,4.5,4.5,4.5,4.5,4.5,4.5,4.5,4.5,4.5,4.5,4.5,4.5,4.5,4.5,4.5,4.5,4.5,4.5,4.5,4.5,4.5,4.5,4.5,4.5,4.5,4.5,4.5,4.5,4.5,4.5,4.5,4.5,4.5,4.5,4.5,4.5,4.5,4.5,4.5
Strelec David,4.36,4.39,4.0,4.0,4.0,4.5,4.36,4.36,4.36,4.36,4.36,4.36,4.5,5.0,4.5,4.36,4.36,4.36,4.36,4.36,4.36,4.5,4.36,4.36,4.36,4.36,4.36,4.36,4.36,4.36,4.36,4.36,4.36,4.36,4.36,4.5,4.36,4.36,4.36,4.36
Rafael Leão,5.91,6.08,5.0,5.0,8.0,5.5,8.0,5.0,5.91,8.0,6.0,5.0,6.0,4.5,5.0,4.0,6.5,7.5,5.5,6.0,5.91,7.0,7.0,7.0,5.5,5.5,6.5,4.0,6.0,5.0,5.5,5.0,6.0,6.0,6.5,8.0,6.0,7.0,7.0,8.0
Giroud Olivier,5.16,5.27,4.5,5.0,6.5,4.0,7.0,6.0,7.0,5.0,6.0,4.5,5.16,4.0,3.5,5.16,5.0,4.5,5.0,5.0,5.16,7.0,4.5,5.0,5.0,7.5,5.0,4.5,4.0,6.0,6.0,6.0,5.0,5.0,4.0,6.0,5.0,4.5,4.0,8.0
Rebic Ante,5.15,4.88,7.5,4.0,5.15,5.15,5.15,5.15,5.15,7.0,5.0,6.0,4.5,5.0,4.0,4.5,4.0,5.15,5.15,5.15,5.15,5.15,4.5,5.0,4.5,5.15,5.0,6.0,4.0,4.5,4.5,5.0,5.0,5.15,4.5,5.0,4.0,5.0,4.0,5.15
Origi Divock,4.68,4.75,4.0,5.0,4.68,4.68,4.5,4.68,4.68,4.68,4.5,5.0,7.0,4.0,4.5,4.0,4.5,4.68,4.68,4.5,4.68,4.68,4.68,4.68,4.68,4.68,4.68,4.68,4.68,4.68,4.68,4.68,4.68,4.68,4.68,6.0,4.68,4.68,4.5,4.68
Lazetic Marko,4.0,4.0,4.0,4.0,4.0,4.0,4.0,4.0,4.0,4.0,4.0,4.0,4.0,4.0,4.0,4.0,4.0,4.0,4.0,4.0,4.0,4.0,4.0,4.0,4.0,4.0,4.0,4.0,4.0,4.0,4.0,4.0,4.0,4.0,4.0,4.0,4.0,4.0,4.0,4.0
Arnautovic Marko,5.25,5.39,6.0,6.0,3.5,5.5,8.0,7.0,4.0,3.5,4.0,5.25,6.0,5.25,5.0,4.5,6.5,4.0,5.25,5.25,5.25,7.0,5.25,5.25,4.0,5.0,3.5,8.0,6.5,5.25,4.0,4.0,4.5,8.5,6.5,5.25,4.5,6.5,5.0,5.25
Orsolini Riccardo,4.83,4.82,4.83,4.0,4.83,4.5,5.0,4.5,4.5,4.0,5.5,4.83,5.0,6.5,6.0,4.0,4.0,4.5,6.5,4.0,4.83,4.5,4.83,4.83,6.0,4.5,3.5,5.0,4.0,5.0,5.0,5.0,3.5,4.83,5.0,6.0,4.0,6.0,5.0,4.83
Barrow Musa,5.25,5.18,4.0,5.25,4.0,5.25,5.0,7.0,6.0,5.25,5.25,7.0,6.5,5.5,5.5,3.5,4.5,5.25,5.25,4.5,5.25,6.0,5.25,5.25,5.25,5.0,5.0,7.0,4.5,4.0,4.5,4.5,4.0,5.0,4.5,5.0,5.0,6.0,5.0,7.0
Zirkzee Joshua,4.83,4.83,4.83,4.83,4.83,4.83,4.0,4.83,4.5,4.83,4.0,6.0,4.83,6.0,4.83,4.5,4.83,4.83,4.83,4.83,4.83,4.83,4.83,4.83,4.83,4.83,4.83,4.83,4.83,4.83,4.83,4.83,4.83,4.83,4.83,4.83,4.83,4.83,4.83,4.83
Dybala Paulo,6.46,5.93,5.5,7.0,6.0,8.0,4.0,7.0,6.46,6.5,7.0,6.46,6.46,6.46,6.46,6.46,6.5,6.0,4.5,8.0,8.0,5.5,7.0,7.0,5.0,6.0,6.5,5.0,6.46,6.46,6.46,6.0,5.5,5.0,4.0,6.0,4.0,7.0,4.5,4.0
Abraham Tammy,5.42,5.47,5.5,6.0,6.0,7.0,3.0,6.0,5.0,4.5,6.0,5.5,4.0,5.5,4.5,6.0,4.5,5.0,6.0,7.0,6.0,6.0,6.5,4.5,8.0,4.5,6.0,5.42,6.0,6.5,4.0,7.5,4.5,4.5,6.0,4.0,4.0,4.0,5.5,7.5
Belotti Andrea,4.37,4.66,4.37,4.37,4.37,4.0,4.0,4.5,5.0,5.0,5.0,4.0,4.0,5.0,4.5,4.0,3.0,4.37,4.5,4.5,4.5,4.37,4.37,4.37,4.37,4.37,5.0,6.5,6.0,4.5,5.0,4.0,6.0,4.0,4.0,4.37,7.5,4.5,5.0,3.0
Shomurodov Eldor,4.08,4.63,4.08,4.08,4.08,4.08,4.0,4.08,4.0,4.08,4.0,4.08,4.5,4.0,4.08,4.0,4.08,4.08,4.08,4.08,4.08,4.5,4.5,5.0,4.08,4.08,5.0,4.08,4.0,4.08,5.0,4.08,4.5,5.0,4.08,5.5,4.5,4.5,6.5,5.0
Immobile Ciro,5.5,5.74,7.0,4.5,6.0,6.0,3.5,6.0,8.0,4.0,8.0,4.5,5.5,5.5,5.5,4.5,5.5,6.0,4.5,4.5,5.5,6.0,6.0,8.0,4.5,7.0,6.0,5.5,4.5,6.5,5.5,4.0,4.5,9.0,6.0,6.0,6.0,5.5,5.5,5.5
Pedro,5.03,5.0,5.03,4.5,7.0,5.0,4.5,5.03,6.5,4.5,4.5,5.0,6.0,4.5,5.0,6.0,4.0,4.0,4.0,5.5,5.03,3.5,4.5,6.0,5.03,4.0,5.5,4.0,7.0,4.5,5.03,4.0,5.03,5.0,5.03,5.03,5.03,5.03,4.5,7.0
Cancellieri Matteo,4.43,4.53,4.5,4.5,4.5,5.0,4.5,5.0,4.43,4.43,4.0,4.5,4.0,4.5,4.5,4.5,4.0,4.0,4.43,4.43,4.43,4.43,4.43,4.43,4.43,4.43,4.43,4.43,4.43,4.43,4.5,6.0,4.43,4.5,4.43,4.43,4.43,4.43,4.5,4.43
Dia Boulaye,5.11,4.91,5.11,4.0,8.0,6.0,7.0,5.0,3.5,3.0,6.0,4.5,5.0,6.0,4.0,6.0,3.5,5.0,5.0,6.0,4.5,5.11,5.11,5.11,5.11,4.5,5.11,6.0,4.5,4.5,4.0,5.11,5.11,5.11,4.0,4.5,4.0,5.5,4.0,5.11
Piatek Krzysztof,4.67,4.81,4.67,4.67,4.67,4.67,5.0,5.5,4.0,2.5,6.5,4.0,4.5,5.5,6.0,5.0,4.0,4.5,4.0,4.0,5.0,4.0,4.67,4.67,6.0,4.5,6.0,6.0,3.5,6.0,4.5,4.5,4.67,4.67,4.5,4.5,4.67,4.5,5.0,6.0
Bonazzoli Federico,4.75,5.06,4.5,4.5,7.0,4.0,4.0,4.5,4.5,5.0,5.5,4.5,4.0,4.5,4.5,4.0,4.75,6.0,5.5,4.5,4.5,5.5,5.0,4.0,6.0,4.75,6.5,7.0,4.75,4.75,7.0,5.0,5.5,4.75,4.5,6.0,4.0,4.5,7.0,4.0
Botheim Erik,4.63,4.63,4.5,4.5,6.0,4.5,4.5,4.5,4.5,4.0,6.0,4.63,5.0,4.5,4.5,4.5,4.0,4.63,4.0,4.63,4.63,4.63,4.63,4.63,4.63,4.63,4.63,4.63,4.63,4.63,4.63,4.63,4.63,4.63,4.63,4.63,4.63,4.63,4.63,4.63
Valencia Diego,4.45,4.45,4.5,4.5,4.0,5.0,4.45,4.45,4.5,4.45,4.45,4.0,4.45,4.45,4.45,4.45,4.5,4.5,4.5,4.45,4.5,4.45,4.45,4.45,4.45,4.45,4.45,4.45,4.45,4.45,4.45,4.45,4.45,4.45,4.45,4.45,4.45,4.45,4.45,4.45
Kristoffersen Julian,4.0,4.0,4.0,4.0,4.0,4.0,4.0,4.0,4.0,4.0,4.0,4.0,4.0,4.0,4.0,4.0,4.0,4.0,4.0,4.0,4.0,4.0,4.0,4.0,4.0,4.0,4.0,4.0,4.0,4.0,4.0,4.0,4.0,4.0,4.0,4.0,4.0,4.0,4.0,4.0
Beto,5.03,4.89,4.0,4.5,6.5,6.5,4.5,7.5,5.0,6.5,4.0,4.0,5.0,4.0,6.0,4.5,4.5,4.0,4.0,6.5,4.0,5.03,6.0,4.0,3.0,5.0,4.5,4.0,4.5,4.5,4.0,3.5,9.0,4.0,5.03,5.03,5.03,5.03,5.03,5.03
Deulofeu Gerard,5.53,5.47,5.0,5.0,6.0,6.5,6.0,6.0,7.5,6.0,6.5,5.0,6.5,5.0,4.0,4.5,4.0,5.53,5.53,5.53,5.0,7.0,3.5,4.5,4.0,5.53,4.5,6.5,4.5,7.5,4.5,6.5,5.53,6.0,7.0,6.0,4.5,5.0,5.0,6.0
Nestorovski Ilija,4.7,4.75,4.7,4.7,6.0,4.7,4.7,4.5,4.7,4.5,4.7,4.7,4.5,4.7,4.7,4.5,6.0,4.0,4.5,4.5,4.0,4.5,4.7,4.7,4.7,4.7,4.7,4.7,4.7,4.7,4.7,4.7,4.0,4.7,4.5,4.7,4.7,4.0,4.5,7.5
Success Isaac,4.61,4.77,4.0,4.5,4.0,4.5,4.5,5.0,4.5,4.5,5.0,4.0,4.5,4.5,5.5,5.0,5.0,4.5,3.5,5.5,5.0,5.0,6.0,5.0,4.5,5.0,3.0,4.5,4.0,4.61,4.61,4.61,6.5,5.0,5.0,7.5,4.5,4.61,4.61,4.61
Vlahovic Dusan,5.55,5.28,7.5,4.0,6.5,6.0,5.55,5.0,4.5,7.0,2.5,7.5,5.0,5.55,5.55,5.55,5.55,5.55,5.55,5.55,5.55,5.55,3.0,6.5,5.55,6.0,5.0,4.0,7.5,4.0,4.5,7.0,5.0,6.5,6.0,4.0,4.0,4.0,6.0,4.0
Milik Arkadiusz,5.25,5.15,5.25,5.25,4.5,6.0,6.0,2.5,5.25,7.0,5.0,4.5,4.0,5.0,5.0,4.5,7.0,6.5,4.5,5.5,6.5,5.25,5.0,5.25,8.0,6.0,3.5,4.5,3.5,7.5,5.0,5.25,5.25,5.25,5.0,5.0,3.0,5.25,5.25,6.0
Kean Moise,4.97,4.74,4.97,4.5,4.5,5.0,4.5,4.0,4.0,4.5,5.0,5.0,6.5,5.0,4.97,6.0,8.0,5.0,4.0,4.5,4.5,4.5,4.0,4.5,4.0,4.5,4.5,4.0,6.0,4.5,6.0,4.5,4.0,4.0,4.5,6.0,4.5,4.5,4.5,3.0
Soulé Matìas,5.06,5.06,5.0,5.06,5.06,5.06,5.06,5.0,5.0,5.06,5.0,5.06,5.06,5.5,5.06,5.06,5.06,5.0,5.0,5.0,5.06,5.06,5.06,5.06,5.06,5.06,5.06,5.06,5.06,5.06,5.06,5.06,5.06,5.06,5.06,5.06,5.06,5.06,5.06,5.06
Chiesa Federico,4.75,5.06,4.75,4.75,4.75,4.75,4.75,4.75,4.75,4.75,4.75,4.75,4.75,4.75,4.5,4.75,6.0,4.5,6.0,3.0,4.5,7.0,5.0,4.75,4.75,4.75,4.75,4.75,4.75,4.75,4.75,4.75,4.75,4.75,4.75,4.75,4.75,4.75,4.75,4.75
Colombo Lorenzo,4.79,4.79,4.0,4.0,4.5,5.5,4.5,4.5,4.79,4.5,4.5,4.79,4.5,4.5,6.5,4.5,7.0,6.5,4.0,5.0,3.0,4.79,4.79,4.79,4.79,4.79,4.79,4.79,4.79,4.79,4.79,4.79,4.79,4.79,4.79,4.79,4.79,4.79,4.79,4.79
Assan Ceesay,4.76,4.76,6.5,4.5,4.5,4.0,4.5,5.0,6.5,4.5,5.5,6.0,4.0,4.0,4.0,4.5,4.5,4.0,4.5,4.76,4.76,4.76,4.76,4.76,4.76,4.76,4.76,4.76,4.76,4.76,4.76,4.76,4.76,4.76,4.76,4.76,4.76,4.76,4.76,4.76
Di Francesco Federico,4.92,4.77,5.5,4.5,4.5,5.5,4.0,3.5,5.0,4.5,5.0,4.0,4.0,4.5,4.5,7.0,5.0,7.0,5.0,6.0,4.5,8.0,4.0,4.92,4.92,4.5,4.92,4.5,4.0,4.92,4.0,5.5,4.0,3.5,4.92,4.0,4.0,4.5,4.92,4.5
Voelkerling Persson Joel,4.5,4.5,4.5,4.5,4.5,4.5,4.5,4.5,4.5,4.5,4.5,4.5,4.5,4.5,4.5,4.5,4.5,4.5,4.5,4.5,4.5,4.5,4.5,4.5,4.5,4.5,4.5,4.5,4.5,4.5,4.5,4.5,4.5,4.5,4.5,4.5,4.5,4.5,4.5,4.5
Berardi Domenico,4.95,5.62,4.5,6.5,5.0,3.5,4.95,4.95,4.95,4.95,4.95,5.0,4.95,4.95,4.95,4.5,4.0,5.0,6.0,5.0,5.5,7.0,9.0,4.95,6.0,5.0,5.0,6.5,7.5,4.95,5.5,8.0,4.95,5.0,4.95,6.0,4.0,6.0,7.5,3.5
Pinamonti Andrea,4.79,4.86,5.0,5.5,6.5,4.5,5.0,5.0,4.5,5.5,4.0,3.0,4.5,4.0,4.5,6.0,4.0,5.0,5.0,4.79,4.79,4.5,4.0,5.0,6.0,4.5,6.5,4.5,4.0,4.5,3.0,6.0,4.0,5.0,5.0,8.0,3.5,6.0,4.5,4.79
Antiste Janis,5.25,4.7,5.25,5.25,5.25,5.25,5.25,5.25,5.25,6.0,4.5,5.25,5.25,5.25,5.25,5.25,5.25,5.25,5.25,5.25,5.25,4.5,5.25,5.25,4.5,5.25,5.25,5.25,5.25,5.25,5.25,5.25,5.25,5.25,4.5,5.0,4.5,4.5,4.5,4.5
Agustín Álvarez Martínez,4.61,4.61,4.61,4.61,4.61,4.0,5.0,4.5,6.0,6.5,4.0,4.5,4.61,4.5,4.5,4.61,4.5,4.5,4.0,4.0,4.0,4.61,4.61,4.61,4.61,4.61,4.61,4.61,4.61,4.61,4.61,4.61,4.61,4.61,4.61,4.61,4.61,4.61,4.61,4.61
Ceïde Emil,4.58,4.5,4.5,4.58,4.5,4.58,4.58,4.58,4.5,6.0,4.0,4.58,4.5,5.0,4.5,4.58,4.58,4.5,4.5,4.5,4.0,4.58,4.58,4.58,4.58,4.5,4.0,4.58,4.58,4.58,4.58,4.5,4.58,4.58,4.0,4.58,4.58,4.58,4.5,4.58
Defrel Gregoire,4.56,4.73,4.5,4.5,4.5,4.5,4.56,4.56,4.56,4.56,4.56,4.56,4.56,4.56,4.56,4.56,4.56,4.5,4.5,4.5,5.0,4.0,4.5,6.0,4.5,5.0,4.5,5.0,6.0,4.56,4.0,6.0,5.0,5.0,4.0,4.5,5.0,4.5,4.5,4.5
Vlasic Nikola,5.53,5.35,5.0,6.0,7.0,7.0,6.0,5.5,5.5,4.5,4.5,5.5,5.5,5.0,5.0,7.0,5.0,5.0,6.0,4.5,5.5,6.5,4.5,5.53,5.53,5.53,5.0,5.0,5.0,5.0,5.53,4.5,5.53,5.0,5.0,5.53,5.53,5.0,5.53,5.53
Sanabria Antonio,4.82,4.92,7.5,4.5,5.0,4.0,5.0,4.0,4.5,6.0,4.5,4.82,4.82,4.82,4.82,4.82,3.5,4.5,6.5,4.0,4.0,7.0,7.0,5.0,6.0,3.5,3.5,4.5,4.5,4.0,4.5,4.82,4.82,4.82,4.82,6.0,4.82,4.82,4.82,4.82
Pellegri Pietro,4.55,4.55,4.55,4.0,4.5,4.5,4.5,4.5,4.5,4.55,4.5,4.5,6.0,4.0,4.5,4.55,4.55,4.55,4.55,4.55,4.55,4.0,4.55,4.55,4.55,4.5,4.55,4.55,4.0,4.55,4.55,4.55,4.55,5.0,6.0,4.55,4.5,4.5,4.0,4.5
Seck Demba,4.88,4.43,4.88,5.0,4.88,5.5,4.88,5.0,5.0,4.88,4.88,4.88,4.88,4.88,4.5,4.5,4.88,4.88,4.88,4.5,5.0,4.5,4.88,4.88,4.88,4.88,4.88,4.88,4.88,4.88,4.88,4.88,4.88,4.5,4.88,5.5,4.5,4.88,4.88,4.0
Karamoh Yann,4.36,4.36,4.36,4.36,4.36,4.36,4.36,4.36,4.36,4.5,4.5,4.5,4.5,4.0,4.0,4.36,4.36,4.36,4.36,4.5,4.36,4.36,4.36,4.36,4.36,4.36,4.36,4.36,4.36,4.36,4.36,4.36,4.36,4.36,4.36,4.36,4.36,4.36,4.36,4.36
Caprari Gianluca,5.03,5.53,4.5,2.5,5.5,4.0,4.0,5.0,5.5,7.0,5.0,5.0,4.0,4.5,6.0,4.0,5.5,5.0,4.5,7.5,6.5,8.0,5.0,7.5,7.0,5.03,8.0,5.03,5.03,6.5,4.0,6.0,6.0,4.5,6.0,7.0,7.0,5.0,5.5,5.0
Ciurria Patrick,5.38,5.38,4.5,5.38,4.5,4.5,5.38,4.0,6.0,7.0,6.0,4.5,3.0,4.5,7.0,5.0,6.0,5.5,7.0,7.0,5.5,5.38,5.38,5.38,5.38,5.38,5.38,5.38,5.38,5.38,5.38,5.38,5.38,5.38,5.38,5.38,5.38,5.38,5.38,5.38
Dany Mota,4.85,4.85,6.5,4.85,4.85,4.5,4.0,3.5,4.5,4.5,4.0,4.85,4.0,4.85,5.0,4.85,7.5,5.0,5.0,4.85,5.0,4.85,4.85,4.85,4.85,4.85,4.85,4.85,4.85,4.85,4.85,4.85,4.85,4.85,4.85,4.85,4.85,4.85,4.85,4.85
Petagna Andrea,4.5,4.67,4.0,3.0,4.5,4.0,5.0,4.5,4.5,4.5,4.5,4.5,4.5,5.0,5.5,4.0,4.0,4.0,4.5,6.0,5.0,4.5,6.5,4.5,4.5,6.0,4.5,3.5,4.5,4.5,4.5,4.5,4.5,4.5,4.5,4.5,4.5,4.0,4.5,6.0
Gytkjær Christian,4.46,4.46,4.5,4.5,4.0,4.46,4.5,4.46,6.0,4.0,5.0,4.5,4.0,4.0,4.46,4.5,4.46,4.46,4.5,4.0,4.5,4.46,4.46,4.46,4.46,4.46,4.46,4.46,4.46,4.46,4.46,4.46,4.46,4.46,4.46,4.46,4.46,4.46,4.46,4.46
Caputo Francesco,4.58,4.9,4.0,4.5,5.0,4.5,6.0,4.0,4.0,4.0,5.0,4.0,4.5,3.5,4.5,4.0,4.5,5.5,6.0,5.0,4.58,4.5,5.0,6.0,4.0,8.0,4.0,5.5,4.58,6.0,5.0,8.0,5.0,4.5,6.0,6.0,4.5,4.0,5.0,3.0
Satriano Martín,4.66,4.77,4.5,4.5,4.5,5.0,6.0,4.0,5.0,3.5,4.66,5.0,4.0,4.66,5.5,4.0,5.0,4.5,4.5,5.0,4.66,4.66,4.66,4.5,4.5,7.5,6.0,5.0,5.0,3.0,4.5,6.0,5.0,4.66,4.0,4.5,6.0,4.0,4.0,4.66
Destro Mattia,4.3,4.38,3.5,5.0,4.5,4.5,4.3,4.3,4.3,4.5,6.0,4.5,3.0,3.0,4.5,4.3,4.3,4.3,4.3,4.3,4.3,6.0,4.3,2.5,3.5,3.5,6.5,4.5,4.3,4.0,5.0,5.5,4.0,4.3,4.0,5.0,4.0,4.0,4.5,4.3
Ekong Emmanuel,4.5,4.5,4.5,4.5,4.5,4.5,4.5,4.5,4.5,4.5,4.5,4.5,4.5,4.5,4.5,4.5,4.5,4.5,4.5,4.5,4.5,4.5,4.5,4.5,4.5,4.5,4.5,4.5,4.5,4.5,4.5,4.5,4.5,4.5,4.5,4.5,4.5,4.5,4.5,4.5
Arthur Cabral,4.86,4.75,4.86,4.5,4.86,3.5,4.5,4.5,4.0,4.5,4.86,5.5,5.5,6.5,5.0,4.0,5.0,6.5,4.5,4.86,4.86,3.5,4.86,4.86,4.86,3.0,5.0,4.86,6.5,4.86,4.0,4.5,4.5,6.5,6.0,3.5,5.0,5.0,3.5,4.5
Jovic Luka,4.68,4.67,7.0,4.5,4.5,4.5,3.0,4.0,4.68,5.0,3.0,4.0,6.0,5.5,4.5,6.0,4.5,4.5,4.68,5.0,4.0,4.68,4.68,4.5,4.68,4.0,4.68,4.68,4.68,4.68,4.68,4.68,4.68,4.68,4.68,4.68,4.0,6.0,4.68,4.68
Kouamé Christian,5.22,5.22,6.0,5.22,4.5,4.5,7.0,4.0,5.5,3.5,5.0,7.0,5.5,5.5,6.0,5.0,4.0,5.5,5.5,5.0,5.0,5.22,5.22,5.22,5.22,5.22,5.22,5.22,5.22,5.22,5.22,5.22,5.22,5.22,5.22,5.22,5.22,5.22,5.22,5.22
González Nicolás,4.89,5.11,4.5,5.0,4.89,4.89,4.89,4.89,6.0,4.89,4.0,5.0,4.5,4.89,4.89,4.89,4.89,4.89,5.0,5.0,5.0,3.5,4.0,6.0,5.5,4.0,6.0,6.5,4.0,4.0,5.0,6.0,7.0,7.5,4.5,4.5,4.0,6.5,4.5,6.0
Sottil Riccardo,5.5,4.92,7.0,4.5,6.0,5.0,6.0,4.0,6.0,5.5,5.5,5.5,5.5,5.5,5.5,5.5,5.5,5.5,5.5,5.5,5.5,4.5,5.5,5.5,6.0,4.0,4.5,5.5,4.0,5.0,4.0,5.5,4.5,5.5,4.0,5.5,4.0,5.5,5.5,5.5
Henry Thomas,4.38,4.66,6.0,6.5,4.0,4.0,6.0,4.0,3.5,4.0,4.0,3.5,4.5,3.0,3.5,5.0,4.5,4.38,4.38,4.38,4.0,6.0,4.5,4.5,6.0,4.5,3.5,6.0,4.38,4.38,4.38,4.0,4.38,6.5,4.5,3.5,4.0,7.5,4.38,4.38
Verdi Simone,5.25,5.33,5.25,5.25,5.25,5.25,5.25,5.25,6.0,5.0,5.5,4.5,4.5,5.25,4.5,5.0,7.0,5.0,5.5,5.25,5.25,7.0,5.25,5.25,5.25,5.25,5.5,5.25,5.5,4.5,4.5,5.0,5.5,5.0,5.25,5.0,5.0,6.0,5.5,5.0
Kallon Yayah,4.88,4.81,4.88,4.88,4.88,6.0,5.0,4.5,4.0,4.5,4.5,5.0,4.0,5.0,5.5,4.5,5.0,5.5,6.0,4.5,4.5,4.88,4.88,4.88,4.88,4.88,4.88,4.88,4.5,4.88,4.0,4.88,4.88,4.88,4.88,4.88,4.88,4.88,4.88,4.88
Djuric Milan,4.73,5.11,4.5,4.5,4.0,4.73,4.73,4.73,4.5,4.0,4.0,5.0,4.0,4.5,4.73,4.5,4.5,6.5,6.0,4.5,6.0,5.0,6.0,4.73,4.73,4.73,6.0,7.0,5.0,3.5,7.5,5.0,5.0,4.5,5.5,7.0,6.0,5.0,6.0,3.5
Lasagna Kevin,4.6,4.74,5.0,4.0,4.0,4.5,5.0,4.0,4.0,4.5,4.6,4.6,4.5,4.0,5.0,5.5,6.0,4.6,4.6,4.5,4.5,6.0,5.0,4.0,5.5,4.0,4.5,4.6,4.6,5.5,4.6,4.6,4.6,5.0,5.0,4.0,5.0,4.5,4.5,6.0
Piccoli Roberto,4.42,4.19,4.5,4.42,4.42,4.42,4.42,4.42,4.42,3.5,4.42,5.0,5.0,4.42,4.42,4.42,4.42,4.42,4.0,4.5,4.42,4.42,4.42,4.5,4.0,4.5,4.0,4.42,4.42,4.42,4.42,4.42,4.0,4.0,3.0,4.42,4.42,4.42,4.42,4.42
Okereke David,4.81,4.72,6.0,4.0,4.0,6.5,4.5,4.5,4.0,5.5,4.5,5.5,5.0,4.5,6.0,4.5,4.5,4.0,4.5,4.5,4.81,4.5,3.5,6.5,4.0,4.0,5.0,4.81,4.81,4.81,4.81,4.5,4.0,4.5,4.0,4.0,4.0,5.0,7.0,4.81
Ciofani Daniel,4.77,4.77,4.77,4.5,4.5,4.77,4.5,4.5,4.77,6.0,4.5,5.0,4.0,4.5,5.0,4.0,4.5,4.5,5.0,6.5,4.77,4.77,4.77,4.77,4.77,4.77,4.77,4.77,4.77,4.77,4.77,4.77,4.77,4.77,4.77,4.77,4.77,4.77,4.77,4.77
Dessers Cyriel,4.44,4.44,5.0,5.0,4.5,4.0,4.0,4.5,3.0,4.5,5.5,6.0,2.5,4.0,4.44,4.44,4.5,4.0,4.0,6.0,4.44,4.44,4.44,4.44,4.44,4.44,4.44,4.44,4.44,4.44,4.44,4.44,4.44,4.44,4.44,4.44,4.44,4.44,4.44,4.44
Buonaiuto Cristian,5.07,5.07,5.5,5.0,5.5,5.07,5.0,5.07,5.07,5.0,4.5,5.07,5.0,6.0,5.5,5.5,5.0,4.5,4.5,4.5,5.07,5.07,5.07,5.07,5.07,5.07,5.07,5.07,5.07,5.07,5.07,5.07,5.07,5.07,5.07,5.07,5.07,5.07,5.07,5.07
Tsadjout Frank,4.7,4.7,4.7,4.5,4.7,4.7,4.0,4.7,4.7,4.7,4.7,4.7,4.7,4.7,5.0,4.7,4.7,4.7,5.0,5.0,4.7,4.7,4.7,4.7,4.7,4.7,4.7,4.7,4.7,4.7,4.7,4.7,4.7,4.7,4.7,4.7,4.7,4.7,4.7,4.7
Afena-Gyan Felix,4.33,4.38,4.33,4.33,4.33,4.33,4.33,4.0,4.33,4.5,5.0,4.5,4.0,4.33,4.5,3.5,4.33,4.5,4.5,4.33,4.33,4.5,4.5,4.5,4.5,4.5,4.0,4.33,4.33,4.5,4.0,4.33,4.33,5.0,4.5,4.33,4.0,4.33,4.33,4.33
Gabbiadini Manolo,4.74,4.89,4.74,4.74,4.5,6.0,4.0,5.0,5.0,3.5,5.0,4.0,5.5,3.5,4.5,4.5,4.5,7.0,5.5,4.5,4.0,6.0,5.0,6.0,4.0,6.0,4.74,4.74,4.74,4.74,4.74,4.74,4.74,4.74,4.74,4.74,4.74,4.74,4.74,4.74
Lammers Sam,4.67,4.67,5.0,4.5,4.5,5.0,6.5,4.5,4.0,4.5,4.5,4.0,4.5,4.67,5.0,5.0,4.5,4.5,5.0,4.0,4.5,4.67,4.67,4.67,4.67,4.67,4.67,4.67,4.67,4.67,4.67,4.67,4.67,4.67,4.67,4.67,4.67,4.67,4.67,4.67
Pussetto Ignacio,4.7,4.7,4.7,4.7,4.7,4.7,4.5,4.7,4.7,4.0,4.7,4.5,5.5,5.0,4.7,4.7,4.7,4.7,4.7,4.7,4.7,5.0,3.5,4.5,4.7,6.0,4.5,4.7,4.7,4.0,4.5,4.5,6.0,4.7,6.5,4.0,6.0,5.0,3.0,4.7
De Luca Manuel,4.5,4.5,4.5,4.5,4.5,4.5,4.5,4.5,4.5,4.5,4.5,4.5,4.5,4.5,4.5,4.5,4.5,4.5,4.5,4.5,4.5,4.5,4.5,4.5,4.5,4.5,4.5,4.5,4.5,4.5,4.5,4.5,4.5,4.5,4.5,4.5,4.5,4.5,4.5,4.5
Quagliarella Fabio,4.5,4.66,4.5,4.5,4.5,5.0,4.5,4.5,4.5,4.0,4.5,4.5,4.5,4.5,4.5,4.5,4.5,4.5,4.5,4.5,4.5,4.5,5.0,4.5,4.5,4.5,4.5,7.5,4.5,4.0,4.0,4.5,4.0,5.0,4.0,4.5,4.5,4.5,7.0,4.5
Montevago Daniele,4.25,4.25,4.25,4.25,4.25,4.25,4.25,4.25,4.25,4.25,4.25,4.25,4.25,4.5,4.5,3.5,4.5,4.0,4.5,4.25,4.25,4.25,4.25,4.25,4.25,4.25,4.25,4.25,4.25,4.25,4.25,4.25,4.25,4.25,4.25,4.25,4.25,4.25,4.25,4.25
Haaland Erling,6.5,6.5,7.0,6.5,6.0,8.0,8.5,7.0,6.5,6.5,9.0,6.5,5.0,6.5,7.0,6.5,5.5,4.5,8.0,6.0,4.0,4.0,8.0,6.5,6.5,6.5,6.5,6.5,6.5,6.5,6.5,6.5,6.5,6.5,6.5,6.5,6.5,6.5,6.5,6.5
Álvarez Julián,5.17,5.17,4.5,4.0,5.17,5.0,8.5,5.17,7.0,5.0,4.5,4.5,4.5,5.17,4.5,4.5,7.0,5.0,5.17,4.5,5.17,5.17,4.5,5.17,5.17,5.17,5.17,5.17,5.17,5.17,5.17,5.17,5.17,5.17,5.17,5.17,5.17,5.17,5.17,5.17
Kane Harry,6.23,6.22,5.5,6.5,6.5,8.0,5.5,7.0,5.0,7.0,5.5,6.5,7.0,4.0,7.0,5.0,6.0,7.0,6.0,5.0,8.5,6.0,6.23,8.0,4.5,4.0,5.5,8.0,8.0,8.0,5.5,7.0,6.5,8.0,4.0,5.0,6.5,5.0,5.0,8.0
Richarlison,4.96,5.31,4.96,4.0,4.5,6.0,5.0,7.0,4.0,5.0,5.0,4.5,5.0,4.96,4.96,4.96,4.96,5.0,4.96,4.96,4.96,4.5,4.96,7.0,4.5,5.0,5.5,4.5,5.0,3.0,4.5,5.5,6.0,5.0,7.0,5.0,6.5,6.0,6.5,4.96
Gil Bryan,4.88,4.8,4.88,4.88,4.88,4.88,4.88,4.88,4.88,4.88,4.88,4.88,4.88,4.88,4.88,4.5,4.88,4.88,4.88,3.5,7.0,4.5,4.88,4.88,4.5,4.5,5.0,4.88,4.5,4.5,5.5,5.5,4.88,5.0,4.88,4.0,4.88,4.0,4.5,5.0
Toney Ivan,5.64,5.49,6.0,7.0,6.0,4.0,5.0,9.0,5.64,3.5,5.0,4.0,7.5,4.5,4.0,4.5,5.64,8.0,6.0,7.5,5.64,6.0,4.0,5.64,6.0,5.64,5.64,5.64,5.0,5.64,8.0,4.5,7.0,7.5,4.5,5.0,4.0,7.0,4.0,4.5
Wissa Yoane,5.3,5.3,4.5,4.5,5.0,4.0,6.0,6.5,5.3,5.0,5.0,5.0,5.0,5.0,5.5,4.5,7.5,5.5,5.0,5.5,7.0,5.0,5.0,5.3,4.5,5.0,4.0,4.5,5.5,5.3,4.5,7.0,6.5,5.0,5.0,5.5,5.0,6.5,6.5,6.0
Mbeumo Bryan,5.18,5.13,6.0,6.5,5.5,5.0,4.5,7.0,5.18,3.5,4.0,4.5,5.5,5.0,4.0,6.0,6.0,5.0,4.0,5.0,7.5,5.0,4.0,5.18,6.0,5.0,4.5,4.0,5.0,5.18,6.0,5.0,7.5,7.0,5.0,5.0,3.0,5.0,5.0,5.0
Schade Kevin,5.0,5.0,5.0,5.0,5.0,5.0,5.0,5.0,5.0,5.0,5.0,5.0,5.0,5.0,5.0,5.0,5.0,5.0,5.0,5.0,5.0,5.0,5.0,5.0,5.0,5.0,5.0,5.0,5.0,5.0,5.0,5.0,5.0,5.0,5.0,5.0,5.0,5.0,5.0,5.0
Lewis-Potter Keane,4.78,4.78,4.5,4.78,5.0,5.5,4.5,5.0,4.78,4.78,4.78,4.78,4.78,4.78,4.78,5.0,4.5,4.78,4.78,4.78,4.5,4.5,4.78,4.78,4.78,4.78,4.78,4.78,4.78,4.78,4.78,4.78,4.78,4.78,4.78,4.78,4.78,4.78,4.78,4.78
Ghoddos Saman,4.61,4.69,4.61,4.61,4.5,4.61,4.5,4.61,4.61,4.61,4.61,4.5,4.5,4.5,4.61,4.61,4.5,4.61,4.5,5.0,5.0,4.61,4.61,4.61,5.0,4.5,4.5,4.5,4.61,4.61,4.61,4.61,4.61,4.61,4.5,5.5,4.61,4.61,4.61,4.61
Canós Sergi,4.4,4.32,4.4,4.4,4.4,4.4,4.4,4.4,4.4,4.4,4.4,4.4,5.0,4.4,4.0,4.5,4.5,4.4,4.4,4.4,4.0,4.4,4.4,4.4,4.0,4.0,5.0,4.5,4.5,4.4,6.0,4.4,4.5,5.0,4.4,4.4,4.4,4.4,4.4,3.5
Mitrovic Aleksandar,5.63,5.63,8.0,3.0,6.5,6.0,7.0,6.5,5.63,5.0,4.0,5.63,6.5,6.0,6.0,4.5,5.63,5.63,8.5,4.0,6.0,2.5,5.63,5.63,5.63,5.63,5.63,5.63,5.63,5.63,5.63,5.63,5.63,5.63,5.63,5.63,5.63,5.63,5.63,5.63
Willian,5.96,5.96,5.96,5.96,5.96,5.96,5.96,4.0,7.0,6.0,5.96,5.96,5.0,7.0,8.0,6.5,5.0,5.0,6.5,5.5,7.0,5.0,5.96,5.96,5.96,5.96,5.96,5.96,5.96,5.96,5.96,5.96,5.96,5.96,5.96,5.96,5.96,5.96,5.96,5.96
Carlos Vinícius,4.54,4.54,4.54,4.54,4.54,4.54,4.54,4.5,7.0,4.0,5.0,3.5,4.5,4.5,4.0,4.54,4.0,4.5,4.5,4.54,4.54,4.5,4.54,4.54,4.54,4.54,4.54,4.54,4.54,4.54,4.54,4.54,4.54,4.54,4.54,4.54,4.54,4.54,4.54,4.54
Rodrigo,5.56,5.26,6.0,8.0,7.0,5.0,4.0,5.56,5.56,5.56,5.0,5.5,5.0,3.5,6.0,7.0,5.0,7.5,4.5,5.0,6.5,4.5,5.0,5.56,5.5,6.5,4.5,6.0,4.5,4.5,5.56,6.5,5.0,7.0,3.5,5.5,3.0,4.0,5.0,5.0
Gnonto Wilfried,5.44,5.44,5.44,5.44,5.44,5.44,5.44,5.44,5.44,5.44,5.44,5.44,5.44,5.44,5.44,5.0,6.0,5.0,5.0,5.0,7.0,5.0,5.5,5.44,5.44,5.44,5.44,5.44,5.44,5.44,5.44,5.44,5.44,5.44,5.44,5.44,5.44,5.44,5.44,5.44
Greenwood Sam,4.75,4.84,4.5,4.75,4.5,4.75,4.75,4.5,4.75,4.75,4.75,4.75,4.75,4.75,4.5,4.75,7.0,4.0,5.0,4.75,4.5,4.5,4.5,4.75,4.75,4.75,4.75,4.75,4.75,4.75,4.75,5.5,4.75,6.0,4.75,4.5,4.5,4.75,4.5,5.0
Bamford Patrick,4.5,4.54,5.0,4.5,4.5,4.5,4.5,3.5,4.5,4.5,5.0,4.5,2.5,5.0,4.0,5.0,4.5,4.5,4.5,4.5,4.5,6.0,4.5,4.5,4.5,4.5,4.5,4.5,4.5,4.5,4.5,4.5,4.5,4.5,4.5,4.5,4.5,4.5,4.5,4.5
Gelhardt Joe,4.57,4.59,4.5,4.57,4.5,5.0,4.0,3.5,4.57,4.57,4.57,4.5,4.5,4.5,6.0,4.57,4.0,4.5,4.0,4.5,4.5,6.0,4.57,4.57,4.5,4.57,4.57,5.0,4.57,4.5,4.57,4.57,4.5,4.57,5.0,4.5,5.0,4.5,5.0,4.0
Mateo Joseph,4.5,4.5,4.5,4.5,4.5,4.5,4.5,4.5,4.5,4.5,4.5,4.5,4.5,4.5,4.5,4.5,4.5,4.5,4.5,4.5,4.5,4.5,4.5,4.5,4.5,4.5,4.5,4.5,4.5,4.5,4.5,4.5,4.5,4.5,4.5,4.5,4.5,4.5,4.5,4.5
Wilson Callum,5.33,5.32,7.0,3.5,6.5,5.33,5.33,5.33,5.33,5.33,6.5,6.0,4.5,5.0,6.0,8.0,4.5,4.0,5.33,4.0,4.5,6.0,4.0,5.33,5.33,5.33,5.33,5.33,5.33,5.33,5.33,5.33,5.33,5.33,5.33,5.33,5.33,4.0,5.0,7.5
Isak Alexander,5.5,5.0,5.5,5.5,5.5,5.5,6.0,5.0,5.5,6.0,5.5,5.5,5.5,5.5,5.5,5.5,5.5,5.5,5.5,5.5,5.5,6.0,4.5,4.5,4.5,6.0,5.5,5.5,3.5,5.0,4.5,7.0,4.5,4.5,4.0,4.0,5.0,5.5,7.0,4.0
Wood Chris,4.63,4.51,4.5,4.5,4.5,5.0,4.5,4.5,4.63,4.5,4.63,4.5,4.5,4.0,4.5,4.0,6.5,5.0,6.0,4.0,4.5,4.0,4.5,4.0,5.0,5.0,4.5,4.5,5.5,4.5,3.5,4.5,3.0,6.0,4.0,4.63,4.0,2.5,4.63,4.5
Rashford Marcus,5.63,5.17,3.5,4.0,7.0,5.0,6.0,8.5,5.0,5.63,4.0,6.0,4.5,5.5,4.5,6.5,3.5,5.5,7.5,6.0,7.0,7.0,6.0,5.63,6.0,4.5,5.0,5.63,4.0,4.5,5.0,2.5,4.0,4.0,4.0,4.5,5.63,5.63,4.5,5.63
Antony,5.77,5.77,5.77,5.77,5.77,5.77,5.77,7.0,5.5,5.77,5.5,7.0,6.0,6.0,6.0,5.77,5.77,5.77,5.0,5.5,5.77,5.0,5.0,5.77,5.77,5.77,5.77,5.77,5.77,5.77,5.77,5.77,5.77,5.77,5.77,5.77,5.77,5.77,5.77,5.77
Martial Anthony,5.33,4.89,5.33,5.33,6.0,5.33,5.33,5.33,5.33,5.33,7.5,6.0,5.33,5.33,5.33,5.33,4.5,4.5,6.5,4.0,4.5,4.5,5.33,5.33,4.5,6.0,4.5,5.33,5.33,4.5,4.0,4.0,4.5,4.0,5.33,5.33,5.33,4.0,5.33,5.33
Elanga Anthony,4.88,5.03,4.5,4.5,6.0,6.0,5.0,4.88,4.88,4.88,4.88,4.88,4.88,4.5,4.5,5.0,5.0,5.5,4.5,4.5,4.0,4.88,4.88,5.0,5.5,4.5,4.5,6.0,5.0,5.5,4.5,4.0,5.0,4.0,7.0,4.5,6.5,4.0,5.5,5.0
Weghorst Wout,4.25,4.07,4.25,4.25,4.25,4.25,4.25,4.25,4.5,4.25,4.25,4.25,4.25,4.25,4.25,4.25,4.25,4.25,4.25,4.25,4.25,4.25,4.0,4.25,4.25,6.0,4.0,7.5,5.0,3.0,4.0,5.0,3.5,4.0,6.5,6.0,4.5,4.5,4.5,4.0
Saka Bukayo,6.26,6.03,6.0,6.0,6.5,6.0,6.0,6.0,6.26,7.0,6.5,8.0,7.0,6.26,4.5,6.0,6.0,5.0,7.0,7.0,5.0,6.0,7.5,4.0,5.5,5.5,8.0,6.5,4.5,7.0,6.0,7.0,3.5,5.0,5.0,7.5,6.5,4.5,5.0,6.0
Gabriel Jesus,5.75,5.57,5.0,8.0,6.0,5.0,6.0,5.0,5.75,6.5,7.0,6.0,4.0,5.75,4.0,7.0,5.0,6.0,5.75,5.75,5.75,5.75,5.75,4.5,4.5,5.75,5.75,5.75,4.5,5.75,5.75,4.5,4.0,7.0,5.75,9.5,7.0,4.5,6.0,4.5
Nketiah Eddie,4.94,4.99,4.5,4.5,4.5,5.0,4.5,4.5,4.94,4.0,4.5,4.0,4.0,4.94,4.5,4.5,4.94,4.94,6.5,6.5,4.5,5.5,8.0,4.0,4.5,4.0,8.0,4.0,4.5,4.0,4.0,4.0,5.0,4.5,4.5,5.0,6.0,7.5,4.0,7.0
Nelson Reiss,6.25,6.25,6.25,6.25,6.25,6.25,6.25,6.25,6.25,6.25,6.25,6.25,6.25,6.25,6.25,8.0,6.25,4.5,6.25,6.25,6.25,6.25,6.25,6.25,6.25,6.25,6.25,6.25,6.25,6.25,6.25,6.25,6.25,6.25,6.25,6.25,6.25,6.25,6.25,6.25
Marquinhos,4.5,4.5,4.5,4.5,4.5,4.5,4.5,4.5,4.5,4.5,4.5,4.5,4.5,4.5,4.5,4.5,4.5,4.5,4.5,4.5,4.5,4.5,4.5,4.5,4.5,4.5,4.5,4.5,4.5,4.5,4.5,4.5,4.5,4.5,4.5,4.5,4.5,4.5,4.5,4.5
Daka Patson,5.0,4.76,4.5,4.5,4.0,5.0,4.5,7.0,5.0,4.0,6.0,6.0,5.5,4.5,4.5,4.0,5.5,6.0,4.0,6.0,5.0,5.0,4.5,4.5,6.0,3.5,4.5,4.0,5.0,5.0,4.0,4.0,4.5,4.5,3.5,4.5,4.5,6.0,4.5,5.0
Iheanacho Kelechi,4.68,4.88,4.68,6.0,4.0,4.5,4.5,5.5,4.68,4.5,4.68,4.5,5.0,4.0,4.68,5.0,4.68,4.68,4.5,4.5,4.5,4.5,4.68,4.68,4.68,4.5,4.68,4.5,4.5,5.5,4.0,4.5,6.0,4.0,5.0,4.68,6.0,5.0,4.68,4.68
Vardy Jamie,4.55,4.93,5.0,4.5,4.0,5.0,4.0,4.5,4.55,4.5,5.5,4.0,4.0,4.5,7.0,4.0,4.5,4.5,4.0,4.5,4.5,4.0,4.5,7.0,4.55,4.55,4.55,4.55,4.0,4.5,4.55,4.55,4.55,4.55,4.55,4.5,4.5,4.5,8.0,7.0
Roberto Firmino,5.77,5.48,4.0,5.77,4.5,9.0,7.0,5.5,5.77,5.77,7.0,6.0,5.5,5.5,4.0,5.5,5.0,6.5,5.77,5.77,5.77,5.77,5.77,5.77,5.0,4.5,4.5,5.77,6.0,5.77,5.77,5.77,5.5,4.5,5.77,5.77,5.77,5.77,5.5,6.0
Mohamed Salah Mohamed,5.18,5.31,6.0,4.5,6.0,4.5,6.5,5.0,5.18,5.18,4.5,4.5,6.0,5.0,4.0,6.5,7.0,4.0,7.5,5.0,4.5,3.0,4.5,5.18,5.18,5.0,4.5,5.18,4.5,4.0,6.5,8.0,4.5,6.0,4.5,6.0,4.5,5.0,5.18,7.0
Núñez Darwin,5.21,5.21,6.0,2.5,5.21,5.21,5.21,5.0,5.21,5.21,4.0,6.0,5.0,6.5,5.21,4.5,6.5,7.5,5.0,6.0,3.5,5.21,5.0,5.21,5.21,5.21,5.21,5.21,5.21,5.21,5.21,5.21,5.21,5.21,5.21,5.21,5.21,5.21,5.21,5.21
Díaz Luis,5.44,5.28,4.5,6.5,3.0,8.0,5.0,5.0,5.44,5.44,6.0,5.5,5.44,5.44,5.44,5.44,5.44,5.44,5.44,5.44,5.44,5.44,5.44,5.44,5.44,5.5,5.44,5.44,4.5,5.0,6.0,7.0,5.44,4.5,5.5,6.0,5.5,7.0,5.44,5.5
Ferguson Evan,6.1,5.83,6.1,6.1,6.1,6.1,6.1,6.1,6.1,6.1,6.1,6.1,6.1,6.1,6.1,6.1,6.1,6.1,4.5,6.5,7.0,6.5,6.0,6.1,6.1,6.1,6.1,4.5,6.1,6.1,6.1,6.1,6.1,6.1,6.1,6.1,6.1,6.1,6.1,6.1
Welbeck Danny,5.0,5.01,6.0,4.5,6.0,5.0,5.0,6.0,5.0,5.0,6.0,4.0,4.0,4.5,4.5,5.0,4.5,4.0,5.0,5.0,5.0,6.5,4.5,4.5,6.0,4.0,4.0,3.0,4.0,4.0,5.0,3.5,5.0,5.0,5.0,6.0,7.5,6.0,6.0,7.5
Enciso Julio,4.88,4.88,4.88,4.88,4.88,4.88,4.88,4.88,4.88,4.88,4.88,4.88,4.88,4.88,4.88,6.0,4.88,4.0,4.88,4.5,5.0,4.88,4.88,4.88,4.88,4.88,4.88,4.88,4.88,4.88,4.88,4.88,4.88,4.88,4.88,4.88,4.88,4.88,4.88,4.88
Sarmiento Jeremy,4.67,4.56,4.67,4.67,4.67,4.67,4.67,4.67,4.67,4.67,4.67,4.67,4.67,4.67,4.5,4.0,4.67,4.67,5.0,4.0,5.5,5.0,4.67,4.67,4.67,4.67,4.67,4.67,4.67,4.67,4.67,4.0,4.5,4.67,4.67,4.5,4.67,4.67,4.67,4.67
Undav Deniz,4.56,4.56,4.5,4.56,4.56,4.56,4.5,4.5,4.56,4.56,4.56,4.56,4.5,4.5,4.5,4.56,5.0,4.5,4.56,4.56,4.56,4.56,4.56,4.56,4.56,4.56,4.56,4.56,4.56,4.56,4.56,4.56,4.56,4.56,4.56,4.56,4.56,4.56,4.56,4.56
Zaha Wilfried,5.26,5.44,6.0,6.0,7.5,5.26,6.5,5.0,5.5,5.26,5.0,5.5,4.5,7.0,3.5,6.0,7.0,3.0,3.5,6.0,3.5,4.0,5.0,5.26,5.26,5.26,4.5,3.5,5.5,6.5,6.0,4.5,7.5,6.0,5.5,7.0,6.5,6.0,4.0,7.0
Édouard Odsonne,4.83,4.82,4.0,4.5,6.0,4.5,4.5,5.0,4.5,4.83,6.0,6.0,4.5,6.0,3.0,7.0,4.83,4.5,4.83,4.5,4.5,4.0,4.0,3.5,6.0,4.83,4.5,4.83,4.83,4.83,5.0,5.0,4.5,4.83,4.83,4.83,4.83,5.0,4.0,4.0
Ayew Jordan,4.93,4.99,4.0,5.5,5.5,4.5,4.5,5.5,4.0,4.93,5.5,5.5,4.5,4.5,4.5,4.5,6.0,4.5,4.0,7.0,4.5,5.0,5.0,4.93,4.5,4.93,4.0,5.0,4.93,4.93,4.5,3.5,7.5,5.5,6.0,4.5,4.5,4.93,4.93,4.93
Mateta Jean-Philippe,4.59,4.8,4.5,4.59,6.0,4.5,5.0,5.5,4.5,4.59,4.5,4.0,4.5,4.5,4.0,4.59,4.59,4.5,4.59,4.0,4.5,4.0,5.0,4.0,5.0,4.59,4.0,4.5,4.5,7.0,4.5,4.5,6.0,4.5,6.0,4.0,4.5,4.5,4.0,4.59
Ebiowei Malcolm,4.83,4.83,5.0,4.83,4.83,4.83,4.83,4.83,4.83,4.83,4.83,4.83,4.83,4.83,4.5,4.83,4.83,5.0,4.83,4.83,4.83,4.83,4.83,4.83,4.83,4.83,4.83,4.83,4.83,4.83,4.83,4.83,4.83,4.83,4.83,4.83,4.83,4.83,4.83,4.83
Ings Danny,4.95,4.93,4.5,6.0,4.5,4.0,4.5,4.95,4.95,4.0,4.5,4.5,5.0,5.0,7.5,3.0,4.5,7.5,4.5,4.5,7.0,4.0,5.0,4.0,4.0,4.95,4.5,3.5,5.0,7.5,4.0,4.5,4.95,3.5,3.5,4.95,7.0,7.0,4.0,4.5
Bowen Jarrod,5.48,5.66,4.5,4.5,5.0,5.0,5.5,5.5,5.48,6.0,8.0,7.0,5.0,4.0,5.0,5.0,4.5,5.5,5.0,5.5,6.0,5.0,8.0,5.48,5.5,7.0,7.5,5.0,5.0,5.0,5.48,5.48,6.5,4.0,5.5,4.5,6.0,8.0,8.0,4.0
Scamacca Gianluca,4.81,5.05,4.5,4.5,4.5,5.0,4.81,4.81,4.81,4.0,7.0,6.0,5.0,3.5,5.0,4.0,4.0,4.5,4.81,4.5,6.5,4.5,4.81,6.0,3.5,3.5,4.81,7.0,4.5,4.81,7.0,7.0,4.0,4.5,3.5,5.0,3.5,6.5,8.0,3.0
Antonio Michail,4.71,4.89,4.0,4.5,4.0,4.5,6.0,5.5,4.71,5.0,4.5,6.0,4.5,4.5,4.0,5.0,4.0,4.71,4.5,4.5,4.5,4.0,6.0,4.71,3.5,4.0,4.5,4.5,6.5,5.0,5.0,3.5,6.0,3.5,5.0,4.71,4.0,6.0,6.0,6.0
Adams Che,4.84,4.82,4.84,4.5,7.5,4.5,5.0,4.5,4.84,4.0,5.5,3.0,5.0,6.0,4.5,4.0,4.5,7.0,4.0,5.0,3.0,6.5,4.0,4.0,4.0,6.5,6.5,6.0,6.5,3.0,5.0,4.5,4.5,3.0,4.84,5.0,4.0,4.84,4.0,4.5
Adam Armstrong Adam,4.79,4.57,4.0,5.5,5.0,5.0,7.0,4.5,4.79,5.0,5.0,3.5,4.5,5.0,5.0,4.79,5.0,4.0,4.5,4.0,5.0,5.0,4.5,4.5,4.79,4.79,4.79,4.5,4.79,4.79,4.79,4.79,4.79,3.5,4.79,4.79,4.79,3.0,4.79,4.0
Mara Sékou,4.43,4.71,4.43,6.0,4.5,4.5,4.43,4.5,4.43,4.5,4.5,4.0,4.5,4.43,4.43,4.0,4.43,4.43,4.5,4.5,4.0,4.0,4.0,4.43,4.43,4.5,4.5,4.5,4.43,4.0,3.0,4.43,4.5,7.0,6.0,4.5,4.0,6.5,5.0,8.0
Walcott Theo,4.17,4.4,4.17,4.17,4.17,4.17,4.17,4.17,4.17,4.17,4.17,4.17,4.17,4.17,4.0,4.17,4.0,4.5,4.17,4.17,4.17,4.17,4.17,4.17,4.17,4.5,4.17,4.17,4.17,4.17,4.17,4.17,4.17,4.17,4.17,4.17,4.17,4.17,4.17,4.17
Gonçalo Guedes,5.0,5.27,5.0,4.5,5.5,5.5,5.0,5.0,5.0,5.0,4.5,5.0,5.0,4.5,5.0,4.5,7.0,5.0,4.0,5.0,5.0,5.0,5.0,6.0,5.0,6.0,4.0,5.0,7.0,5.0,7.0,5.0,5.5,6.0,5.0,5.0,5.0,5.0,4.5,5.0
Adama Traoré Adama,4.68,4.82,4.68,4.5,4.5,4.68,4.5,4.5,4.68,4.68,4.5,4.5,6.5,6.5,3.5,4.5,5.0,4.5,4.5,4.0,4.5,5.0,4.0,6.5,4.5,6.0,4.5,6.0,4.68,4.68,5.0,4.68,4.5,5.0,4.68,4.68,4.5,4.68,4.68,2.5
Jiménez Raúl,4.67,4.78,4.67,4.67,4.5,5.0,4.5,4.67,4.67,4.67,4.67,4.67,4.67,4.67,4.67,4.67,4.67,4.67,4.67,5.0,4.67,4.5,4.5,6.0,4.67,4.0,7.0,5.5,4.5,4.5,5.0,2.0,4.67,4.67,3.0,5.5,4.0,4.5,5.0,6.0
Matheus Cunha,4.67,5.03,4.67,4.67,4.67,4.67,4.67,4.67,4.67,4.67,4.67,4.67,4.67,4.67,4.67,4.67,4.67,4.67,4.67,4.67,4.5,5.0,4.5,7.0,5.0,6.0,4.67,4.67,4.67,4.67,4.67,8.0,4.0,6.0,4.0,4.5,6.0,6.5,4.5,4.5
Hwang Hee-Chan Hee-Chan,4.59,4.69,6.0,5.0,4.5,4.0,4.59,4.0,4.59,4.5,4.59,4.5,4.0,4.5,4.5,4.59,4.0,4.59,4.5,5.5,5.0,5.0,4.0,4.59,4.59,4.59,4.5,5.0,5.0,5.0,4.5,5.0,4.0,5.0,4.0,5.5,4.5,4.5,4.0,4.0
Kalajdzic Sasa,4.5,4.5,4.5,4.5,4.5,4.5,4.5,4.5,4.5,4.5,4.5,4.5,4.5,4.5,4.5,4.5,4.5,4.5,4.5,4.5,4.5,4.5,4.5,4.5,4.5,4.5,4.5,4.5,4.5,4.5,4.5,4.5,4.5,4.5,4.5,4.5,4.5,4.5,4.5,4.5
Diego Costa,4.33,4.33,4.33,4.33,4.33,4.33,4.33,4.33,4.33,4.33,4.0,4.0,4.5,4.0,4.0,4.5,4.33,4.33,4.5,4.5,5.0,4.33,4.33,4.33,4.33,4.33,4.33,4.33,4.33,4.33,4.33,4.33,4.33,4.33,4.33,4.33,4.33,4.33,4.33,4.33
Sterling Raheem,5.1,5.53,5.0,5.0,3.0,7.5,6.0,4.5,5.1,5.1,5.5,5.1,5.0,5.0,5.0,3.0,4.5,5.1,7.0,6.0,4.5,5.1,5.1,4.5,4.0,7.0,8.5,4.0,4.0,5.1,5.1,5.1,7.0,4.0,7.0,6.0,6.5,8.0,5.1,6.0
Broja Armando,4.63,4.6,5.0,4.5,4.63,4.63,5.0,4.5,4.63,4.63,4.5,6.0,4.5,3.5,5.5,4.5,4.0,4.0,4.63,4.63,4.63,4.63,4.63,3.5,4.0,6.0,5.0,5.0,6.0,3.5,4.0,4.0,4.0,4.63,4.5,4.5,4.5,3.5,4.0,4.63
Aubameyang Pierre-Emerick,4.55,5.04,4.55,4.55,4.55,4.55,4.55,4.55,4.55,4.55,6.5,4.55,4.0,5.0,4.5,4.5,4.0,4.55,4.5,4.0,3.5,5.0,4.5,4.55,4.5,4.5,8.5,7.0,4.55,4.55,8.5,5.0,6.0,4.0,6.0,4.0,4.0,7.5,4.0,3.5
João Félix,3.5,5.32,3.5,3.5,3.5,3.5,3.5,3.5,3.5,3.5,3.5,3.5,3.5,3.5,3.5,3.5,3.5,3.5,3.5,3.5,3.5,3.5,3.5,4.5,4.0,6.0,7.5,5.0,8.0,6.0,6.0,8.0,4.5,4.0,3.5,3.5,3.5,3.5,3.5,3.5
Moore Kieffer,4.5,4.5,6.5,3.0,3.5,3.0,4.5,4.5,4.5,4.5,4.5,4.5,4.5,4.5,4.5,7.5,4.0,6.5,4.0,3.5,4.5,4.0,4.0,4.5,4.5,4.5,4.5,4.5,4.5,4.5,4.5,4.5,4.5,4.5,4.5,4.5,4.5,4.5,4.5,4.5
Solanke Dominic,5.16,5.16,5.0,5.16,5.16,4.0,4.5,7.5,5.16,5.0,5.0,6.0,7.0,4.0,4.5,4.5,6.0,7.0,4.5,4.0,4.0,5.16,5.16,5.16,5.16,5.16,5.16,5.16,5.16,5.16,5.16,5.16,5.16,5.16,5.16,5.16,5.16,5.16,5.16,5.16
Bailey Leon,5.13,4.95,5.0,4.5,5.0,4.5,5.0,6.0,5.13,4.0,4.5,5.13,5.0,4.5,8.0,4.5,7.0,4.0,4.0,5.0,5.0,7.0,5.0,5.13,5.13,5.13,4.5,4.0,5.13,4.0,5.5,4.0,4.5,4.5,5.13,5.0,5.0,5.13,5.13,5.13
Watkins Ollie,5.03,5.06,4.5,6.5,6.0,5.0,4.0,4.0,5.03,4.5,5.0,4.5,3.5,4.5,7.0,3.5,6.0,5.03,6.0,6.5,4.5,4.0,6.0,4.5,4.0,5.0,4.0,5.0,6.0,7.0,4.5,4.0,6.0,4.0,5.0,5.0,7.0,7.0,6.0,4.0
Johnson Brennan,4.83,4.83,3.5,5.0,6.5,4.5,4.0,5.0,4.83,4.0,4.0,5.0,3.0,4.5,4.0,4.0,5.0,6.0,3.5,5.0,6.0,8.0,6.0,4.83,4.83,4.83,4.83,4.83,4.83,4.83,4.83,4.83,4.83,4.83,4.83,4.83,4.83,4.83,4.83,4.83
Awoniyi Taiwo,4.78,4.78,4.5,6.0,5.0,4.5,4.0,4.0,4.78,6.0,4.0,4.78,4.5,4.5,7.0,3.5,4.0,4.78,3.5,5.0,6.5,4.78,4.78,4.78,4.78,4.78,4.78,4.78,4.78,4.78,4.78,4.78,4.78,4.78,4.78,4.78,4.78,4.78,4.78,4.78
Dennis Emmanuel,4.7,4.52,4.7,4.7,4.7,4.5,4.0,4.5,4.7,4.0,5.0,6.0,4.0,4.7,4.7,4.5,5.5,4.7,5.0,4.7,4.7,4.7,4.7,5.0,3.0,4.5,4.0,6.5,4.0,4.0,5.0,4.7,4.0,4.0,6.5,5.5,4.5,4.0,4.7,4.7
Surridge Sam,4.54,4.54,4.0,4.0,4.54,4.5,4.54,4.54,4.54,4.5,4.54,4.5,4.5,4.54,4.54,4.54,4.5,4.5,4.5,4.5,4.5,4.5,6.0,4.54,4.54,4.54,4.54,4.54,4.54,4.54,4.54,4.54,4.54,4.54,4.54,4.54,4.54,4.54,4.54,4.54
Maupay Neal,4.46,4.68,4.46,4.46,4.46,4.46,4.46,5.0,4.46,7.0,4.0,3.5,4.0,4.0,4.5,4.5,4.5,3.5,5.0,4.0,4.5,4.46,4.46,5.0,6.0,4.0,7.0,3.5,5.0,5.0,5.0,4.5,2.5,4.46,4.46,4.5,4.46,4.0,4.46,5.0
Calvert-Lewin Dominic,4.35,4.4,4.35,4.35,4.35,4.35,4.35,4.35,4.35,4.35,4.35,4.5,4.5,3.0,7.0,4.0,4.5,4.35,4.35,4.5,3.5,4.0,4.0,4.5,3.5,4.35,5.0,4.0,4.35,2.5,4.35,4.0,4.5,3.5,6.0,4.35,4.35,4.35,6.5,5.5
Lewandowski Robert,6.13,6.13,5.0,8.0,8.0,7.5,7.5,8.0,6.5,4.5,5.0,7.5,7.0,6.0,4.5,2.5,4.5,6.13,6.13,6.13,6.13,6.13,6.13,6.13,6.13,6.13,6.13,6.13,6.13,6.13,6.13,6.13,6.13,6.13,6.13,6.13,6.13,6.13,6.13,6.13
Dembélé Ousmane,5.74,5.78,5.5,7.0,7.5,4.5,7.0,5.0,5.0,4.5,4.5,4.5,9.0,5.0,7.0,5.0,5.0,6.5,5.74,5.0,5.74,5.74,5.0,5.74,5.74,5.0,6.5,8.0,5.74,5.74,7.0,6.5,7.0,6.0,4.5,4.5,4.0,7.0,5.74,5.0
Ansu Fati,5.06,4.98,5.0,7.5,5.0,4.0,6.0,4.5,5.5,4.5,4.5,7.0,4.0,4.5,6.0,4.5,4.0,5.0,5.06,4.5,5.06,5.06,5.06,5.06,5.06,5.06,5.06,5.06,5.06,5.06,5.06,5.06,5.06,5.06,5.06,4.5,6.0,4.5,4.5,4.0
Joselu,5.72,5.38,6.0,5.0,6.5,4.0,6.0,4.5,6.0,8.0,6.5,4.0,4.5,5.0,7.0,4.5,6.5,6.5,7.5,5.0,6.5,5.0,3.5,4.0,6.0,6.0,3.5,4.5,5.72,4.5,3.5,4.0,4.0,7.0,6.0,6.5,3.0,7.0,6.0,5.72
Braithwaite Martin,5.31,5.31,5.31,5.31,5.31,6.0,6.0,4.0,5.5,5.31,5.31,4.5,6.5,4.0,5.0,4.5,5.0,6.0,5.5,6.5,5.31,5.31,5.31,5.31,5.31,5.31,5.31,5.31,5.31,5.31,5.31,5.31,5.31,5.31,5.31,5.31,5.31,5.31,5.31,5.31
Puado Javier,5.09,4.97,5.09,4.5,5.0,5.0,5.5,5.0,5.0,5.0,5.0,4.5,6.0,4.0,4.5,5.5,4.0,6.0,7.0,5.0,5.09,4.5,5.0,3.5,6.0,4.0,5.5,4.5,6.0,6.0,5.09,5.0,6.0,5.0,4.5,4.0,4.5,4.5,4.5,4.5
Dani Gómez,4.58,4.98,4.58,4.58,4.5,4.5,5.0,4.5,4.58,4.58,4.58,4.5,4.58,4.58,4.58,4.5,4.58,4.58,4.58,4.58,4.58,4.58,4.5,4.58,4.0,7.0,3.5,6.0,4.5,6.0,4.5,4.58,6.0,7.0,4.5,5.5,5.0,4.0,5.0,4.58
Zoubdi Touaizi Nabili,4.5,4.5,4.5,4.5,4.5,4.5,4.5,4.5,4.5,4.5,4.5,4.5,4.5,4.5,4.5,4.5,4.5,4.5,4.5,4.5,4.5,4.5,4.5,4.5,4.5,4.5,4.5,4.5,4.5,4.5,4.5,4.5,4.5,4.5,4.5,4.5,4.5,4.5,4.5,4.5
Benzema Karim,6.15,6.15,6.0,6.0,8.0,5.0,6.15,6.15,3.5,6.15,6.5,7.0,6.15,6.15,6.15,6.15,7.0,5.5,6.15,7.0,6.15,7.5,6.15,3.0,6.15,6.15,7.0,6.5,7.0,8.0,6.15,6.0,5.0,7.0,5.0,6.0,6.15,8.0,6.15,4.0
Vinícius Júnior,5.94,5.94,6.0,7.5,7.0,6.0,6.5,5.0,7.0,5.5,6.0,7.0,7.0,6.0,4.0,6.0,4.5,4.5,5.94,5.5,5.94,7.5,5.94,6.0,5.94,5.5,6.5,6.0,7.0,7.5,3.5,4.5,7.0,4.5,5.5,5.5,5.0,9.0,5.94,4.5
Rodrygo,5.6,5.56,5.6,5.6,6.0,7.0,8.0,6.5,5.0,5.0,6.0,7.0,6.0,5.0,3.5,4.5,5.0,4.0,5.6,5.5,5.6,5.6,5.6,5.0,5.6,4.5,6.0,4.5,6.0,5.0,4.5,5.0,6.5,7.5,6.0,7.5,5.0,6.0,5.0,4.5
Díaz Mariano,4.63,4.7,4.63,4.63,4.63,4.63,4.63,4.63,4.5,4.5,4.63,4.63,4.63,5.0,4.5,4.63,4.63,4.63,4.63,4.63,4.63,4.63,4.63,4.63,4.63,4.63,4.63,4.63,4.5,4.63,4.5,4.63,4.63,4.5,4.63,4.0,4.63,5.0,6.0,4.63
Hazard Eden,4.33,4.57,5.0,3.5,4.33,4.33,4.5,4.33,4.33,4.33,4.33,4.33,4.33,4.33,4.33,4.33,4.33,4.33,4.33,4.33,4.33,4.33,4.33,4.5,4.33,5.0,4.5,4.33,4.33,4.33,4.33,4.33,4.33,4.33,4.33,4.33,4.33,4.33,5.0,4.33
Aspas Iago,5.58,5.57,6.0,5.0,7.0,8.0,5.0,4.5,4.0,5.0,6.0,3.0,6.5,5.0,7.0,4.5,6.0,7.0,6.0,5.0,5.58,4.0,6.0,7.0,6.0,4.5,4.0,4.5,5.58,5.0,5.0,5.0,4.0,7.0,4.0,7.0,8.5,7.0,7.0,4.5
Strand Larsen Jørgen,4.57,4.57,4.57,4.57,4.57,5.5,3.0,3.0,4.5,4.5,4.0,6.0,4.5,4.5,4.0,4.57,5.0,5.0,6.5,4.0,4.57,4.57,4.57,4.57,4.57,4.57,4.57,4.57,4.57,4.57,4.57,4.57,4.57,4.57,4.57,4.57,4.57,4.57,4.57,4.57
Gonçalo Paciência,4.38,4.38,6.0,4.0,4.0,4.38,4.38,4.38,4.0,5.0,2.0,4.38,5.0,4.5,5.0,4.0,4.38,4.5,4.38,4.5,4.38,4.38,4.38,4.38,4.38,4.38,4.38,4.38,4.38,4.38,4.38,4.38,4.38,4.38,4.38,4.38,4.38,4.38,4.38,4.38
Sørloth Alexander,5.43,4.97,5.43,5.43,5.43,4.5,4.0,6.5,8.0,4.0,3.5,5.0,5.43,4.0,4.0,7.0,6.0,6.5,6.0,7.0,5.0,5.43,5.43,4.0,4.0,4.0,2.5,5.43,4.5,4.0,4.0,5.0,7.0,5.0,4.5,6.5,4.0,6.0,4.5,3.5
Sadiq Umar,5.2,5.2,4.0,6.0,6.0,6.0,4.0,5.2,5.2,5.2,5.2,5.2,5.2,5.2,5.2,5.2,5.2,5.2,5.2,5.2,5.2,5.2,5.2,5.2,5.2,5.2,5.2,5.2,5.2,5.2,5.2,5.2,5.2,5.2,5.2,5.2,5.2,5.2,5.2,5.2
Fernández Carlos,4.5,4.5,4.5,4.5,4.5,4.5,4.5,4.5,4.0,4.0,4.5,4.5,4.5,5.0,5.0,4.5,4.5,4.5,4.5,4.5,4.5,4.5,4.5,4.5,4.5,4.5,4.5,4.5,4.5,4.5,4.5,4.5,4.5,4.5,4.5,4.5,4.5,4.5,4.5,4.5
Muriqi Vedat,5.38,5.33,4.0,6.0,7.0,5.0,6.0,4.5,4.0,5.0,5.38,5.38,6.0,6.0,7.5,7.0,4.0,4.5,4.5,5.0,5.38,5.38,5.38,5.38,6.0,6.0,6.0,5.38,5.38,4.0,4.0,4.0,6.0,3.5,5.5,5.38,5.0,5.5,6.0,7.0
Ndiaye Amath,4.91,4.68,4.91,4.91,4.91,4.91,4.91,4.91,4.91,5.0,4.5,4.5,5.5,4.5,6.0,4.5,5.0,5.5,4.5,4.5,4.91,4.5,4.91,3.0,4.5,4.91,4.0,4.91,4.91,4.5,4.91,4.91,4.91,5.0,4.91,4.91,4.91,4.91,4.91,4.91
Prats Abdón,4.58,4.63,4.5,5.0,4.5,5.0,4.5,4.5,4.58,4.58,4.0,4.5,4.58,4.58,4.5,4.0,4.58,6.0,4.5,4.0,4.5,4.5,4.58,3.5,4.5,4.58,4.58,4.58,4.58,4.5,4.0,4.58,4.58,4.58,6.0,4.58,3.5,4.58,6.0,6.0
Kadewere Tinotenda,4.83,4.77,4.83,4.83,4.83,4.83,4.83,4.83,4.83,4.83,4.83,4.83,4.83,4.83,4.83,4.83,4.5,5.0,4.83,5.0,4.83,4.83,4.83,4.5,4.83,4.5,6.5,5.0,4.0,4.0,6.0,5.0,4.0,4.83,4.0,4.83,4.83,4.83,4.83,4.83
Javi Llabrés,4.5,3.7,4.5,4.5,4.5,4.5,4.5,4.5,4.5,4.5,4.5,4.5,4.5,4.5,4.5,4.5,4.5,4.5,4.5,4.5,4.5,5.0,4.5,4.5,4.5,4.5,4.5,4.5,4.5,4.5,4.5,4.5,4.5,4.5,4.5,4.5,4.5,4.5,4.5,4.5
Ángel Rodríguez Ángel,4.36,4.33,4.36,4.36,4.36,4.36,4.36,4.5,4.36,4.5,4.5,4.0,4.36,4.5,4.36,4.36,4.0,4.36,4.5,4.36,3.0,4.36,4.36,4.5,5.5,6.0,3.5,4.36,4.36,3.0,3.5,4.0,4.36,4.0,4.36,5.0,4.5,4.0,4.0,6.0
Iglesias Borja,5.34,5.12,7.0,6.0,6.5,5.0,4.5,6.5,5.0,5.0,7.0,4.0,5.0,7.0,3.0,5.34,4.5,5.0,5.34,4.5,5.34,4.0,7.5,7.0,4.0,5.0,4.0,3.0,3.5,6.5,4.5,5.34,6.0,4.0,4.5,4.0,4.5,6.0,5.5,5.0
Juanmi,5.58,5.39,8.0,5.5,5.5,5.0,5.58,5.58,5.58,5.58,5.58,5.58,5.58,5.58,5.58,5.58,5.0,4.5,5.58,5.58,5.58,5.58,7.0,5.0,4.5,5.58,4.5,5.58,4.5,5.0,5.5,9.0,4.0,5.0,5.5,4.0,4.5,5.0,7.5,4.5
Willian José,4.5,4.6,4.5,4.5,4.5,4.5,4.5,4.5,5.0,4.5,4.5,4.0,4.5,4.5,4.5,4.0,5.0,4.5,4.5,4.5,4.5,4.5,4.5,6.5,4.0,4.5,5.0,4.0,4.5,4.5,4.0,5.0,4.5,4.5,4.0,4.5,4.5,7.0,4.5,4.0
Loren Morón,4.25,4.36,4.5,4.0,4.25,4.25,4.25,4.25,4.25,4.25,4.25,4.25,4.25,4.25,4.25,4.25,4.25,4.25,4.25,4.25,4.25,4.0,4.5,5.0,4.5,4.25,4.5,4.25,4.0,4.25,4.5,4.0,4.25,4.25,4.5,4.25,4.25,4.25,4.25,4.25
Chimy Avila,5.5,5.19,6.5,7.5,4.0,6.0,7.0,4.0,5.5,2.5,5.0,5.0,6.0,7.0,7.5,4.0,4.5,5.5,5.0,6.5,2.5,5.5,5.0,5.0,5.5,6.5,4.0,5.5,6.0,5.5,7.0,3.5,5.0,6.0,5.0,4.0,5.0,6.0,3.0,4.5
Kike García,4.72,4.83,5.0,6.0,4.5,4.0,5.0,5.0,6.5,6.0,3.5,4.5,4.5,5.0,4.0,4.0,4.5,4.0,4.5,4.5,6.0,6.5,5.0,6.5,4.72,6.0,5.0,4.72,4.5,4.72,5.0,4.5,4.5,4.72,4.72,4.5,4.72,3.5,4.0,4.0
Budimir Ante,4.61,4.94,4.61,6.0,4.5,4.0,5.0,4.0,4.5,4.61,4.5,6.0,4.61,5.0,4.5,4.5,4.61,3.0,4.0,5.0,4.5,6.0,4.0,4.5,4.61,5.0,4.0,4.61,4.0,4.61,7.5,6.0,6.0,6.0,6.5,6.0,6.5,4.5,3.5,4.0
Ezzalzouli Abdessamad,4.92,4.88,4.92,4.92,4.92,6.0,5.0,5.0,4.5,5.0,4.5,6.5,5.0,4.92,4.92,4.92,4.5,3.5,5.0,4.5,4.92,4.92,4.92,4.5,4.92,4.92,4.92,4.92,4.92,4.92,4.92,4.92,4.92,4.92,4.92,4.92,4.92,4.92,4.92,4.92
Morata Álvaro,5.44,5.36,7.5,5.0,5.0,7.0,4.5,4.5,6.5,4.5,5.5,6.0,5.0,5.0,5.5,5.0,7.0,4.5,4.0,6.0,5.44,4.0,6.5,4.5,4.0,6.5,5.0,5.0,5.5,6.5,7.0,4.0,3.5,5.44,6.0,5.0,4.5,5.0,7.0,5.44
Griezmann Antoine,5.97,5.5,7.0,4.5,6.5,5.0,4.5,5.5,5.0,7.0,6.5,7.0,8.0,5.0,5.0,6.0,7.0,5.0,5.0,8.0,5.97,5.97,5.97,5.97,5.97,5.97,5.97,4.5,6.0,4.0,6.0,4.5,3.5,5.0,4.0,5.5,4.5,6.0,4.0,5.5
Correa Ángel,4.97,5.04,4.5,5.0,4.0,4.0,6.5,5.0,4.5,8.0,4.0,4.5,5.5,3.5,5.0,4.0,4.97,4.5,6.0,6.0,7.5,7.0,4.5,6.0,4.5,7.5,6.0,4.5,6.0,5.5,2.0,4.97,4.97,4.5,4.5,4.0,3.5,4.0,4.5,6.0
Depay Memphis,5.0,5.12,5.0,5.0,5.0,5.0,5.0,6.0,5.0,5.0,5.0,5.0,5.0,5.0,5.0,5.0,5.0,5.0,5.0,4.0,5.0,5.0,5.0,5.0,5.0,5.0,5.0,6.0,5.0,5.0,4.5,4.5,5.0,3.5,5.0,6.5,5.0,7.0,5.0,4.5
Carrasco Yannick,5.0,5.33,5.0,4.0,5.0,5.0,7.5,4.5,4.5,4.5,5.0,5.5,4.5,4.5,5.5,5.0,5.0,5.0,5.0,5.0,6.0,5.0,5.0,7.0,6.0,5.0,6.0,4.0,6.0,4.5,5.0,5.5,5.5,7.5,5.0,4.0,7.0,5.0,6.0,6.0
Isi Palazón,5.94,5.58,6.0,7.0,5.94,4.5,6.5,6.0,5.5,5.0,5.5,6.0,8.0,5.5,6.0,5.0,7.0,5.0,7.5,5.0,4.0,5.5,6.0,5.5,5.0,3.5,5.0,4.5,4.0,5.94,5.0,5.5,7.0,6.0,6.5,5.0,5.0,5.94,5.94,5.94
Camello Sergio,5.08,5.08,4.0,5.5,5.0,3.5,5.5,5.5,6.0,4.0,4.0,5.0,7.0,5.0,5.0,5.0,6.5,6.5,4.5,4.0,5.08,5.08,5.08,5.08,5.08,5.08,5.08,5.08,5.08,5.08,5.08,5.08,5.08,5.08,5.08,5.08,5.08,5.08,5.08,5.08
Falcao Radamel,4.5,4.54,4.0,4.0,4.5,4.5,4.0,6.5,4.5,4.0,5.0,5.0,4.5,4.5,4.5,4.0,4.0,4.5,4.5,4.5,4.5,4.0,4.5,3.5,5.0,4.5,4.5,4.5,4.5,4.5,4.5,4.5,4.5,4.5,4.5,6.0,4.0,5.0,4.5,5.0
Martín Andrés,4.75,4.5,4.75,4.75,4.75,4.75,4.75,4.75,4.75,4.75,4.75,4.75,4.75,4.75,4.75,4.75,4.75,5.0,4.75,4.5,4.0,4.75,4.75,4.75,4.75,4.75,4.75,4.75,4.75,4.75,4.75,4.75,4.75,4.75,4.75,4.75,4.75,4.75,4.75,4.75
Bebé,4.5,4.74,4.5,4.5,4.5,4.5,4.5,4.5,4.5,5.0,4.0,4.5,4.5,4.5,4.5,4.5,4.5,4.5,4.5,4.5,4.5,5.0,4.5,5.0,4.5,4.5,4.5,5.0,5.0,7.0,4.5,4.5,4.0,4.5,4.5,4.5,4.5,4.0,5.0,5.0
de Tomás Raúl,4.0,5.38,4.0,4.0,4.0,4.0,4.0,4.0,4.0,4.0,4.0,4.0,4.0,4.0,4.0,4.0,4.0,4.0,4.0,4.0,4.0,6.0,7.0,5.0,4.0,7.5,5.5,5.0,5.0,4.0,7.0,4.0,4.5,6.0,4.0,4.0,5.0,6.0,6.0,4.0
Guruzeta Gorka,5.23,5.23,4.5,5.23,8.0,4.0,4.5,5.23,5.23,5.23,5.23,5.23,5.23,4.0,6.5,7.5,5.0,4.5,4.0,5.0,5.23,5.23,5.23,5.23,5.23,5.23,5.23,5.23,5.23,5.23,5.23,5.23,5.23,5.23,5.23,5.23,5.23,5.23,5.23,5.23
Williams Iñaki,5.14,5.05,5.0,4.5,6.0,4.0,6.0,6.5,7.5,4.0,3.5,6.5,3.5,6.5,4.5,6.0,5.0,5.0,4.5,4.0,6.5,4.0,5.14,5.0,5.0,5.0,7.0,4.5,6.5,3.0,6.0,5.0,5.0,3.5,5.0,6.0,3.0,4.0,6.5,4.0
Nico Williams Nicholas,5.67,5.23,5.0,5.5,7.5,5.0,7.5,7.0,8.0,5.5,4.5,6.0,3.0,6.0,5.5,5.5,5.5,5.5,5.0,4.5,5.0,4.5,5.67,4.5,5.67,5.67,5.67,4.0,4.5,4.5,4.0,4.5,4.5,4.0,5.5,6.5,4.5,4.0,6.0,5.67
Raúl García,5.12,5.04,5.0,5.0,5.0,4.5,4.5,5.0,5.12,5.0,5.5,6.0,5.0,7.0,5.0,5.0,5.0,5.0,5.0,4.5,5.12,5.0,5.12,5.0,6.0,6.0,4.0,3.5,5.12,5.0,5.0,5.5,6.0,5.5,6.0,5.0,4.0,5.0,4.5,3.5
Muniain Iker,5.47,5.78,5.0,6.0,7.0,4.5,6.0,5.0,6.5,6.0,5.0,5.5,5.47,5.47,5.47,5.5,5.0,5.0,5.0,5.0,5.5,6.5,5.47,5.47,4.5,6.0,8.0,5.47,5.0,6.5,6.0,5.5,7.0,4.0,7.5,7.0,7.0,5.0,7.0,5.0
Villalibre Asier,4.5,4.44,5.0,4.5,4.5,4.5,4.5,4.5,4.5,4.5,4.0,4.5,4.5,4.5,4.5,4.5,4.5,4.5,4.5,4.5,4.5,4.5,4.5,4.5,4.0,4.5,4.0,2.5,4.5,4.5,5.0,6.0,4.5,4.5,4.5,4.5,4.5,3.5,6.0,4.0
Cavani Edinson,5.22,4.97,5.22,5.22,5.22,5.22,5.22,5.0,4.5,5.0,7.0,6.0,5.0,4.5,5.22,5.22,6.0,4.0,5.22,5.22,6.0,5.0,4.0,4.5,6.0,4.5,5.22,5.22,5.22,5.22,4.5,5.22,5.22,5.22,5.22,5.22,4.5,4.0,5.22,4.5
Kluivert Justin,4.96,5.07,4.96,4.96,4.96,4.96,5.0,4.5,5.0,7.0,5.0,4.5,4.0,4.5,4.5,7.0,4.5,4.0,4.96,4.96,4.96,6.5,5.5,4.96,4.5,3.5,7.0,3.5,5.0,4.96,6.0,5.0,3.5,5.0,4.5,5.5,6.0,6.5,5.5,4.5
Duro Hugo,4.71,4.62,5.0,4.5,4.71,7.0,4.0,4.71,4.5,4.5,4.0,4.71,4.5,4.71,5.0,5.0,4.5,4.0,4.71,4.71,4.71,4.71,4.5,6.0,4.5,4.0,4.0,4.71,4.5,4.5,4.5,4.0,4.0,4.5,4.71,6.0,4.71,4.0,4.71,4.71
Marcos André,4.36,4.54,4.36,4.5,4.0,4.5,4.5,6.5,2.0,4.36,4.36,4.0,4.5,4.5,5.0,4.0,4.36,4.36,4.36,4.36,4.36,5.0,4.5,4.36,5.0,4.0,4.5,4.36,5.0,4.5,4.36,4.36,4.5,4.5,4.5,4.36,4.36,4.36,5.0,5.5
López Diego,4.5,4.5,4.5,4.5,4.5,4.5,4.5,4.5,4.5,4.5,4.5,4.5,4.5,4.5,4.5,4.5,4.5,4.5,4.5,4.5,4.5,4.5,4.5,4.5,4.5,4.5,4.5,4.5,4.5,4.5,4.5,4.5,4.5,4.5,4.5,4.5,4.5,4.5,4.5,4.5
Ünal Enes,5.14,5.19,3.5,6.5,4.5,3.0,7.5,6.0,3.5,4.0,4.5,5.5,6.5,7.0,5.0,4.5,6.5,4.0,6.5,4.0,5.14,4.0,6.0,5.14,8.0,6.0,4.0,7.0,4.0,4.5,7.0,4.0,4.5,6.0,6.0,4.0,4.0,4.5,5.0,6.0
Mayoral Borja,4.72,4.86,3.0,3.5,5.0,3.0,4.0,5.5,6.5,4.0,4.5,5.0,4.0,5.5,4.5,4.0,8.0,6.0,4.0,5.0,4.72,4.72,6.0,4.5,6.0,6.0,6.0,4.0,5.0,4.5,4.5,6.0,3.5,4.0,8.0,4.5,4.5,4.5,5.0,4.0
El Haddadi Munir,4.64,4.75,4.64,4.64,4.64,4.0,4.5,4.5,4.5,4.5,4.64,6.5,4.64,4.64,4.5,4.0,4.5,5.0,4.5,4.64,5.0,4.64,4.64,4.64,4.64,5.0,4.64,6.0,4.64,4.5,4.5,4.64,4.64,4.64,4.64,4.64,4.64,4.64,4.64,4.64
Moi Parra,5.0,5.0,5.0,5.0,5.0,5.0,5.0,5.0,5.0,5.0,5.0,5.0,5.0,5.0,5.0,5.0,5.0,5.0,5.0,5.0,5.0,5.0,5.0,5.0,5.0,5.0,5.0,5.0,5.0,5.0,5.0,5.0,5.0,5.0,5.0,5.0,5.0,5.0,5.0,5.0
Juanmi Latasa,4.55,4.55,4.55,4.55,4.5,4.55,4.55,4.55,5.0,4.5,4.55,4.5,4.55,4.55,4.5,4.5,4.5,4.5,4.5,4.5,4.55,4.55,4.55,4.55,4.55,4.55,4.55,4.55,4.55,4.55,4.55,4.55,4.55,4.55,4.55,4.55,4.55,4.55,4.5,4.55
Mata Jaime,4.33,4.29,4.0,4.33,4.5,4.5,4.33,4.5,4.33,4.33,4.5,4.33,4.0,4.33,4.33,4.33,4.33,4.33,4.33,4.33,4.33,3.5,4.5,4.5,4.33,4.0,4.33,4.5,4.33,4.33,4.5,4.33,4.33,4.33,4.33,4.33,4.33,4.33,4.33,4.33
Stuani Cristhian,4.86,4.86,4.5,7.0,4.5,4.86,4.86,4.86,4.86,4.5,5.5,4.5,4.0,5.5,4.5,4.5,4.5,4.5,6.5,3.5,4.86,4.86,4.86,4.86,4.86,4.86,4.86,4.86,4.86,4.86,4.86,4.86,4.86,4.86,4.86,4.86,4.86,4.86,4.86,4.86
Castellanos Valentín,4.97,4.97,4.5,7.0,4.5,4.5,4.5,4.5,6.0,4.0,5.0,4.0,4.0,4.5,6.0,6.5,6.0,4.5,4.97,4.5,4.97,4.97,4.97,4.97,4.97,4.97,4.97,4.97,4.97,4.97,4.97,4.97,4.97,4.97,4.97,4.97,4.97,4.97,4.97,4.97
Manu Vallejo,5.0,4.81,5.0,5.0,5.0,6.0,5.0,4.5,5.5,5.0,5.5,4.5,4.0,5.0,5.0,5.0,5.0,5.0,5.0,5.0,5.0,5.0,5.0,5.0,4.0,5.0,4.5,4.5,5.0,5.0,7.0,5.0,4.5,5.0,5.0,5.0,4.0,5.0,4.0,4.0
León Sergio,4.8,4.8,4.0,5.0,4.0,5.0,4.8,4.0,7.0,4.0,4.0,7.5,6.5,4.0,5.0,4.5,4.5,4.8,4.8,3.0,4.8,4.8,4.8,4.8,4.8,4.8,4.8,4.8,4.8,4.8,4.8,4.8,4.8,4.8,4.8,4.8,4.8,4.8,4.8,4.8
Plano Óscar,5.08,5.08,5.0,4.5,5.0,5.5,4.0,5.0,7.0,5.0,4.0,6.0,6.0,5.0,6.0,4.5,4.5,5.0,4.5,5.0,5.08,5.08,5.08,5.08,5.08,5.08,5.08,5.08,5.08,5.08,5.08,5.08,5.08,5.08,5.08,5.08,5.08,5.08,5.08,5.08
Weissman Shon,4.37,4.37,4.37,4.37,4.37,6.5,4.0,4.5,4.5,4.5,4.5,5.0,4.5,4.0,4.5,4.0,4.0,4.5,3.5,3.0,4.37,4.37,4.37,4.37,4.37,4.37,4.37,4.37,4.37,4.37,4.37,4.37,4.37,4.37,4.37,4.37,4.37,4.37,4.37,4.37
Juanjo Narváez,4.8,4.8,4.8,4.8,4.8,5.0,4.8,4.5,4.8,5.0,5.0,4.8,4.8,4.8,4.8,4.5,4.8,4.8,4.8,4.8,4.8,4.8,4.8,4.8,4.8,4.8,4.8,4.8,4.8,4.8,4.8,4.8,4.8,4.8,4.8,4.8,4.8,4.8,4.8,4.8
Plata Gonzalo,4.75,4.75,4.5,4.75,4.75,4.5,5.0,5.5,6.0,4.75,4.75,5.0,4.5,4.0,7.0,3.5,4.5,4.0,4.0,4.5,4.75,4.75,4.75,4.75,4.75,4.75,4.75,4.75,4.75,4.75,4.75,4.75,4.75,4.75,4.75,4.75,4.75,4.75,4.75,4.75
Arroyo Roberto,4.5,4.5,4.5,4.5,4.5,4.5,4.5,4.5,4.5,4.5,4.5,4.5,4.5,4.5,4.5,4.5,4.5,4.5,4.5,4.5,4.5,4.5,4.5,4.5,4.5,4.5,4.5,4.5,4.5,4.5,4.5,4.5,4.5,4.5,4.5,4.5,4.5,4.5,4.5,4.5
Sergi Guardiola,4.32,4.55,4.32,5.0,4.0,4.0,4.5,4.5,4.32,5.0,4.5,4.5,4.5,4.5,4.32,3.5,4.32,4.0,3.5,4.5,3.5,4.5,4.0,5.0,4.5,4.5,4.5,4.5,4.0,4.0,4.0,6.5,6.0,4.0,6.0,3.5,4.32,6.0,5.5,5.0
Moreno Gerard,5.5,5.15,5.0,6.5,5.0,6.5,4.0,5.5,5.5,5.5,5.5,5.5,5.5,5.5,5.5,4.5,6.0,6.5,6.5,4.5,5.5,5.0,3.5,5.5,4.0,5.5,5.5,5.5,5.5,5.5,4.0,3.5,5.0,7.5,5.5,5.5,5.5,5.5,5.5,5.5
Pino Yeremy,5.38,5.23,6.0,7.0,5.0,6.0,5.5,5.5,5.38,5.0,5.5,4.5,4.5,5.0,4.5,5.5,5.5,6.5,4.5,5.5,5.38,5.0,4.5,5.5,5.0,4.5,5.0,9.0,4.5,5.38,4.5,4.5,5.0,4.5,4.0,5.38,5.38,5.38,5.38,5.38
Jackson Nicolas,4.93,4.9,7.0,5.0,4.5,6.0,4.0,4.5,5.0,4.0,6.0,4.0,6.5,4.0,4.0,4.93,4.5,4.93,4.93,4.93,4.93,4.5,4.5,6.0,4.93,4.93,4.93,4.93,4.93,4.93,4.93,4.93,4.93,4.93,4.93,4.93,5.0,5.0,4.5,4.5
Danjuma Arnaut,4.6,4.93,4.6,4.6,4.6,4.6,4.6,4.5,4.5,3.5,7.0,4.0,4.5,4.5,4.5,4.5,4.6,4.5,4.6,4.6,4.6,4.6,4.6,4.6,4.5,4.0,8.0,6.5,4.0,5.0,4.0,4.5,5.0,5.0,7.0,4.6,4.6,4.6,4.6,4.6
Morales José,4.68,5.19,4.5,4.5,4.5,6.5,4.5,5.0,4.5,4.5,5.0,4.0,5.0,4.0,4.0,4.68,5.0,4.5,5.0,4.5,4.68,7.0,5.0,4.0,4.68,5.0,3.5,7.0,4.0,4.68,4.5,8.0,5.5,8.0,5.5,7.0,6.0,3.0,7.0,7.0
Touré El Bilal,5.23,5.07,5.23,5.23,5.23,5.23,4.5,4.0,5.23,6.5,6.0,6.5,5.0,5.0,5.23,5.0,5.0,4.0,6.0,5.23,5.23,5.23,5.23,5.23,5.0,5.23,5.23,5.23,5.23,5.23,5.23,5.23,5.23,5.23,4.5,4.5,7.5,4.0,5.0,5.5
Léo Baptistão Leo,5.19,5.19,5.19,4.5,4.5,5.0,5.19,5.19,5.0,6.5,4.5,7.0,3.5,6.0,4.0,7.0,6.0,5.19,4.0,5.19,5.19,5.19,5.19,5.19,5.19,5.19,5.19,5.19,5.19,5.19,5.19,5.19,5.19,5.19,5.19,5.19,5.19,5.19,5.19,5.19
Ramazani Largie,4.65,4.65,6.0,6.0,6.5,4.5,3.5,3.5,4.0,4.0,5.0,4.0,4.5,5.0,4.0,4.5,5.5,4.0,4.5,4.65,4.65,4.65,4.65,4.65,4.65,4.65,4.65,4.65,4.65,4.65,4.65,4.65,4.65,4.65,4.65,4.65,4.65,4.65,4.65,4.65
Embarba Adrián,5.27,5.0,5.0,5.27,5.27,5.0,4.0,4.5,5.0,7.0,5.27,7.0,5.5,5.5,5.27,6.0,4.5,5.0,4.5,5.27,5.27,4.5,5.5,4.0,4.5,5.27,4.5,5.0,5.27,4.5,4.5,5.5,5.5,5.27,4.0,5.27,5.0,5.27,5.0,4.5
Dyego Sousa,4.63,4.63,4.5,4.5,4.63,4.5,4.5,4.5,5.0,4.63,4.5,4.63,4.63,6.0,4.0,4.5,4.5,4.5,4.63,4.63,4.63,4.63,4.63,4.63,4.63,4.63,4.63,4.63,4.63,4.63,4.63,4.63,4.63,4.63,4.63,4.63,4.63,4.63,4.63,4.63
Milovanovic Marko,4.25,4.25,4.25,4.25,4.25,4.0,4.5,4.25,4.25,4.25,4.25,4.25,4.25,4.25,4.25,4.25,4.25,4.25,4.25,4.25,4.25,4.25,4.25,4.25,4.25,4.25,4.25,4.25,4.25,4.25,4.25,4.25,4.25,4.25,4.25,4.25,4.25,4.25,4.25,4.25
Suárez Luis,4.0,4.83,4.0,4.0,4.0,4.0,4.0,4.0,4.0,4.0,4.0,4.0,4.0,4.0,4.0,4.0,4.0,3.5,4.5,4.0,5.0,4.0,7.0,4.0,4.0,4.0,4.5,4.0,4.0,4.0,6.0,4.0,4.0,4.0,4.0,5.0,7.0,4.0,5.0,4.5
Rafa Mir,4.81,4.82,6.0,3.5,4.0,4.81,4.81,4.5,4.81,4.81,4.81,5.0,4.5,4.0,5.0,6.5,5.0,6.0,4.0,4.5,4.81,6.0,4.0,3.5,4.81,6.0,6.0,4.5,4.81,4.0,4.81,5.0,6.0,3.5,4.5,4.81,5.0,4.0,4.5,6.0
En-Nesyri Youssef,4.54,4.61,4.5,4.0,4.5,3.5,6.0,4.54,5.0,4.5,4.0,4.54,4.54,4.54,4.5,4.5,4.5,5.0,4.5,4.5,4.54,4.54,4.54,4.54,4.54,3.5,4.5,5.5,4.54,4.5,4.5,4.5,4.0,4.54,4.0,6.0,4.5,5.0,6.5,4.0
Milla Pere,5.03,5.1,5.0,5.0,5.0,4.5,4.0,5.03,4.5,4.5,7.5,3.5,6.5,5.5,6.0,5.0,5.0,4.5,4.5,5.0,5.0,8.0,5.5,5.5,7.5,4.5,7.0,3.5,5.03,6.5,5.0,3.5,4.0,4.5,4.5,6.0,4.0,4.0,5.03,4.5
Ponce Ezequiel,4.62,4.5,5.0,5.0,4.0,3.5,6.0,4.0,4.0,6.0,4.0,4.0,4.62,4.5,4.5,4.5,4.0,4.5,6.5,4.5,4.62,4.62,4.62,4.62,4.62,4.62,6.0,4.5,4.62,5.0,3.0,5.0,3.5,5.0,5.0,4.5,2.0,4.62,4.0,4.5
Boyé Lucas,4.28,4.38,4.28,4.5,4.0,4.0,6.0,4.0,6.0,2.5,4.28,3.0,5.5,3.5,4.5,3.5,5.0,4.0,4.5,4.0,4.28,4.28,6.0,7.0,5.0,4.28,4.28,4.0,4.28,4.0,3.0,4.5,4.28,4.28,4.28,4.28,4.28,3.0,4.28,4.28
Roger Roger,4.5,4.85,3.5,5.5,4.5,4.5,4.5,4.5,4.0,5.0,4.5,4.5,4.0,4.5,4.5,5.0,5.5,4.0,4.0,4.5,4.5,6.5,5.0,5.0,3.5,4.5,6.0,5.0,4.0,4.5,6.5,6.0,2.5,4.5,4.5,4.5,6.0,4.0,6.5,6.0
Sobrino Rubén,4.93,5.03,4.93,4.93,4.93,5.0,3.5,5.5,5.0,4.0,5.0,5.0,3.5,6.5,5.5,5.5,4.5,6.0,5.5,4.0,4.5,4.0,4.0,4.0,5.0,4.93,4.5,4.0,5.0,5.0,7.0,4.5,4.5,7.0,6.0,6.0,6.0,4.0,7.0,5.0
Negredo Álvaro,4.77,5.15,4.5,4.5,3.5,4.77,4.5,6.0,5.0,4.5,5.5,4.77,4.5,4.77,4.77,6.0,4.5,4.77,5.0,4.0,5.5,4.77,7.0,7.0,5.0,4.5,5.0,5.0,6.0,6.0,5.5,5.0,5.0,4.77,6.0,4.5,7.0,4.5,4.0,5.0
Lozano Anthony,4.34,4.52,4.5,3.5,3.0,4.0,4.34,4.34,5.0,4.5,5.0,4.5,4.0,5.0,4.0,4.0,4.0,5.0,5.0,4.5,4.34,4.34,4.0,5.0,4.34,4.5,4.0,4.5,5.5,3.5,4.5,4.0,4.0,4.34,5.5,4.34,6.0,5.0,4.5,6.0
Giménez Álvaro,4.0,4.0,4.0,4.0,4.0,4.0,4.0,4.0,4.0,4.0,4.0,4.0,4.0,4.0,4.0,4.0,4.0,4.0,4.0,4.0,4.0,4.0,4.0,4.0,4.0,4.0,4.0,4.0,4.0,4.0,4.0,4.0,4.0,4.0,4.0,4.0,4.0,4.0,4.0,4.0
