Joueur,Note,Note 1 an,j1,j2,j3,j4,j5,j6,j7,j8,j9,j10,j11,j12,j13,j14,j15,j16,j17,j18,j19,j20,j21,j22,j23,j24,j25,j26,j27,j28,j29,j30,j31,j32,j33,j34,j35,j36,j37,j38
Donnarumma Gianluigi,5.79,5.7,5.5,5.0,8.0,5.0,7.0,5.5,7.5,6.5,4.5,7.0,7.0,6.0,4.5,4.5,6.0,6.0,3.0,5.5,6.0,5.79,6.0,5.79,6.5,5.79,5.79,6.5,5.79,5.79,5.0,5.5,6.0,4.5,5.79,5.79,4.0,5.79,5.5,5.79
Chevalier Lucas,5.5,5.42,5.5,5.5,5.5,5.5,5.5,5.5,5.0,6.0,4.0,8.0,6.0,4.0,5.0,5.0,6.0,6.0,6.0,5.5,5.0,5.5,5.5,5.0,7.0,4.0,5.0,7.0,5.0,5.5,6.0,5.5,4.0,6.0,5.0,3.0,6.0,5.5,6.5,5.0
Léo Jardim,4.17,5.21,5.5,4.5,2.0,5.0,4.0,4.0,4.17,4.17,4.17,4.17,4.17,4.17,4.17,4.17,4.17,4.17,4.17,4.17,4.17,4.17,4.17,4.17,4.17,7.0,5.0,8.0,6.0,6.0,6.0,5.5,5.5,5.5,5.0,7.0,4.0,4.0,6.0,4.0
Mvogo Yvon,5.43,5.43,8.0,7.0,6.0,5.5,2.5,6.0,5.5,4.5,6.0,6.0,6.0,4.5,5.0,3.5,5.43,5.43,5.43,5.43,5.43,5.43,5.43,5.43,5.43,5.43,5.43,5.43,5.43,5.43,5.43,5.43,5.43,5.43,5.43,5.43,5.43,5.43,5.43,5.43
Mannone Vito,5.25,5.25,5.25,5.25,5.25,5.25,5.25,5.25,5.25,5.25,5.25,5.25,5.25,5.25,5.25,6.0,6.0,5.0,7.0,4.5,3.0,5.25,5.25,5.25,5.25,5.25,5.25,5.25,5.25,5.25,5.25,5.25,5.25,5.25,5.25,5.25,5.25,5.25,5.25,5.25
Riou Rémy,5.25,5.5,6.0,5.25,4.5,5.5,5.0,5.25,5.25,5.25,5.25,5.25,5.25,5.25,5.25,5.25,5.25,5.25,5.25,5.25,5.25,4.0,5.0,6.0,6.0,5.25,5.0,5.5,5.5,6.5,6.0,6.0,4.5,6.5,5.25,4.5,5.25,5.25,7.0,5.25
Anthony Lopes,5.25,5.32,3.0,3.5,5.25,5.25,5.25,6.0,4.0,6.5,7.0,5.0,4.0,6.0,7.5,4.5,5.5,5.5,5.0,7.0,4.0,5.0,6.0,6.0,4.5,6.5,6.0,4.5,6.5,2.5,6.0,5.5,4.0,5.25,5.25,5.25,6.5,5.0,6.0,7.0
Nübel Alexander,5.79,5.77,7.0,7.0,3.5,6.0,5.0,7.5,7.0,6.0,5.5,6.0,6.0,4.0,6.0,7.0,3.5,6.0,7.0,5.0,5.0,7.0,5.5,4.5,6.5,5.5,5.5,6.0,6.0,5.0,7.0,5.5,4.5,5.0,5.5,6.0,6.0,6.0,5.5,6.5
Diouf Yehvann,6.04,6.04,6.04,6.04,6.04,6.04,6.04,6.04,6.04,6.0,4.0,6.5,6.5,5.0,7.0,6.5,6.5,6.0,6.0,6.0,6.5,6.04,6.04,6.04,6.04,6.04,6.04,6.04,6.04,6.04,6.04,6.04,6.04,6.04,6.04,6.04,6.04,6.04,6.04,6.04
Pentz Patrick,4.57,4.57,3.0,3.0,5.0,5.5,5.0,5.5,5.0,4.57,4.57,4.57,4.57,4.57,4.57,4.57,4.57,4.57,4.57,4.57,4.57,4.57,4.57,4.57,4.57,4.57,4.57,4.57,4.57,4.57,4.57,4.57,4.57,4.57,4.57,4.57,4.57,4.57,4.57,4.57
Mandanda Steve,5.35,5.43,5.0,6.0,5.35,5.35,5.0,4.0,7.0,5.5,5.5,6.5,4.0,5.0,6.0,5.5,6.0,3.5,5.5,5.0,6.0,5.35,5.35,5.35,5.35,5.35,5.35,5.35,5.35,5.35,5.35,5.35,6.0,5.35,5.35,6.0,5.35,5.5,4.5,6.5
Alemdar Dogan,4.83,5.23,4.83,3.5,6.5,4.5,4.83,4.83,4.83,4.83,4.83,4.83,4.83,4.83,4.83,4.83,4.83,4.83,4.83,4.83,4.83,5.5,5.5,5.0,5.5,4.0,4.83,4.83,4.83,4.83,4.5,5.5,7.5,4.0,5.0,6.0,6.0,4.83,4.83,4.83
Samba Brice,5.76,5.76,5.0,6.0,6.0,6.0,4.5,5.5,6.0,6.5,6.0,6.0,5.5,6.5,5.5,5.5,5.5,7.0,5.5,5.5,5.5,5.76,5.76,5.76,5.76,5.76,5.76,5.76,5.76,5.76,5.76,5.76,5.76,5.76,5.76,5.76,5.76,5.76,5.76,5.76
Lis Mateusz,5.5,5.5,5.5,5.5,5.5,5.5,5.5,5.5,5.5,5.5,5.5,5.5,7.5,4.5,5.5,5.5,5.5,7.0,6.0,4.0,4.0,5.5,5.5,5.5,5.5,5.5,5.5,5.5,5.5,5.5,5.5,5.5,5.5,5.5,5.5,5.5,5.5,5.5,5.5,5.5
Gallon Gauthier,4.83,5.07,4.0,3.5,4.5,5.0,6.0,6.0,5.0,5.0,4.0,5.0,4.83,4.83,5.5,4.5,4.83,4.83,4.83,4.83,4.83,4.83,7.0,4.83,5.5,2.0,4.0,5.5,7.0,6.0,5.5,7.0,4.83,4.83,4.83,4.83,4.83,4.83,4.0,4.83
Sels Matz,5.29,5.33,7.0,5.5,6.0,5.0,5.0,5.0,6.0,5.0,4.0,6.0,4.5,5.5,4.0,4.0,4.5,5.5,4.0,7.0,7.0,5.29,6.0,3.5,6.0,6.0,4.5,5.5,4.5,6.0,6.0,6.0,5.0,5.5,5.5,5.0,4.5,6.5,6.0,4.0
Omlin Jonas,5.29,5.21,7.5,6.0,4.0,6.0,3.5,5.29,5.29,5.5,5.29,5.0,6.0,6.0,5.29,5.29,6.0,6.5,6.0,2.0,4.0,5.29,4.5,6.0,6.0,6.0,7.0,4.0,4.0,5.5,9.0,5.0,3.0,5.29,4.0,4.0,5.29,5.29,5.29,4.0
Kamara Bingourou,4.9,4.9,4.9,4.9,4.9,4.9,4.9,4.9,4.5,4.9,3.0,4.9,4.9,6.0,3.5,7.5,4.9,4.9,4.9,4.9,4.9,4.9,4.9,4.9,4.9,4.9,4.9,4.9,4.9,4.9,4.9,4.9,4.9,4.9,4.9,4.9,4.9,4.9,4.9,4.9
Matis Carvalho Matis,4.75,4.75,4.75,4.75,4.75,4.75,5.5,4.0,4.75,4.75,4.75,4.75,4.75,4.75,4.75,4.75,4.75,4.75,4.75,4.75,4.75,4.75,4.75,4.75,4.75,4.75,4.75,4.75,4.75,4.75,4.75,4.75,4.75,4.75,4.75,4.75,4.75,4.75,4.75,4.75
Schmeichel Kasper,5.38,5.59,5.38,6.0,4.5,3.0,6.0,4.5,6.0,5.38,4.0,6.0,5.0,5.5,7.0,6.0,5.5,6.5,5.0,5.0,6.0,8.0,7.0,6.5,5.5,7.0,4.0,4.0,7.0,8.0,6.0,6.5,6.0,7.0,5.5,6.0,4.5,5.0,5.38,5.5
Bulka Marcin,5.0,5.33,5.0,5.0,5.0,5.0,5.0,5.0,5.0,5.0,5.0,5.0,5.0,5.0,5.0,5.0,5.0,5.0,5.0,5.0,5.0,5.0,5.0,5.0,6.0,5.0,5.0,5.0,5.0,5.0,5.0,5.0,5.0,5.0,5.0,5.0,5.0,5.0,5.0,5.0
López Pau,5.91,5.39,5.91,5.91,5.5,6.0,5.5,6.0,5.5,6.0,7.0,5.91,7.0,6.0,6.0,7.0,6.0,6.0,4.0,6.0,5.0,6.0,6.0,6.0,4.0,5.5,4.0,5.0,5.5,5.0,5.5,3.5,5.91,4.5,4.5,5.91,3.5,5.91,5.91,5.91
Blanco Rubén,5.33,5.33,6.0,6.0,5.33,5.33,5.33,5.33,5.33,5.33,5.33,4.0,5.33,5.33,5.33,5.33,5.33,5.33,5.33,5.33,5.33,5.33,5.33,5.33,5.33,5.33,5.33,5.33,5.33,5.33,5.33,5.33,5.33,5.33,5.33,5.33,5.33,5.33,5.33,5.33
Quilichini Ghjuvanni,6.0,6.0,6.0,6.0,6.0,6.0,6.0,6.0,6.0,6.0,6.0,6.0,6.0,6.0,6.0,6.0,6.0,6.0,6.0,6.0,6.0,6.0,6.0,6.0,6.0,6.0,6.0,6.0,6.0,6.0,6.0,6.0,6.0,6.0,6.0,6.0,6.0,6.0,6.0,6.0
Leroy Benjamin,5.03,5.13,6.0,6.5,6.0,3.5,4.5,5.5,5.0,5.0,5.03,5.5,5.0,4.0,6.0,5.0,5.0,7.5,4.0,4.5,2.0,7.0,5.5,4.0,3.5,5.5,5.03,5.0,6.0,4.0,5.5,6.0,6.0,5.0,6.0,4.5,6.0,4.5,5.03,5.03
Sollacaro François-Joseph,3.0,4.92,3.0,3.0,3.0,3.0,3.0,3.0,3.0,3.0,3.0,3.0,3.0,3.0,3.0,3.0,3.0,3.0,3.0,3.0,3.0,3.0,3.0,3.0,3.0,4.0,7.0,3.0,3.0,3.0,3.0,3.0,3.0,3.0,3.0,3.0,3.0,5.5,4.0,6.0
Descamps Rémy,6.0,6.0,6.0,6.0,6.0,6.0,6.0,6.0,6.0,6.0,6.0,6.0,6.0,6.0,6.0,6.0,6.0,6.0,6.0,6.0,6.0,6.0,6.0,6.0,6.0,6.0,6.0,6.0,6.0,6.0,6.0,6.0,6.0,6.0,6.0,6.0,6.0,6.0,6.0,6.0
Lafont Alban,5.56,5.62,7.5,6.0,6.0,5.5,4.5,5.0,4.0,6.0,3.5,3.0,5.0,4.0,5.56,8.0,4.5,6.0,7.5,7.0,7.0,6.0,5.0,6.0,5.0,6.5,9.0,5.5,6.0,5.0,5.5,5.0,6.5,5.0,4.5,7.0,4.0,6.0,3.5,5.5
Dupé Maxime,5.58,5.54,5.5,6.0,6.5,4.5,7.0,4.0,5.5,4.5,6.0,7.0,5.0,6.5,6.0,6.0,6.0,2.5,5.5,7.0,5.0,6.0,5.0,6.0,5.0,5.0,5.5,5.58,6.0,3.5,5.5,6.0,5.0,6.0,6.0,5.0,6.0,5.0,5.5,7.0
Fofana Yahia,5.0,5.0,5.0,5.0,5.0,5.0,5.0,5.0,5.0,7.0,4.0,4.0,4.0,5.0,6.5,4.5,5.0,5.0,5.0,5.0,5.0,5.0,4.0,6.0,6.0,2.5,3.0,6.0,6.0,4.5,4.5,4.5,4.0,7.0,6.0,5.0,5.0,5.5,5.5,5.0
Bernardoni Paul,4.86,4.9,6.0,4.5,4.5,6.5,3.5,2.0,4.86,4.86,4.86,4.86,4.86,5.0,4.86,4.86,4.86,4.5,6.0,6.0,5.0,4.86,5.0,6.0,5.0,5.5,5.0,4.0,6.0,6.0,6.0,5.0,3.0,6.0,5.5,3.5,4.0,3.0,6.0,6.0
Blázquez Joaquín,6.0,6.0,6.0,6.0,6.0,6.0,6.0,6.0,6.0,6.0,6.0,6.0,6.0,6.0,6.0,6.0,6.0,6.0,6.0,6.0,6.0,6.0,6.0,6.0,6.0,6.0,6.0,6.0,6.0,6.0,6.0,6.0,6.0,6.0,6.0,6.0,6.0,6.0,6.0,6.0
Bizot Marco,5.19,5.3,4.5,5.0,6.0,1.0,5.5,5.5,5.5,5.0,5.0,5.5,4.0,6.0,5.19,7.0,5.5,4.0,6.0,6.5,6.0,3.0,6.0,7.5,6.0,5.0,4.5,7.0,7.0,3.0,5.5,5.0,5.5,4.5,6.0,5.5,8.5,6.0,4.5,2.5
Diaw Mory,5.58,5.58,4.0,5.5,7.0,6.5,8.0,7.0,6.5,3.5,5.0,5.0,7.0,6.0,5.5,5.0,4.5,4.0,6.0,5.0,5.0,5.58,5.58,5.58,5.58,5.58,5.58,5.58,5.58,5.58,5.58,5.58,5.58,5.58,5.58,5.58,5.58,5.58,5.58,5.58
Costil Benoît,4.82,4.46,3.0,4.0,7.0,7.0,5.5,5.0,3.0,4.0,5.5,5.0,4.5,7.0,6.0,6.0,2.5,4.0,5.0,2.5,5.0,5.0,2.5,4.82,4.82,4.82,4.82,4.82,4.82,4.82,3.5,4.82,4.82,4.82,4.82,2.5,4.5,2.5,4.82,4.82
Poussin Gaëtan,5.39,5.19,5.5,6.0,7.0,5.5,4.5,5.5,4.0,5.0,6.0,5.5,6.5,5.5,6.0,4.5,4.5,4.0,6.0,5.5,5.5,5.39,5.39,5.0,3.0,6.0,5.5,5.0,3.5,4.0,5.39,8.0,5.0,2.0,4.0,5.39,5.39,5.39,6.0,6.5
Oukidja Alexandre,5.2,5.18,7.0,5.0,6.0,3.5,5.2,5.2,5.2,2.5,5.2,6.0,4.0,6.0,4.0,5.0,5.0,6.0,6.0,6.0,6.0,5.2,5.2,5.2,6.0,5.2,5.2,5.2,5.2,5.2,5.2,5.2,5.2,5.5,5.5,3.5,5.2,5.2,5.2,5.2
Ba Ousmane,5.0,5.0,5.0,5.0,5.0,5.0,5.0,5.0,5.0,4.0,6.0,5.0,5.0,5.0,5.0,5.0,5.0,5.0,5.0,5.0,5.0,5.0,5.0,5.0,5.0,5.0,5.0,5.0,5.0,5.0,5.0,5.0,5.0,5.0,5.0,5.0,5.0,5.0,5.0,5.0
Caillard Marc-Aurèle,4.25,5.03,4.25,4.25,4.25,4.0,4.5,4.25,4.25,4.25,4.25,4.25,4.25,4.25,4.25,4.25,4.25,4.25,4.25,4.25,4.25,5.0,6.0,5.0,4.25,5.0,5.5,6.0,6.0,6.0,2.5,4.0,3.0,4.25,4.25,5.0,5.5,5.5,7.0,4.0
Michel Mathieu,5.11,5.22,6.0,4.5,5.0,6.0,3.5,6.0,4.0,5.0,4.0,6.0,5.5,4.0,5.5,5.0,4.0,6.0,5.0,6.0,6.0,5.11,5.11,5.11,5.11,5.11,5.11,6.0,5.0,5.11,5.0,6.5,4.5,5.5,7.0,5.11,5.5,6.0,4.0,4.5
Larsonneur Gautier,6.03,6.03,6.0,6.0,4.0,7.0,5.5,7.0,7.0,6.0,6.0,6.5,7.0,7.0,5.5,4.5,5.0,5.0,6.0,6.0,7.5,6.03,6.03,6.03,6.03,6.03,6.03,6.03,6.03,6.03,6.03,6.03,6.03,6.03,6.03,6.03,6.03,6.03,6.03,6.03
Dreyer Matthieu,5.06,5.02,5.06,5.06,5.06,5.06,4.5,6.0,4.0,7.0,5.5,5.06,5.06,5.06,6.0,4.0,4.0,4.5,5.06,5.06,5.06,5.06,5.06,5.06,5.06,7.0,5.5,6.0,3.0,6.0,7.0,2.5,5.0,4.5,7.0,2.5,4.0,4.0,6.0,5.0
Fall Boubacar,5.0,5.0,5.0,5.0,5.0,5.0,5.0,5.0,5.0,5.0,5.0,5.0,5.0,5.0,5.0,5.0,5.0,5.0,5.0,5.0,5.0,5.0,5.0,5.0,5.0,5.0,5.0,5.0,5.0,5.0,5.0,5.0,5.0,5.0,5.0,5.0,5.0,5.0,5.0,5.0
Green Etienne,4.13,4.13,5.0,4.5,5.5,2.0,4.13,4.13,3.0,4.13,4.13,4.0,5.5,3.5,4.13,4.13,4.13,4.13,4.13,4.13,4.13,4.13,4.13,4.13,4.13,4.13,4.13,4.13,4.13,4.13,4.13,4.13,4.13,4.13,4.13,4.13,4.13,4.13,4.13,4.13
Raveyre Noah,4.0,4.0,4.0,4.0,4.0,4.0,4.0,4.0,4.0,4.0,4.0,4.0,4.0,4.0,4.0,4.0,4.0,4.0,4.0,4.0,4.0,4.0,4.0,4.0,4.0,4.0,4.0,4.0,4.0,4.0,4.0,4.0,4.0,4.0,4.0,4.0,4.0,4.0,4.0,4.0
Mandréa Anthony,5.39,5.48,6.0,7.5,4.5,6.0,7.0,5.0,4.0,6.5,4.5,5.0,6.0,3.5,5.5,4.0,6.0,5.0,5.0,6.0,5.5,5.39,5.39,5.39,5.39,5.39,5.39,5.39,5.39,5.39,6.5,4.5,5.0,7.5,4.0,5.5,7.0,6.0,4.5,6.0
Prévot Maxence,5.68,5.64,5.5,6.0,5.5,6.0,6.0,6.0,6.0,6.5,5.5,5.5,6.0,7.5,4.5,5.5,7.5,6.0,4.0,5.5,3.0,5.68,5.68,5.68,5.68,5.68,5.68,5.68,5.68,5.68,5.0,6.0,6.5,6.0,7.0,6.0,6.5,4.5,4.0,4.0
Callens Thomas,7.0,7.0,7.0,7.0,7.0,7.0,7.0,7.0,7.0,7.0,7.0,7.0,7.0,7.0,7.0,7.0,7.0,7.0,7.0,7.0,7.0,7.0,7.0,7.0,7.0,7.0,7.0,7.0,7.0,7.0,7.0,7.0,7.0,7.0,7.0,7.0,7.0,7.0,7.0,7.0
Escales Florian,5.53,5.53,4.0,5.0,3.5,6.0,6.0,7.0,6.5,6.0,4.0,4.0,6.0,4.0,7.0,5.53,5.53,6.5,6.0,5.5,7.0,5.53,5.53,5.53,5.53,5.53,5.53,5.53,5.53,5.53,5.53,5.53,5.53,5.53,5.53,5.53,5.53,5.53,5.53,5.53
Hautbois Maxime,6.0,6.0,7.0,4.0,6.0,6.0,6.0,6.0,6.0,6.0,6.0,6.0,6.0,6.0,6.0,6.0,7.0,6.0,6.0,6.0,6.0,6.0,6.0,6.0,6.0,6.0,6.0,6.0,6.0,6.0,6.0,6.0,6.0,6.0,6.0,6.0,6.0,6.0,6.0,6.0
Sauvage Alexis,4.75,4.75,4.75,4.75,6.0,4.0,5.5,4.0,3.5,5.0,6.0,5.0,5.0,6.0,6.0,4.0,4.75,2.5,3.0,4.5,6.0,4.75,4.75,4.75,4.75,4.75,4.75,4.75,4.75,4.75,4.75,4.75,4.75,4.75,4.75,4.75,4.75,4.75,4.75,4.75
Basilio Enzo,5.08,5.23,7.0,4.0,6.0,4.0,6.5,4.0,5.5,4.0,6.0,6.0,3.5,6.0,5.5,6.0,5.0,5.5,4.0,5.5,2.5,4.5,5.08,5.08,5.08,5.08,5.08,6.0,6.0,4.5,7.0,6.0,6.0,3.5,5.5,5.5,4.0,6.0,5.5,6.0
Lemaître Nicolas,5.56,5.45,6.5,5.56,5.5,6.5,5.0,2.5,3.0,5.56,5.56,6.5,6.0,6.0,4.5,4.0,8.0,7.0,6.5,6.5,5.0,4.0,6.0,6.0,7.0,5.56,5.56,5.0,4.0,5.0,6.0,4.0,5.56,8.0,5.5,5.5,6.0,4.0,4.0,5.5
Thuram-Ulien Yohann,5.13,5.3,5.13,6.0,5.13,5.13,5.13,5.13,5.5,5.5,3.5,5.13,5.13,5.13,5.13,5.13,5.13,5.13,5.13,5.13,5.13,5.13,5.13,5.13,5.13,5.13,5.13,5.13,5.13,5.13,5.13,5.13,6.0,5.13,5.13,5.13,5.13,5.13,5.13,5.13
Dias Lucas,5.5,5.78,5.5,6.0,6.5,5.5,5.5,5.5,4.0,5.5,5.5,5.5,5.5,5.5,5.5,5.5,5.5,5.5,5.5,5.5,5.5,5.5,5.5,5.5,5.5,5.5,5.5,5.5,5.5,5.5,5.0,7.0,5.5,5.5,5.5,5.5,5.5,8.0,6.0,4.0
Maraval Axel,5.27,5.26,5.27,5.27,5.27,4.0,6.5,4.0,5.27,6.5,4.5,6.5,4.0,7.5,6.0,7.0,5.0,5.0,6.0,3.5,3.0,5.27,5.27,5.27,5.27,5.27,5.27,5.27,5.27,5.27,5.27,5.27,5.27,5.27,5.27,6.0,5.27,5.27,5.27,4.5
Allagbé Saturnin,6.5,6.0,6.5,6.5,6.5,6.5,6.5,6.5,6.5,6.5,6.5,6.5,6.5,6.5,6.5,6.5,6.5,6.5,6.5,6.5,6.5,5.5,6.5,6.5,6.5,6.5,6.5,6.5,6.5,6.5,6.5,6.5,6.5,6.5,6.5,6.5,6.5,6.5,6.5,6.5
Reynet Baptiste,5.39,5.32,6.0,6.0,5.0,6.0,7.0,3.0,6.0,4.5,6.0,6.0,4.5,6.0,6.0,5.0,5.39,6.0,4.0,5.5,4.5,5.0,6.0,6.0,2.5,5.5,6.0,4.0,6.5,6.0,6.5,5.5,5.5,4.0,3.5,6.0,5.0,6.0,4.0,6.5
Demarconnay Vincent,5.67,5.81,5.67,5.67,5.67,5.67,5.67,5.67,5.67,5.67,5.67,5.67,5.67,5.0,6.5,5.67,5.67,7.0,6.0,5.5,4.0,5.0,5.5,6.0,7.5,6.0,5.67,6.0,7.0,5.67,5.67,4.5,5.5,4.0,6.5,8.0,3.5,6.5,6.5,5.67
Filipovic Ivan,5.11,5.2,5.5,6.0,6.0,3.0,5.5,4.5,4.0,6.0,4.0,6.5,4.0,4.0,5.11,6.5,6.0,5.11,5.11,5.11,5.11,5.11,5.11,5.11,5.11,5.11,5.11,5.11,5.11,5.11,5.11,5.11,5.11,5.11,5.11,5.11,5.11,5.11,5.11,6.5
Gurtner Régis,5.45,5.43,3.0,7.0,7.0,6.0,6.0,5.5,6.5,4.0,5.5,6.0,6.0,4.0,4.5,6.0,4.0,6.0,6.0,4.5,6.0,5.0,5.0,6.0,7.0,6.0,5.5,6.5,4.0,6.0,3.0,5.0,5.5,6.0,6.0,4.0,6.0,5.0,5.5,6.0
Desmas Arthur,5.72,5.5,6.5,5.0,4.5,6.0,5.5,5.0,4.5,6.0,5.5,5.5,6.5,4.5,6.0,6.5,6.0,6.0,7.0,6.5,5.72,5.72,5.72,5.72,5.72,5.72,5.72,5.72,5.72,5.72,5.72,5.72,3.0,4.0,5.72,5.72,5.72,5.72,5.72,5.72
Gorgelin Mathieu,4.5,4.8,4.5,4.5,4.5,4.5,4.5,4.5,4.5,4.5,4.5,4.5,4.5,4.5,4.5,4.5,4.5,4.5,4.5,4.5,4.5,4.5,4.5,4.5,4.5,4.5,4.5,4.5,4.5,4.5,4.5,3.0,4.5,4.5,4.5,6.0,4.5,4.5,4.5,6.0
Maubleu Brice,6.0,5.95,6.0,8.0,4.0,5.5,7.0,5.5,7.0,6.0,7.0,6.5,7.0,6.0,6.0,6.0,6.5,4.5,4.5,6.0,5.0,5.5,6.0,6.0,6.0,6.0,5.0,6.0,7.0,6.0,6.0,5.0,6.0,4.0,6.0,7.0,7.0,4.5,7.5,6.0
Olliero Alexandre,5.63,5.66,3.0,7.0,6.0,3.5,6.0,5.0,4.0,6.0,6.5,4.5,4.0,6.0,7.0,7.0,7.5,6.0,6.0,6.0,6.0,6.0,6.0,5.5,5.63,5.63,5.63,5.63,5.63,5.63,5.63,5.63,5.63,5.63,5.63,5.63,5.63,5.63,5.63,5.63
Konaté Hillel,4.0,4.0,4.0,4.0,4.0,4.0,4.0,4.0,4.0,4.0,4.0,4.0,4.0,4.0,4.0,4.0,4.0,4.0,4.0,5.0,3.0,4.0,4.0,4.0,4.0,4.0,4.0,4.0,4.0,4.0,4.0,4.0,4.0,4.0,4.0,4.0,4.0,4.0,4.0,4.0
M'Pasi Lionel,5.31,5.27,5.31,5.31,5.31,5.31,5.31,5.31,7.0,6.0,4.0,4.0,4.5,6.0,5.5,5.0,6.5,6.0,6.0,5.0,3.5,5.31,4.0,6.0,6.0,5.31,6.0,5.0,4.0,5.0,4.5,5.0,5.0,4.0,4.5,6.0,3.0,7.0,7.0,7.0
Cibois Sébastien,4.83,4.83,6.0,3.5,6.0,3.5,7.0,3.0,4.83,4.83,4.83,4.83,4.83,4.83,4.83,4.83,4.83,4.83,4.83,4.83,4.83,4.83,4.83,4.83,4.83,4.83,4.83,4.83,4.83,4.83,4.83,4.83,4.83,4.83,4.83,4.83,4.83,4.83,4.83,4.83
Boucher Zacharie,6.75,5.75,6.75,6.75,6.75,6.75,6.75,6.75,6.75,6.5,7.0,6.75,6.75,6.75,6.75,6.75,6.75,6.75,6.75,6.75,6.75,6.75,6.75,6.75,6.75,6.75,6.75,6.75,6.75,6.75,6.75,6.75,6.75,6.75,6.75,5.0,6.5,4.5,5.0,6.75
Placide Johny,5.18,5.2,6.0,5.0,6.5,3.5,4.5,2.5,6.5,5.18,5.18,6.0,2.5,3.5,5.5,6.0,5.5,6.5,6.5,5.5,6.0,6.0,4.0,6.5,4.0,4.0,6.0,4.0,4.5,6.0,6.0,6.0,4.5,7.0,4.5,5.5,5.18,5.18,5.18,5.18
Meret Alex,5.58,5.52,4.5,6.0,7.0,6.5,5.0,6.0,6.0,5.5,4.5,3.5,6.0,7.5,6.0,5.5,5.0,4.0,6.0,5.5,6.0,5.58,5.58,5.58,4.5,5.58,5.58,5.58,5.58,5.58,5.58,5.58,5.58,5.58,7.0,3.5,5.58,5.58,5.58,6.0
Musso Juan,5.38,5.39,5.5,6.0,6.5,5.5,6.5,4.0,5.0,5.38,5.38,5.38,5.38,6.5,5.0,5.38,4.0,5.38,5.0,4.5,6.0,4.0,5.5,6.5,5.5,5.38,5.38,5.0,5.38,5.5,5.38,7.0,3.5,5.38,6.0,5.5,7.5,4.5,4.5,5.0
Sportiello Marco,5.0,5.3,5.0,5.0,5.0,5.0,5.0,5.0,6.5,7.0,4.0,5.5,4.0,5.0,5.0,4.0,5.0,4.0,5.0,5.0,5.0,5.0,5.0,5.0,5.0,5.0,6.0,5.0,5.0,5.0,6.0,5.0,5.0,6.0,5.0,5.0,5.0,5.0,5.0,5.0
Onana André,5.55,5.55,5.55,5.55,5.55,5.55,5.55,5.55,5.55,5.55,6.0,6.5,4.0,6.0,4.0,5.5,6.0,6.5,5.0,6.0,5.55,5.55,5.55,5.55,5.55,5.55,5.55,5.55,5.55,5.55,5.55,5.55,5.55,5.55,5.55,5.55,5.55,5.55,5.55,5.55
Handanovic Samir,5.13,5.31,5.5,5.5,4.0,6.0,4.0,8.0,4.0,4.0,5.13,5.13,5.13,5.13,5.13,5.13,5.13,5.13,5.13,5.13,5.13,5.13,4.0,7.5,5.5,4.0,6.0,4.0,5.5,6.0,5.5,5.5,6.5,6.0,5.0,5.0,6.0,4.0,5.0,6.0
Dragowski Bartlomiej,5.5,5.53,7.5,6.0,4.5,4.0,5.5,6.0,7.0,3.5,4.0,4.5,6.0,5.0,7.5,5.5,4.5,5.5,7.0,7.0,4.0,5.5,5.5,5.5,5.5,5.5,5.5,6.0,5.5,5.5,5.5,5.5,5.5,5.5,5.5,5.5,5.5,5.5,5.5,5.5
Zoet Jeroen,5.33,5.33,5.33,5.33,5.33,5.33,5.33,5.33,5.33,5.33,5.33,5.33,5.33,5.33,5.33,5.0,6.0,5.0,5.33,5.33,5.33,5.33,5.33,5.33,5.33,5.33,5.33,5.33,5.33,5.33,5.33,5.33,5.33,5.33,5.33,5.33,5.33,5.33,5.33,5.33
Zovko Petar,4.5,4.75,4.5,4.5,4.5,4.5,4.5,4.5,4.5,4.5,4.5,4.5,4.5,4.5,4.5,4.5,4.5,4.5,4.5,4.5,4.5,4.5,4.5,4.5,4.5,4.5,4.5,4.5,4.5,4.5,4.5,4.5,4.5,4.5,4.5,4.5,4.5,4.5,4.5,5.0
Maignan Mike,5.71,5.73,5.0,5.0,6.0,7.5,5.5,6.0,5.0,5.71,5.71,5.71,5.71,5.71,5.71,5.71,5.71,5.71,5.71,5.71,5.71,6.5,6.0,6.0,5.5,6.5,5.5,3.0,6.0,6.0,6.0,5.5,6.5,6.0,6.0,5.0,6.0,5.0,6.0,6.0
Tatarusanu Ciprian,5.41,5.41,5.41,5.41,5.41,5.41,5.41,5.41,5.41,6.0,6.5,5.5,6.0,4.5,6.0,5.5,6.0,5.0,4.5,4.0,5.41,5.41,5.41,5.41,5.41,5.41,5.41,5.41,5.41,5.41,5.41,5.41,5.41,5.41,5.41,5.41,5.41,5.41,5.41,5.41
Skorupski Lukasz,5.28,5.48,5.5,5.5,6.0,6.0,6.0,5.0,4.0,3.5,5.0,6.5,6.5,5.5,5.0,2.5,6.5,6.0,4.0,6.0,5.28,6.5,5.28,5.28,5.0,7.0,4.0,5.0,5.5,6.0,6.0,4.5,8.0,6.0,6.0,5.28,7.5,5.0,4.0,5.28
Rui Patrício,5.13,5.31,6.0,6.0,5.0,6.0,2.0,5.5,4.0,4.0,5.0,5.5,6.0,5.5,4.5,6.0,4.5,5.5,4.5,6.0,6.0,5.0,3.0,6.0,6.0,6.0,4.5,5.13,6.0,7.0,6.0,6.5,6.5,5.0,5.5,4.0,6.5,5.0,4.5,6.0
Provedel Ivan,5.69,5.67,6.0,5.5,7.0,5.0,6.0,6.0,7.0,6.0,7.0,6.5,6.0,4.0,6.5,5.5,4.5,4.0,4.0,6.0,5.69,5.0,5.69,6.5,6.0,5.69,4.5,6.0,8.0,5.5,6.0,4.0,6.5,7.0,5.0,6.0,6.0,4.0,6.0,4.0
Luís Maximiano,3.5,5.18,3.5,3.5,3.5,3.5,3.5,3.5,3.5,3.5,3.5,3.5,3.5,3.5,3.5,3.5,3.5,3.5,3.5,3.5,3.5,3.5,3.0,5.0,3.5,6.0,4.0,7.0,4.0,5.0,7.0,4.5,4.0,4.0,6.0,6.0,6.0,6.5,4.0,7.0
Sepe Luigi,5.73,5.63,5.5,6.0,7.5,6.0,5.5,7.0,4.0,4.0,5.5,6.0,6.5,6.0,6.5,6.0,4.0,5.73,5.73,5.73,5.73,6.0,5.73,5.73,5.73,5.73,6.0,5.5,5.0,4.0,5.5,6.0,6.0,5.5,4.5,5.5,6.0,5.5,6.0,5.73
Ochoa Guillermo,5.5,5.5,5.5,5.5,5.5,5.5,5.5,5.5,5.5,5.5,5.5,5.5,5.5,5.5,5.5,5.5,5.5,7.5,7.0,3.0,4.5,5.5,5.5,5.5,5.5,5.5,5.5,5.5,5.5,5.5,5.5,5.5,5.5,5.5,5.5,5.5,5.5,5.5,5.5,5.5
Silvestri Marco,5.26,5.32,3.0,7.0,6.0,6.0,6.0,5.0,6.0,5.0,5.5,6.0,5.0,6.0,4.0,6.0,4.0,4.0,5.5,4.0,6.0,8.0,5.26,5.26,6.5,6.0,2.5,4.5,5.0,6.0,5.0,6.0,5.5,6.0,6.0,4.0,5.0,6.0,4.5,5.26
Perin Mattia,5.86,5.72,7.5,5.5,5.86,5.0,7.0,5.0,5.5,5.86,5.86,5.86,5.86,5.86,5.86,5.5,5.86,5.86,5.86,5.86,5.86,5.86,5.86,5.86,5.86,5.86,5.86,5.86,5.86,5.86,5.86,5.86,5.86,5.86,5.86,5.86,5.86,5.86,6.0,4.5
Szczesny Wojciech,5.58,5.65,5.58,5.58,6.0,5.0,5.58,5.58,5.58,6.0,4.0,6.0,6.5,5.5,6.5,5.58,7.0,6.5,6.5,3.0,4.0,5.5,7.0,6.0,6.5,6.0,4.5,5.5,4.0,6.5,7.0,6.5,4.5,4.5,4.5,7.0,5.5,6.0,5.58,5.58
Falcone Wladimiro,5.58,5.72,7.0,5.0,5.5,6.5,5.5,4.5,6.0,5.0,6.5,6.0,4.5,6.0,6.0,6.0,6.5,5.5,6.0,4.0,4.0,5.58,5.5,7.5,4.5,8.0,7.5,6.5,5.58,5.0,4.0,5.58,5.58,5.58,5.58,5.58,5.58,5.58,5.58,5.58
Consigli Andrea,4.82,4.99,3.5,6.0,4.0,6.0,5.5,4.0,6.0,6.0,4.5,4.0,6.5,3.5,4.0,6.0,3.0,4.5,5.0,4.82,4.82,4.0,6.0,3.5,6.5,2.5,6.0,8.5,6.0,4.82,4.0,5.0,5.0,6.0,6.5,4.0,2.0,6.0,5.5,5.5
Pegolo Gianluca,4.75,4.75,4.75,4.75,4.75,4.75,4.75,4.75,4.75,4.75,4.75,4.75,4.75,4.75,4.75,4.75,4.75,4.75,4.75,4.0,5.5,4.75,4.75,4.75,4.75,4.75,4.75,4.75,4.75,4.75,4.75,4.75,4.75,4.75,4.75,4.75,4.75,4.75,4.75,4.75
Milinkovic-Savic Vanja,5.42,5.13,5.0,6.0,6.0,4.0,6.0,5.0,6.0,4.0,5.0,6.0,6.0,5.0,5.0,5.5,5.0,5.0,5.5,6.0,7.0,4.0,5.42,4.5,4.0,3.5,4.0,5.0,5.5,5.42,5.42,5.42,5.42,5.42,5.42,5.0,5.42,5.42,5.42,5.42
Di Gregorio Michele,5.13,5.13,6.0,2.5,4.0,4.5,5.0,5.5,6.0,6.0,6.0,6.0,3.5,5.5,6.0,4.0,6.0,6.0,4.0,6.5,4.5,5.13,5.13,5.13,5.13,5.13,5.13,5.13,5.13,5.13,5.13,5.13,5.13,5.13,5.13,5.13,5.13,5.13,5.13,5.13
Vicario Guglielmo,5.67,5.64,4.0,6.0,6.0,5.5,5.0,6.0,6.5,4.0,6.5,7.0,3.5,6.0,6.5,4.5,7.5,5.0,4.5,8.0,5.67,7.0,4.0,5.5,3.5,6.0,5.5,4.0,4.0,7.0,6.0,5.0,8.0,7.0,3.0,4.5,4.0,6.0,8.0,8.5
Gollini Pierluigi,5.83,5.83,5.5,6.0,6.0,5.83,5.83,5.83,5.83,5.83,5.83,5.83,5.83,5.83,5.83,5.83,5.83,5.83,5.83,5.83,5.83,5.83,5.83,5.83,5.83,5.83,5.83,5.83,5.83,5.83,5.83,5.83,5.83,5.83,5.83,5.83,5.83,5.83,5.83,5.83
Terracciano Pietro,4.97,4.86,4.97,4.97,4.97,5.0,4.5,4.5,6.0,6.0,3.0,4.5,4.0,7.0,6.0,4.5,4.0,5.5,6.0,4.0,5.0,3.0,3.0,5.5,6.0,4.5,4.5,4.97,4.97,4.5,5.5,6.0,5.5,5.0,5.5,4.0,4.0,6.0,2.5,6.0
Montipò Lorenzo,5.34,5.41,2.5,5.5,6.5,6.0,5.5,5.0,7.0,6.0,4.5,6.0,4.0,4.0,4.0,5.0,6.5,4.5,7.0,5.0,7.0,5.34,5.34,5.0,5.0,5.5,7.5,5.34,5.34,4.5,4.5,4.5,7.0,5.5,6.0,6.5,6.0,4.0,5.5,5.34
Radu Ionut,5.33,5.1,4.5,8.0,5.0,4.5,8.0,6.0,3.0,4.5,4.5,5.33,5.33,5.33,5.33,5.33,5.33,5.33,5.33,5.33,5.33,3.0,5.33,5.33,5.33,5.33,5.33,5.33,5.33,5.33,5.33,5.33,5.33,5.33,5.33,5.33,5.33,5.33,5.33,5.33
Carnesecchi Marco,5.28,5.28,5.28,5.28,5.28,5.28,5.28,5.28,5.28,5.28,5.28,5.5,5.5,7.0,3.0,7.0,4.0,7.0,4.5,4.0,5.28,5.28,5.28,5.28,5.28,5.28,5.28,5.28,5.28,5.28,5.28,5.28,5.28,5.28,5.28,5.28,5.28,5.28,5.28,5.28
Audero Emil,5.39,5.47,4.0,6.5,2.5,6.0,7.0,5.0,4.5,4.0,5.5,6.0,8.0,5.0,4.0,4.5,4.0,6.0,8.0,6.0,6.0,6.0,5.5,5.39,5.39,5.39,5.39,5.39,5.39,5.39,5.39,6.0,4.5,4.0,4.0,5.0,8.0,7.0,5.0,6.5
Ederson,5.15,5.26,6.0,5.5,4.0,4.0,6.0,4.0,4.0,6.0,6.0,5.5,4.5,5.15,4.5,7.0,5.5,6.0,4.5,4.5,6.0,4.0,5.5,6.0,5.0,6.0,6.5,4.0,6.0,5.0,5.5,5.5,6.0,4.5,5.5,5.0,6.0,6.0,4.0,4.0
Lloris Hugo,5.11,5.31,5.0,4.0,6.0,6.5,5.5,5.5,2.5,6.0,4.0,7.0,5.0,6.5,4.0,5.0,5.5,5.0,5.11,3.0,7.0,4.0,5.11,7.0,5.0,5.5,5.5,4.0,6.0,5.0,4.5,4.5,5.0,8.0,5.5,6.0,5.0,5.0,6.0,5.0
Forster Fraser,4.5,5.18,4.5,4.5,4.5,4.5,4.5,4.5,4.5,4.5,4.5,4.5,4.5,4.5,4.5,4.5,4.5,4.5,4.5,4.5,4.5,4.5,4.5,4.0,6.0,5.0,7.0,5.0,5.5,3.5,5.0,5.5,4.0,2.5,8.0,5.5,5.0,4.0,4.5,4.5
Raya David,5.83,5.75,5.0,7.0,5.5,6.0,5.0,6.0,5.83,4.0,5.5,2.0,8.0,7.0,4.0,6.0,6.0,7.0,6.0,7.5,6.0,6.0,7.0,5.83,5.83,4.5,6.0,6.0,7.0,5.83,6.5,4.5,6.5,6.0,5.5,5.5,4.0,7.0,6.0,4.0
Leno Bernd,6.19,6.18,6.19,6.19,6.0,6.5,6.0,7.0,8.0,5.0,6.0,5.0,5.5,7.5,6.0,7.0,5.5,6.0,6.0,5.5,7.0,6.0,6.19,6.19,6.19,6.19,6.19,6.19,6.19,6.19,6.19,6.0,6.19,6.19,6.19,6.19,6.19,6.19,6.19,6.19
Rodák Marek,5.0,5.0,4.5,5.5,5.0,5.0,5.0,5.0,5.0,5.0,5.0,5.0,5.0,5.0,5.0,5.0,5.0,5.0,5.0,5.0,5.0,5.0,5.0,5.0,5.0,5.0,5.0,5.0,5.0,5.0,5.0,5.0,5.0,5.0,5.0,5.0,5.0,5.0,5.0,5.0
Meslier Illan,5.42,5.2,6.5,5.0,6.5,5.5,5.5,3.0,5.42,5.42,7.0,5.0,5.0,3.5,4.0,8.5,5.0,4.0,6.0,8.0,4.0,5.0,6.0,5.42,5.5,4.0,5.0,4.0,4.0,5.0,5.42,5.0,6.0,6.0,3.5,8.0,3.0,5.0,6.0,6.0
Pope Nick,6.08,5.89,6.0,7.5,7.0,6.0,6.0,8.0,6.08,5.0,4.5,6.0,6.0,5.5,6.0,6.0,5.5,6.0,6.0,6.0,7.0,5.5,6.0,5.0,7.0,6.0,5.5,6.0,5.5,3.0,4.0,6.5,5.5,5.0,6.5,7.0,5.5,4.0,7.0,5.5
de Gea David,5.33,5.37,4.5,2.5,6.5,7.0,6.0,5.5,6.0,5.33,2.5,5.0,6.0,6.0,4.5,6.5,3.5,7.0,6.0,6.0,7.0,4.5,4.0,6.0,6.0,5.0,5.5,6.0,5.5,5.5,5.0,3.0,5.0,5.0,5.0,4.5,6.5,2.5,6.0,5.5
Ramsdale Aaron,5.61,5.36,6.0,4.5,5.5,5.5,5.0,4.0,5.61,6.0,6.0,5.0,6.5,5.61,5.0,6.0,6.0,6.0,6.0,6.0,5.5,8.0,4.0,4.0,6.0,7.0,5.0,5.0,4.0,5.5,6.0,5.61,4.0,4.0,5.5,6.0,5.5,5.0,4.5,5.0
Ward Danny,5.0,5.05,4.5,2.5,4.0,4.0,4.5,4.0,5.0,2.5,6.5,4.5,6.0,6.5,7.5,6.0,7.0,7.5,3.5,6.0,4.5,4.0,4.5,5.0,5.0,5.0,5.0,5.0,5.0,5.0,5.0,5.0,5.0,5.0,5.0,5.0,5.0,5.0,6.0,5.0
Alisson,5.68,5.75,5.0,5.0,4.5,6.0,5.5,6.0,5.68,5.68,5.5,5.0,8.0,7.5,6.0,5.0,6.5,6.0,6.5,5.5,4.5,4.0,6.0,5.68,6.0,6.0,6.5,5.68,6.5,6.5,6.5,6.0,6.0,5.0,6.0,5.5,6.0,5.0,5.0,6.5
Sánchez Robert,5.21,5.27,6.0,6.0,6.5,6.0,4.0,5.0,5.21,5.21,5.5,5.0,4.0,5.0,4.0,7.0,5.5,4.0,7.0,3.5,5.0,6.0,4.0,4.0,6.0,5.5,6.0,3.0,4.0,4.0,6.5,4.0,5.0,6.0,6.0,5.0,6.0,7.0,5.5,5.0
Guaita Vicente,5.58,5.64,4.0,6.0,6.0,3.5,5.0,7.5,5.5,5.58,5.0,6.0,8.0,6.0,3.5,7.0,5.0,5.5,6.0,6.5,2.5,5.5,7.5,5.58,4.0,5.58,6.5,5.5,5.58,7.5,6.5,6.0,6.5,4.0,5.58,6.0,5.5,5.58,5.58,6.5
Fabianski Lukasz,5.4,5.46,5.0,6.0,4.0,6.0,5.5,4.5,5.4,4.5,7.0,5.0,6.5,6.5,6.0,5.0,5.5,6.0,4.0,4.5,5.0,5.5,6.0,5.4,5.4,6.0,4.5,5.0,6.0,6.0,7.0,4.0,5.0,5.0,4.0,7.5,5.5,6.0,8.0,4.0
Aréola Alphonse,4.5,4.83,4.0,4.5,4.5,4.5,4.5,4.5,4.5,4.5,4.5,4.5,4.5,4.5,4.5,5.0,4.5,4.5,4.5,4.5,4.5,4.5,4.5,4.5,5.5,4.5,4.5,4.5,4.5,4.5,4.5,4.5,4.5,4.5,4.5,4.5,4.5,4.5,4.5,4.5
Bazunu Gavin,5.08,5.08,4.5,5.5,5.0,6.0,6.0,5.0,5.08,5.0,4.5,4.5,6.0,6.5,5.5,5.0,2.5,6.0,2.5,5.5,4.0,6.0,6.0,5.08,5.08,5.08,5.08,5.08,5.08,5.08,5.08,5.08,5.08,5.08,5.08,5.08,5.08,5.08,5.08,5.08
José Sá,5.3,5.45,5.0,8.0,5.5,6.0,6.0,6.0,5.3,5.0,4.0,4.0,7.0,5.0,2.5,5.0,5.0,4.0,6.0,6.5,5.0,7.0,3.5,8.0,5.0,5.0,8.0,7.0,5.5,6.0,6.5,4.0,6.0,5.0,2.0,6.0,5.0,6.0,5.3,5.0
Arrizabalaga Kepa,6.04,6.03,6.04,6.04,6.04,6.04,6.04,6.04,5.0,6.04,6.0,6.0,8.0,7.0,6.0,4.0,6.04,6.04,6.0,6.0,5.0,7.0,6.5,6.0,6.5,5.5,6.04,6.04,6.04,6.04,6.04,6.04,6.04,6.04,6.04,6.04,6.04,6.04,6.04,6.04
Mendy Édouard,5.11,5.12,6.5,5.0,2.5,6.5,4.5,5.5,5.11,5.11,5.11,5.11,5.11,5.11,5.11,5.0,5.5,5.0,5.11,5.11,5.11,5.11,5.11,5.11,5.11,5.11,3.0,5.5,5.0,5.0,6.0,5.11,2.5,6.0,5.5,6.0,5.5,4.5,5.0,5.5
Neto,5.45,5.5,5.45,5.45,5.45,5.45,6.0,4.5,5.45,7.0,6.5,6.0,5.0,5.0,4.5,5.45,5.45,5.45,5.45,5.45,5.45,4.0,6.0,5.45,5.45,5.45,5.45,5.45,5.45,5.45,5.45,5.45,5.45,5.45,5.45,5.45,6.0,5.45,5.45,5.45
Travers Mark,4.55,4.55,6.5,4.0,4.0,2.5,4.55,4.55,4.55,4.55,4.55,4.55,4.55,4.55,5.0,4.5,3.5,6.5,5.0,4.5,4.0,4.55,4.55,4.55,4.55,4.55,4.55,4.55,4.55,4.55,4.55,4.55,4.55,4.55,4.55,4.55,4.55,4.55,4.55,4.55
Martínez Emiliano,5.58,5.36,4.0,6.0,7.0,4.5,5.0,6.0,5.58,6.0,6.0,5.0,4.0,5.0,7.0,5.0,6.0,5.0,5.58,5.58,5.5,6.0,7.5,4.0,6.0,4.5,4.5,6.0,6.0,6.0,4.5,5.0,5.0,3.0,5.0,6.0,6.0,6.0,5.5,5.58
Olsen Robin,5.0,4.75,5.0,5.0,5.0,5.0,5.0,5.0,5.0,5.0,5.0,5.0,5.0,5.0,5.0,4.0,5.0,5.0,5.0,6.0,5.0,5.0,5.0,5.0,5.0,5.0,5.0,5.0,5.0,5.0,5.0,5.0,5.0,5.0,5.0,5.0,5.0,5.0,5.0,4.0
Hennessey Wayne,5.5,4.88,5.5,5.5,5.5,5.5,5.5,5.5,5.5,5.5,5.5,5.5,5.5,5.5,5.5,5.5,5.5,5.5,6.0,5.5,5.5,5.5,5.0,5.5,5.5,5.5,5.5,5.5,5.5,5.5,5.5,5.5,5.5,5.5,5.5,5.5,5.5,5.5,5.5,5.5
Henderson Dean,5.25,5.25,6.0,8.0,7.0,6.0,1.0,3.5,5.25,5.0,3.0,5.0,5.0,8.0,8.0,3.0,3.5,6.0,5.25,4.5,6.0,6.0,5.25,5.25,5.25,5.25,5.25,5.25,5.25,5.25,5.25,5.25,5.25,5.25,5.25,5.25,5.25,5.25,5.25,5.25
Begovic Asmir,7.0,6.17,7.0,7.0,7.0,7.0,7.0,7.0,7.0,7.0,7.0,7.0,7.0,7.0,7.0,7.0,7.0,7.0,7.0,7.0,7.0,7.0,7.0,7.0,7.0,7.0,7.0,7.0,7.0,7.0,7.0,7.0,7.0,7.0,7.0,7.0,7.0,7.0,7.0,4.0
Pickford Jordan,5.37,5.33,6.0,4.0,6.5,6.0,6.0,8.0,5.37,5.37,6.0,4.5,5.0,5.5,6.0,8.0,4.0,3.5,5.0,5.5,3.5,5.0,4.0,4.5,5.0,5.0,6.0,7.0,7.0,1.5,4.5,5.5,5.0,7.0,5.5,5.0,7.0,7.0,5.0,5.37
ter Stegen Marc-André,5.68,5.64,6.0,6.5,6.0,7.0,6.0,5.5,6.0,6.0,3.5,5.5,5.0,6.0,5.5,5.5,4.5,6.0,5.68,6.0,6.0,5.68,4.0,6.0,5.0,4.5,6.0,6.0,5.68,5.68,7.0,6.0,7.0,5.5,7.0,5.0,5.68,4.5,6.0,4.0
Álvaro Fernández Álvaro,5.31,5.0,5.31,5.31,5.31,6.0,5.0,4.0,4.0,5.31,5.31,5.31,5.31,5.31,5.31,5.31,7.0,5.0,5.0,6.5,4.0,5.0,6.0,5.31,5.31,5.31,5.31,5.31,5.31,5.31,5.31,5.31,5.31,5.31,5.31,5.31,5.31,5.31,5.31,5.31
Lecomte Benjamin,4.75,4.75,4.0,4.0,3.0,4.75,4.75,4.75,4.75,3.5,6.0,6.0,4.0,5.5,7.0,4.5,4.75,4.75,4.75,4.75,4.75,4.75,4.75,4.75,4.75,4.75,4.75,4.75,4.75,4.75,4.75,4.75,4.75,4.75,4.75,4.75,4.75,4.75,4.75,4.75
Lunin Andriy,5.75,5.92,5.75,5.75,5.75,5.75,5.75,5.75,4.5,6.0,6.0,6.5,5.75,5.75,5.75,5.75,5.75,5.75,5.75,5.75,5.75,5.75,5.75,5.75,5.75,5.75,5.75,5.75,5.75,5.75,5.75,5.75,5.75,5.75,5.75,5.75,5.0,5.75,7.5,5.75
Courtois Thibaut,5.58,5.68,6.5,5.0,6.0,6.0,5.0,6.0,5.58,5.58,5.58,5.58,5.5,5.0,5.0,4.5,6.5,5.0,5.58,6.5,5.58,8.0,5.58,4.0,5.58,6.0,6.0,7.0,5.0,6.5,4.0,6.0,5.5,4.5,5.5,7.0,5.58,5.5,5.58,6.0
Marchesín Agustín,5.08,5.08,4.0,4.5,6.5,5.0,3.0,4.0,7.0,6.0,5.5,4.5,4.0,4.0,4.5,6.5,6.0,7.0,4.5,5.0,5.08,5.08,5.08,5.08,5.08,5.08,5.08,5.08,5.08,5.08,5.08,5.08,5.08,5.08,5.08,5.08,5.08,5.08,5.08,5.08
Álex Remiro,5.58,5.56,6.0,3.0,7.0,6.0,6.0,5.5,5.0,6.0,5.5,6.0,5.0,4.0,6.0,5.5,6.5,6.0,5.0,6.5,6.0,6.0,5.58,6.0,6.0,6.0,4.0,5.58,4.0,7.0,5.5,6.0,4.5,6.0,4.0,6.0,6.0,5.5,6.0,5.0
Rajkovic Predrag,5.56,5.74,8.0,4.5,6.0,5.5,3.5,6.0,5.0,4.5,4.0,6.5,6.0,5.0,6.0,7.0,4.5,6.0,5.5,6.5,5.56,5.56,6.0,4.0,6.0,6.0,6.5,6.5,6.0,7.0,6.0,6.0,5.0,6.5,6.5,5.0,7.0,4.5,7.0,5.0
Bravo Claudio,5.83,5.38,5.83,5.83,5.83,5.83,5.83,5.83,5.83,5.83,5.83,6.5,5.83,5.83,6.0,5.83,5.83,5.83,5.83,5.0,5.83,5.83,5.5,6.0,5.83,5.83,5.83,3.0,4.0,5.83,6.0,5.5,5.5,6.0,5.83,6.0,5.0,5.83,5.83,5.83
Rui Silva,5.82,5.73,5.5,7.5,6.5,4.5,6.0,5.0,6.0,6.5,6.0,5.82,4.0,8.0,5.82,4.5,6.0,5.5,5.82,5.82,5.82,6.5,5.82,5.82,4.0,4.0,4.5,5.82,5.82,7.0,5.82,5.82,5.82,5.82,4.5,5.82,5.0,7.0,6.5,7.0
Fernández Aitor,5.75,5.64,5.75,5.75,5.75,5.75,5.75,5.75,5.75,5.75,5.75,7.0,5.75,6.0,6.0,4.5,4.0,7.0,6.0,5.5,5.75,8.5,5.75,3.5,4.0,5.75,5.75,5.75,5.75,5.75,5.75,5.75,5.75,5.75,5.75,5.75,5.75,5.75,5.75,5.75
Herrera Sergio,5.25,5.31,6.0,6.0,4.5,5.5,6.0,4.0,5.5,5.5,4.5,5.25,5.0,5.25,5.25,5.25,5.25,5.25,5.25,5.25,3.5,6.0,4.0,6.0,5.25,7.0,3.0,5.25,6.0,5.25,6.0,3.5,6.5,6.0,8.0,5.0,5.0,5.25,5.0,5.0
Grbic Ivo,5.63,4.86,5.63,5.63,5.63,5.0,6.0,5.63,5.63,5.63,6.0,5.5,5.63,5.63,5.63,5.63,5.63,5.63,5.63,5.63,5.63,5.63,6.0,4.0,1.5,5.63,5.63,5.63,5.63,5.63,5.63,5.63,5.63,5.63,5.63,5.63,5.63,5.63,5.63,5.63
Oblak Jan,5.28,5.25,5.5,4.5,6.0,6.0,5.28,4.0,6.5,5.5,5.5,5.28,6.0,4.5,4.5,5.0,6.0,4.5,5.0,5.5,5.0,4.0,6.0,4.0,2.5,4.5,7.0,6.0,6.0,4.5,6.5,4.5,5.5,5.0,5.5,4.5,7.0,5.5,5.5,5.5
Dimitrievski Stole,5.26,5.18,7.0,6.0,4.0,4.5,4.0,4.5,4.0,5.26,6.0,5.5,4.5,7.0,4.5,6.5,6.0,4.0,6.5,5.0,5.26,5.26,7.0,5.26,3.0,3.0,5.26,5.26,5.26,5.5,5.5,6.5,4.5,4.5,6.5,5.5,7.0,2.5,5.0,5.26
Diego López Diego,2.5,5.03,2.5,2.5,2.5,2.5,2.5,2.5,2.5,2.5,2.5,2.5,2.5,2.5,2.5,2.5,2.5,2.5,2.5,2.5,2.5,2.5,4.5,4.0,4.0,5.0,5.0,4.0,6.5,5.5,5.5,2.5,7.5,4.5,3.5,3.0,5.5,7.0,6.0,7.0
Simón Unai,5.17,5.26,6.0,5.5,6.0,5.0,5.0,5.0,6.0,5.0,4.0,4.0,3.0,6.5,6.0,5.5,7.0,5.5,4.0,4.0,6.0,6.0,5.17,6.0,5.5,4.0,6.0,3.5,5.0,6.0,4.5,5.0,6.0,4.0,6.0,7.0,5.0,4.5,6.0,5.5
Mamardashvili Giorgi,5.47,5.54,6.0,5.0,6.0,6.0,6.0,6.5,5.0,5.0,4.5,6.0,4.0,4.5,5.5,6.0,6.5,5.0,5.47,5.47,5.47,5.47,5.47,5.47,6.5,5.0,3.0,5.47,5.47,7.0,7.0,6.0,6.0,4.5,5.47,6.5,7.5,3.0,5.47,5.47
Soria David,5.42,5.36,3.5,3.0,7.5,1.5,6.0,7.0,4.5,6.0,7.5,4.5,6.0,8.5,6.5,5.0,5.5,5.0,4.0,6.0,5.42,3.5,4.0,6.5,6.0,4.5,5.0,4.5,3.5,5.5,8.0,6.0,6.0,5.0,6.0,7.0,6.0,4.5,5.5,4.0
Gazzaniga Paulo,5.69,5.69,5.69,5.69,5.69,5.69,5.69,5.69,5.69,5.69,5.69,5.69,5.0,6.5,6.5,5.5,4.5,4.5,5.0,8.0,5.69,5.69,5.69,5.69,5.69,5.69,5.69,5.69,5.69,5.69,5.69,5.69,5.69,5.69,5.69,5.69,5.69,5.69,5.69,5.69
Martín Juan Carlos,4.9,4.9,5.0,5.5,6.0,5.5,6.0,5.0,2.5,4.0,5.0,4.5,4.9,4.9,4.9,4.9,4.9,4.9,4.9,4.9,4.9,4.9,4.9,4.9,4.9,4.9,4.9,4.9,4.9,4.9,4.9,4.9,4.9,4.9,4.9,4.9,4.9,4.9,4.9,4.9
Masip Jordi,5.77,5.77,5.77,5.77,5.0,5.77,5.77,5.77,7.0,6.0,5.0,7.0,6.0,6.5,5.0,4.0,6.0,5.5,7.0,5.0,5.77,5.77,5.77,5.77,5.77,5.77,5.77,5.77,5.77,5.77,5.77,5.77,5.77,5.77,5.77,5.77,5.77,5.77,5.77,5.77
Asenjo Sergio,4.3,4.94,3.0,4.0,4.3,6.0,5.0,3.5,4.3,4.3,4.3,4.3,4.3,4.3,4.3,4.3,4.3,4.3,4.3,4.3,4.3,4.3,4.3,4.3,4.3,4.3,6.0,4.3,4.3,4.3,6.5,4.3,6.5,4.3,4.3,4.0,4.3,4.3,4.3,4.3
Pepe Reina,5.88,5.88,5.88,5.88,5.88,5.88,5.88,5.88,5.88,5.88,5.88,5.88,5.88,5.88,5.88,5.88,6.0,5.5,6.0,6.0,5.88,5.88,5.88,5.88,5.88,5.88,5.88,5.88,5.88,5.88,5.88,5.88,5.88,5.88,5.88,5.88,5.88,5.88,5.88,5.88
Pacheco Fernando,6.0,4.94,6.0,6.0,6.0,6.0,6.0,6.0,6.0,6.0,6.0,6.0,6.0,6.0,6.0,6.0,6.0,6.0,6.0,6.0,6.0,6.0,2.5,5.5,3.5,6.0,5.5,4.0,6.0,5.5,3.5,4.5,7.0,7.0,4.0,6.0,3.0,5.5,4.0,6.0
Martínez Fernando,5.81,5.81,8.0,6.0,6.5,6.0,5.5,5.0,3.0,6.0,4.0,7.0,5.81,5.5,8.0,6.0,6.0,4.0,6.5,5.81,5.81,5.81,5.81,5.81,5.81,5.81,5.81,5.81,5.81,5.81,5.81,5.81,5.81,5.81,5.81,5.81,5.81,5.81,5.81,5.81
Dmitrovic Marko,5.67,5.64,5.67,5.67,5.67,5.67,5.67,6.0,5.67,5.5,5.67,5.67,5.67,5.5,5.67,5.67,5.67,5.67,5.67,5.67,5.67,6.0,5.67,4.5,5.67,5.67,5.67,5.67,5.67,5.67,6.0,5.67,5.67,5.67,5.67,5.67,5.67,5.67,5.67,6.0
Bounou Yassine,5.44,5.47,5.0,5.0,4.5,3.5,5.5,5.0,5.0,5.44,7.0,7.0,4.0,5.44,6.0,7.0,6.0,5.0,6.0,5.5,6.0,5.44,5.44,5.44,5.44,6.0,5.0,5.0,5.44,5.0,5.44,6.5,5.5,4.0,6.0,5.0,6.5,6.0,5.0,5.44
Badia Edgar,5.28,5.4,4.5,6.0,7.0,5.0,4.0,6.0,5.0,6.5,4.0,4.0,4.5,5.0,8.0,4.0,5.0,6.0,5.0,5.5,7.5,5.5,7.0,6.5,5.0,5.5,5.0,3.5,5.28,7.0,5.0,6.0,5.5,6.5,6.5,5.0,3.0,4.0,5.28,5.28
Ledesma Jeremías,5.75,5.74,6.5,4.0,4.0,3.5,3.0,8.0,7.0,5.5,6.5,6.5,4.0,6.0,6.0,5.0,8.0,6.5,6.0,7.5,5.5,4.5,6.0,8.0,4.5,6.0,4.5,6.0,7.0,4.0,6.0,6.0,4.0,8.0,6.0,6.0,6.0,4.0,6.5,6.0
